Date	WetSnow	DrySnow	BareGround
20140920	0.4174	0.7158	1.632
20140921	0.3907	0.5696	50.54
20140922	0.3892	0.561	63.07
20140923	0.3782	0.5344	70.13
20140924	0.3733	0.5335	71.25
20140925	0.3733	0.5335	71.28
20140926	0.3733	0.5335	71.28
20140927	0.3729	0.531	71.58
20140928	0.3619	0.5153	77.97
20140929	0.3588	0.5139	78.11
20140930	0.3564	0.4928	80.62
20141001	0.1929	0.2957	80.85
20141002	0.1907	0.2872	81.13
20141003	0.1496	0.2027	87.89
20141004	14.44	0.09787	79.69
20141005	17.39	1.345	77.91
20141006	8.113	0.689	89.86
20141007	7.027	0.6431	91.17
20141008	6.257	0.4891	92.26
20141009	5.884	0.4326	92.74
20141010	4.486	0.3313	94.39
20141011	4.145	0.2877	94.84
20141012	3.722	0.2577	95.33
20141013	3.717	0.2577	95.32
20141014	3.716	0.2572	95.26
20141015	3.628	0.2455	95.35
20141016	3.44	0.2406	95.34
20141017	14.0	8.351	75.42
20141018	13.86	8.085	75.49
20141019	13.27	7.13	76.91
20141020	12.82	6.785	77.7
20141021	12.6	6.641	76.85
20141022	11.52	6.128	78.17
20141023	11.36	6.105	74.9
20141024	11.08	6.019	74.99
20141025	11.08	6.019	74.89
20141026	11.04	6.019	73.98
20141027	11.14	6.232	73.32
20141028	10.41	5.258	73.6
20141029	9.958	4.922	71.65
20141030	9.779	4.814	71.16
20141031	9.573	18.05	63.45
20141101	9.502	18.03	63.18
20141102	8.606	17.36	59.42
20141103	12.74	21.97	51.7
20141104	12.49	21.83	50.81
20141105	12.49	21.75	51.14
20141106	12.49	21.75	51.13
20141107	37.81	17.54	33.52
20141108	37.76	17.51	32.98
20141109	39.2	16.98	31.78
20141110	43.89	15.43	26.63
20141111	43.6	13.27	23.95
20141112	43.58	13.12	23.76
20141113	43.35	12.48	21.01
20141114	45.38	11.7	19.65
20141115	45.04	10.89	16.82
20141116	42.72	0.5073	0.1404
20141117	42.72	0.4499	0.0
20141118	24.3	0.4499	0.0
20141119	31.39	0.3936	8.913e-05
20141120	30.99	0.3936	0.0
20141121	26.89	0.4654	8.913e-05
20141122	30.9	0.4168	8.913e-05
20141123	30.9	0.4168	0.0
20141124	30.9	0.4169	0.0
20141125	22.08	0.4168	0.0
20141126	24.5	0.4184	8.913e-05
20141127	24.5	0.4184	0.0
20141128	24.5	0.4184	0.0
20141129	25.57	0.6153	8.913e-05
20141130	21.01	0.6153	0.0
20141201	34.26	0.7169	8.913e-05
20141202	32.71	0.7169	0.0
20141203	26.74	0.7413	8.913e-05
20141204	27.85	0.7143	8.913e-05
20141205	27.85	0.7143	0.0
20141206	27.85	0.7143	0.0
20141207	24.45	0.7143	0.0
20141208	25.52	0.7233	8.913e-05
20141209	25.52	0.7233	0.0
20141210	18.86	0.7233	0.0
20141211	18.86	0.7233	0.0
20141212	5.074	0.7233	0.0
20141213	5.074	0.7233	0.0
20141214	4.685	0.7233	0.0
20141215	6.968	0.7514	8.913e-05
20141216	13.26	0.7485	8.913e-05
20141217	13.26	0.7485	0.0
20141218	13.26	0.7486	0.0
20141219	12.04	0.7485	0.0
20141220	14.28	0.7517	8.913e-05
20141221	14.28	0.7517	0.0
20141222	14.28	0.7517	0.0
20141223	14.28	0.7517	0.0
20141224	14.28	0.7517	0.0
20141225	14.28	0.7517	0.0
20141226	13.29	0.7517	0.0
20141227	10.41	0.7547	8.913e-05
20141228	14.21	0.7588	8.913e-05
20141229	14.21	0.7588	0.0
20141230	21.15	0.6902	8.913e-05
20141231	18.91	0.6902	0.0
20150101	32.1	0.6834	8.913e-05
20150102	32.1	0.6834	0.0
20150103	32.1	0.6834	0.0
20150104	48.2	0.6402	8.913e-05
20150105	48.2	0.6402	0.0
20150106	48.2	0.6402	0.0
20150107	46.71	0.6402	0.0
20150108	42.22	0.7345	8.913e-05
20150109	42.49	0.7525	8.913e-05
20150110	41.36	0.7525	0.0
20150111	41.36	0.7525	0.0
20150112	27.62	0.7525	0.0
20150113	28.3	0.7534	8.913e-05
20150114	28.3	0.7534	0.0
20150115	2.608	0.7534	0.0
20150116	7.112	0.7593	8.913e-05
20150117	7.112	0.7593	0.0
20150118	7.112	0.7593	0.0
20150119	6.987	0.7593	0.0
20150120	6.469	0.7593	0.0
20150121	12.63	0.7593	8.913e-05
20150122	12.63	0.7593	0.0
20150123	12.63	0.7593	0.0
20150124	12.21	0.7593	0.0
20150125	12.21	0.7593	0.0
20150126	12.21	0.7593	0.0
20150127	11.73	0.7593	0.0
20150128	11.73	0.7593	0.0
20150129	11.73	0.7593	0.0
20150130	16.83	0.7582	8.913e-05
20150131	16.83	0.7582	0.0
20150201	15.87	0.7582	0.0
20150202	15.87	0.7582	0.0
20150203	15.87	0.7582	0.0
20150204	15.87	0.7708	0.04804
20150205	15.83	0.7707	0.3388
20150206	15.78	8.502	0.348
20150207	15.31	8.488	1.472
20150208	15.29	8.488	1.504
20150209	15.29	8.488	1.504
20150210	7.309	8.286	1.504
20150211	7.19	8.129	4.031
20150212	7.19	8.129	4.054
20150213	12.8	29.71	2.983
20150214	17.24	49.09	2.135
20150215	17.24	49.09	2.122
20150216	15.8	47.93	5.394
20150217	15.79	47.79	5.392
20150218	15.7	47.65	5.608
20150219	15.69	47.64	5.588
20150220	15.66	47.61	5.668
20150221	15.62	47.58	5.761
20150222	15.57	47.34	5.542
20150223	14.66	46.5	7.669
20150224	14.56	44.46	7.834
20150225	14.02	41.87	7.837
20150226	10.52	53.8	5.981
20150227	10.28	52.4	5.7
20150228	10.28	52.4	5.7
20150301	10.16	50.92	5.599
20150302	8.616	62.89	4.506
20150303	8.539	62.47	4.438
20150304	8.216	60.76	6.435
20150305	3.531	91.34	1.61
20150306	3.515	91.01	1.651
20150307	3.514	90.95	1.647
20150308	3.457	90.33	1.981
20150309	3.435	90.09	2.025
20150310	4.747	89.11	1.825
20150311	4.64	88.88	2.115
20150312	4.304	89.02	2.325
20150313	4.298	88.43	2.307
20150314	8.194	85.7	2.354
20150315	7.88	83.86	4.24
20150316	7.629	81.8	5.495
20150317	7.625	81.71	5.606
20150318	7.625	81.71	5.606
20150319	23.33	68.9	3.3
20150320	22.86	68.63	4.036
20150321	24.83	67.87	2.99
20150322	25.66	67.15	2.89
20150323	25.65	67.14	2.899
20150324	22.86	70.14	2.854
20150325	22.85	70.14	2.873
20150326	19.61	74.61	2.266
20150327	19.39	67.12	2.074
20150328	19.33	66.82	2.174
20150329	19.29	66.37	2.174
20150330	18.91	65.55	2.167
20150331	18.36	61.86	2.07
20150401	17.96	61.01	2.247
20150402	15.86	62.9	2.131
20150403	15.82	62.5	2.112
20150404	15.25	60.97	2.079
20150405	14.75	59.67	2.068
20150406	9.723	37.97	1.599
20150407	18.06	35.88	1.617
20150408	15.12	29.37	1.257
20150409	15.12	29.37	1.257
20150410	25.76	37.67	0.8185
20150411	25.73	37.64	0.8716
20150412	21.42	42.57	0.2943
20150413	21.35	37.28	0.2867
20150414	20.19	40.59	0.2448
20150415	11.29	66.45	0.5229
20150416	11.28	66.15	0.8324
20150417	11.28	65.96	0.82
20150418	9.614	65.43	0.82
20150419	9.604	65.26	0.9154
20150420	9.564	65.07	0.9243
20150421	9.237	64.29	0.9422
20150422	35.16	47.08	0.9118
20150423	35.06	44.93	1.133
20150424	30.21	63.74	1.731
20150425	30.04	63.35	2.334
20150426	17.98	78.13	2.009
20150427	17.08	79.93	1.881
20150428	17.08	79.87	1.947
20150429	17.0	79.36	2.541
20150430	16.95	79.03	2.905
20150501	17.56	78.28	3.062
20150502	17.53	78.0	3.371
20150503	17.53	77.98	3.389
20150504	18.99	77.13	3.16
20150505	18.99	77.12	3.158
20150506	51.4	45.02	2.94
20150507	51.39	44.92	2.964
20150508	64.32	32.09	2.968
20150509	68.49	27.96	2.933
20150510	68.31	26.5	4.584
20150511	68.14	24.62	5.311
20150512	68.1	23.34	5.16
20150513	63.93	23.29	5.034
20150514	63.93	23.26	4.998
20150515	62.89	20.08	4.809
20150516	54.85	33.73	9.796
20150517	54.71	33.39	10.38
20150518	49.87	37.26	11.86
20150519	49.84	37.21	11.86
20150520	51.0	35.84	12.29
20150521	55.29	31.53	12.15
20150522	54.95	30.94	13.1
20150523	54.82	30.52	13.69
20150524	54.79	30.45	13.72
20150525	54.74	30.14	14.12
20150526	54.01	27.27	18.02
20150527	53.71	26.1	18.83
20150528	53.7	25.99	18.81
20150529	53.32	22.91	19.63
20150530	53.25	22.44	20.4
20150531	52.94	21.27	20.32
20150601	45.96	25.87	24.19
20150602	48.63	23.85	23.71
20150603	47.25	22.13	27.4
20150604	46.82	21.39	28.8
20150605	46.51	20.9	29.11
20150606	39.24	21.66	30.5
20150607	38.85	20.93	30.39
20150608	38.58	20.45	32.44
20150609	41.61	18.0	31.4
20150610	41.31	17.79	31.35
20150611	41.19	18.35	32.76
20150612	40.6	15.05	32.08
20150613	40.31	15.18	32.94
20150614	39.35	11.59	28.46
20150615	38.58	11.01	31.97
20150616	38.51	10.89	32.8
20150617	37.97	8.363	33.72
20150618	36.2	9.168	37.52
20150619	35.41	7.843	39.1
20150620	34.44	7.2	43.61
20150621	34.2	7.096	44.29
20150622	32.96	5.776	48.26
20150623	32.79	5.361	47.69
20150624	31.93	4.877	47.35
20150625	29.01	5.384	45.65
20150626	29.97	5.148	45.42
20150627	29.02	4.669	48.15
20150628	28.62	4.523	48.57
20150629	26.96	3.606	52.06
20150630	23.33	7.562	57.32
20150701	20.71	6.784	62.84
20150702	20.62	6.726	62.8
20150703	23.36	5.84	59.2
20150704	23.01	5.813	59.81
20150705	22.8	5.789	59.96
20150706	22.4	5.661	59.96
20150707	22.71	5.441	59.06
20150708	23.23	5.258	58.69
20150709	21.42	5.107	63.12
20150710	19.14	5.473	66.84
20150711	18.35	4.339	66.93
20150712	16.05	3.521	66.99
20150713	11.61	3.285	79.39
20150714	10.27	3.17	81.72
20150715	16.04	3.265	76.42
20150716	16.04	3.218	76.43
20150717	16.77	3.153	75.77
20150718	15.27	3.068	77.45
20150719	14.75	3.335	77.49
20150720	15.64	3.242	76.54
20150721	13.8	2.531	78.42
20150722	12.56	2.605	80.03
20150723	10.42	2.322	82.87
20150724	11.55	2.692	80.45
20150725	11.19	2.498	79.18
20150726	10.34	2.222	76.8
20150727	12.26	2.22	74.91
20150728	9.44	1.92	81.22
20150729	11.29	1.662	78.76
20150730	11.03	1.505	78.06
20150731	10.45	1.48	78.43
20150801	11.01	1.424	76.42
20150802	10.64	0.9051	70.07
20150803	10.39	0.6652	56.7
20150804	8.741	0.3963	66.31
20150805	7.79	0.4186	71.97
20150806	7.742	0.4087	71.64
20150807	6.551	0.3867	77.94
20150808	8.121	0.2612	63.49
20150809	6.338	0.2488	70.72
20150810	5.323	0.2379	79.75
20150811	5.27	0.2379	78.99
20150812	5.781	0.3564	81.18
20150813	7.035	0.9015	80.15
20150814	6.945	0.8324	80.5
20150815	3.064	0.6136	93.08
20150816	1.35	0.4161	96.23
20150817	1.559	0.3726	96.73
20150818	0.7927	0.2807	97.68
20150819	0.6572	0.2897	98.0
20150820	2.558	0.3562	96.17
20150821	0.6957	0.2046	98.25
20150822	0.4572	0.1599	98.59
20150823	0.4508	0.1599	98.59
20150824	1.373	0.3654	97.48
20150825	2.365	0.4972	96.4
20150826	1.578	0.3684	97.28
20150827	1.788	0.358	97.06
20150828	1.772	0.3532	97.06
20150829	2.564	0.4123	96.19
20150830	2.448	0.4102	96.26
20150831	2.506	0.4316	96.07
20150901	4.373	0.4594	93.97
20150902	3.824	0.4346	92.39
20150903	3.823	0.43	92.02
20150904	3.793	0.4041	89.74
20150905	5.284	0.6894	75.35
20150906	5.895	1.539	69.86
20150907	5.765	1.484	56.81
20150908	5.901	1.465	49.24
20150909	5.772	1.408	40.69
20150910	1.847	0.6693	93.44
20150911	0.6968	0.3354	97.47
20150912	0.4666	0.2454	98.04
20150913	1.951	0.4956	96.54
20150914	0.7883	0.3281	97.96
20150915	0.7253	0.2899	98.1
20150916	0.644	0.2768	98.22
20150917	1.871	0.552	96.69
20150918	2.849	1.051	95.22
20150919	2.785	1.047	95.26
20150920	2.94	1.034	95.12
20150921	1.887	0.7936	96.32
20150922	1.728	0.751	96.44
20150923	2.929	0.8551	94.96
20150924	1.568	0.4187	96.08
20150925	3.284	0.424	91.8
20150926	3.283	0.4206	91.53
20150927	4.969	0.4938	89.97
20150928	4.794	0.4696	89.93
20150929	4.577	0.5108	90.29
20150930	7.019	6.622	83.55
20151001	6.993	6.599	83.6
20151002	8.191	8.544	79.77
20151003	8.117	7.931	80.39
20151004	8.525	17.61	70.58
20151005	8.7	50.87	37.14
20151006	7.963	50.12	36.28
20151007	7.698	46.91	40.1
20151008	7.471	43.38	44.11
20151009	7.264	40.42	47.49
20151010	7.118	37.88	50.34
20151011	9.358	46.53	41.41
20151012	14.8	48.42	34.63
20151013	14.79	47.83	35.15
20151014	15.14	47.56	34.94
20151015	15.05	46.88	35.58
20151016	16.2	45.52	35.64
20151017	18.88	41.36	36.73
20151018	18.47	38.8	39.19
20151019	17.52	33.75	44.43
20151020	17.51	32.11	43.64
20151021	17.23	24.74	35.57
20151022	15.66	11.01	41.42
20151023	13.77	13.96	40.74
20151024	14.8	13.19	39.43
20151025	14.6	13.07	40.84
20151026	14.94	12.69	40.25
20151027	14.25	11.5	40.11
20151028	10.2	30.7	30.54
20151029	9.547	40.62	25.5
20151030	8.681	39.22	29.68
20151031	10.19	51.23	22.42
20151101	10.16	51.22	22.36
20151102	9.992	49.93	23.02
20151103	9.72	48.07	25.27
20151104	20.02	46.21	21.95
20151105	21.52	56.81	14.94
20151106	21.52	56.81	14.91
20151107	21.46	56.67	14.78
20151108	21.43	56.09	14.55
20151109	21.4	55.22	14.34
20151110	21.25	51.65	11.09
20151111	20.47	48.31	10.74
20151112	20.94	47.84	10.43
20151113	20.8	45.74	9.231
20151114	20.56	40.96	5.202
20151115	18.33	34.53	3.079
20151116	17.18	2.874	0.4327
20151117	18.37	2.547	0.428
20151118	18.15	0.8062	0.1387
20151119	18.11	0.3141	0.0
20151120	18.11	0.3141	0.0
20151121	16.98	0.3141	0.0
20151122	26.07	0.4564	8.913e-05
20151123	21.18	0.4564	0.0
20151124	21.52	0.4187	8.913e-05
20151125	20.49	0.4187	0.0
20151126	20.68	0.5557	8.913e-05
20151127	19.51	0.5557	0.0
20151128	18.0	0.5696	8.913e-05
20151129	18.11	0.5369	8.913e-05
20151130	18.11	0.5369	0.0
20151201	18.11	0.5369	0.0
20151202	18.11	0.5369	0.0
20151203	5.564	0.5369	0.0
20151204	5.527	0.6159	8.913e-05
20151205	4.082	0.6159	0.0
20151206	4.32	0.564	8.913e-05
20151207	3.766	0.564	0.0
20151208	3.893	0.7	8.913e-05
20151209	3.109	0.7	8.913e-05
20151210	1.621	0.7088	8.913e-05
20151211	1.621	0.7088	0.0
20151212	1.621	0.7088	0.0
20151213	1.621	0.7088	0.0
20151214	1.621	0.7088	0.0
20151215	1.546	0.7088	0.0
20151216	1.539	0.7181	8.913e-05
20151217	1.033	0.7181	0.0
20151218	1.06	0.7078	8.913e-05
20151219	0.7722	0.7078	0.0
20151220	18.54	0.3721	8.913e-05
20151221	18.41	0.3721	0.0
20151222	23.3	0.4814	8.913e-05
20151223	27.73	0.5483	8.913e-05
20151224	27.73	0.5483	0.0
20151225	27.73	0.5483	0.0
20151226	27.73	0.5483	0.0
20151227	27.73	0.5483	0.0
20151228	27.89	0.6934	8.913e-05
20151229	27.88	0.6934	0.0
20151230	27.9	0.6854	8.913e-05
20151231	21.09	0.6854	0.0
20160101	21.05	0.7318	8.913e-05
20160102	17.17	0.7318	0.0
20160103	3.101	0.7393	8.913e-05
20160104	3.119	0.7279	8.913e-05
20160105	3.12	0.7279	0.0
20160106	3.12	0.7279	0.0
20160107	3.12	0.7279	0.0
20160108	1.405	0.7279	0.0
20160109	1.387	0.7525	8.913e-05
20160110	0.3396	0.7525	0.0
20160111	1.891	0.7474	8.913e-05
20160112	1.755	0.7474	0.0
20160113	6.864	0.7602	8.913e-05
20160114	6.816	0.7602	0.0
20160115	6.803	0.7602	8.913e-05
20160116	6.847	0.7535	8.913e-05
20160117	6.847	0.7535	0.0
20160118	6.847	0.7535	0.0
20160119	6.847	0.7535	0.0
20160120	6.845	0.7535	0.0
20160121	6.842	0.7606	8.913e-05
20160122	6.453	0.7606	0.0
20160123	6.481	0.7585	8.913e-05
20160124	0.9625	0.7585	0.0
20160125	1.727	0.7611	8.913e-05
20160126	1.238	0.7611	8.913e-05
20160127	1.042	0.7611	8.913e-05
20160128	1.043	0.7607	8.913e-05
20160129	1.043	0.7607	0.0
20160130	1.043	0.7607	0.0
20160131	1.043	0.7607	0.0
20160201	0.983	0.7607	0.0
20160202	0.9882	0.7611	8.913e-05
20160203	0.9397	0.7611	0.003922
20160204	1.02	2.603	0.02059
20160205	0.153	2.603	0.1407
20160206	1.337	2.603	0.1303
20160207	1.323	4.302	0.9404
20160208	1.331	5.179	0.9344
20160209	1.323	9.223	0.9382
20160210	1.323	9.206	1.174
20160211	1.323	9.202	1.222
20160212	1.323	9.202	1.235
20160213	1.321	9.202	1.257
20160214	0.8779	24.94	1.18
20160215	0.8642	24.84	1.477
20160216	0.7428	39.0	1.287
20160217	0.6862	39.0	1.287
20160218	0.5864	38.51	1.012
20160219	0.5811	38.68	1.13
20160220	0.5757	51.7	0.8562
20160221	0.3818	57.14	0.8017
20160222	0.3529	56.77	1.23
20160223	0.3529	56.77	1.23
20160224	0.3529	56.68	1.411
20160225	0.3515	55.33	1.674
20160226	0.04697	93.2	0.4306
20160227	0.04662	92.89	0.7379
20160228	0.7919	93.18	0.6566
20160229	0.792	93.17	0.6677
20160301	0.7558	97.86	0.237
20160302	0.7558	97.85	0.237
20160303	0.8001	97.79	0.2363
20160304	0.5654	97.88	0.9802
20160305	0.5655	97.71	1.15
20160306	0.5655	97.68	1.15
20160307	0.5655	97.63	1.15
20160308	0.5655	95.48	1.172
20160309	0.1467	96.16	2.069
20160310	0.1464	96.08	2.122
20160311	0.7995	96.56	1.764
20160312	0.799	96.44	1.764
20160313	0.799	96.43	1.773
20160314	1.095	96.13	1.782
20160315	15.39	81.68	1.949
20160316	28.22	69.16	1.684
20160317	28.22	68.98	1.782
20160318	28.2	68.85	1.922
20160319	28.18	68.68	2.044
20160320	28.16	66.2	2.116
20160321	34.03	62.4	0.5026
20160322	34.02	57.77	0.4724
20160323	34.56	57.5	0.4555
20160324	34.26	56.93	0.9748
20160325	24.22	67.8	0.5463
20160326	23.08	68.08	0.5818
20160327	22.92	67.06	0.5639
20160328	20.01	71.2	0.6742
20160329	19.79	70.99	0.6746
20160330	19.62	70.06	1.651
20160331	19.31	69.66	1.986
20160401	19.09	68.51	2.796
20160402	6.347	90.58	1.733
20160403	6.288	90.34	2.021
20160404	2.807	94.13	1.801
20160405	2.768	93.69	2.293
20160406	3.914	92.9	1.959
20160407	4.197	92.61	1.962
20160408	5.594	91.24	1.926
20160409	6.256	90.62	1.894
20160410	6.254	90.61	1.875
20160411	6.252	90.54	1.938
20160412	6.252	90.53	1.929
20160413	6.247	89.21	1.96
20160414	14.01	81.2	1.827
20160415	13.99	76.19	1.998
20160416	12.58	63.58	1.783
20160417	12.27	52.64	1.441
20160418	3.846	92.1	1.812
20160419	3.956	91.55	2.333
20160420	5.237	90.51	2.463
20160421	1.377	95.26	2.538
20160422	1.343	94.92	2.939
20160423	1.34	94.79	3.079
20160424	1.331	94.48	3.429
20160425	1.307	94.09	3.907
20160426	1.464	94.21	3.622
20160427	1.464	94.21	3.623
20160428	43.55	50.79	5.163
20160429	43.27	49.85	6.39
20160430	55.55	36.0	7.991
20160501	55.52	34.79	9.234
20160502	49.61	39.45	10.48
20160503	49.75	39.35	10.45
20160504	49.75	39.33	10.46
20160505	49.75	39.32	10.47
20160506	49.57	38.84	11.03
20160507	49.57	38.8	11.05
20160508	51.89	36.3	11.22
20160509	51.84	35.63	11.47
20160510	52.68	34.06	12.03
20160511	52.59	33.23	11.83
20160512	52.61	32.05	11.7
20160513	51.18	22.9	12.37
20160514	43.71	25.53	13.03
20160515	44.37	24.78	14.25
20160516	44.27	24.07	14.06
20160517	43.27	20.49	16.14
20160518	43.06	19.69	18.22
20160519	42.27	19.04	19.73
20160520	37.67	26.63	22.84
20160521	36.98	25.82	22.62
20160522	38.66	25.07	28.76
20160523	38.27	24.77	28.75
20160524	38.0	24.15	29.51
20160525	37.51	22.21	29.48
20160526	30.24	24.92	39.13
20160527	29.55	20.2	48.5
20160528	29.3	19.94	49.02
20160529	25.83	17.86	55.19
20160530	24.15	15.59	59.42
20160531	22.24	15.34	61.79
20160601	23.87	13.91	61.61
20160602	20.88	12.42	65.85
20160603	27.57	11.01	60.59
20160604	27.5	10.88	60.71
20160605	30.61	9.716	58.78
20160606	29.74	8.43	59.92
20160607	29.47	6.655	59.05
20160608	30.64	6.384	58.05
20160609	30.56	5.484	57.76
20160610	28.75	5.07	59.44
20160611	27.28	4.366	60.67
20160612	28.71	4.357	58.99
20160613	29.29	3.27	52.35
20160614	29.04	2.832	51.39
20160615	34.12	3.186	48.79
20160616	33.55	3.148	48.69
20160617	33.33	2.929	46.18
20160618	33.31	2.922	46.21
20160619	32.81	2.854	46.19
20160620	32.81	2.854	45.97
20160621	32.12	2.331	36.96
20160622	31.65	1.502	14.65
20160623	30.09	1.397	21.07
20160624	27.62	1.049	28.43
20160625	25.78	0.8979	37.51
20160626	1.557	0.04697	65.53
20160627	1.329	0.02843	80.52
20160628	1.317	0.0279	80.46
20160629	10.41	0.607	76.73
20160630	7.732	0.3066	82.7
20160701	8.715	0.6236	82.42
20160702	7.831	0.5974	84.14
20160703	7.128	0.5713	85.66
20160704	6.437	0.6146	87.19
20160705	6.347	0.6128	87.17
20160706	8.097	0.664	85.24
20160707	8.815	1.29	83.23
20160708	7.852	1.183	83.11
20160709	8.938	1.089	82.28
20160710	8.262	1.057	81.86
20160711	7.735	1.169	76.74
20160712	4.001	0.4269	89.66
20160713	3.801	0.6726	90.08
20160714	5.747	0.8063	86.7
20160715	5.355	0.6023	85.18
20160716	5.367	0.5595	85.21
20160717	5.126	0.5529	85.83
20160718	6.599	0.5196	84.35
20160719	6.729	0.6397	84.21
20160720	5.734	0.5328	86.23
20160721	3.8	0.3277	93.72
20160722	0.6488	0.1464	98.16
20160723	1.562	0.4091	97.08
20160724	1.429	0.3341	97.23
20160725	2.161	0.3346	96.48
20160726	2.743	0.4255	95.93
20160727	2.64	0.4145	96.06
20160728	2.651	0.4253	96.03
20160729	2.39	0.4137	96.32
20160730	1.932	0.4634	96.76
20160731	2.49	0.4917	96.18
20160801	2.471	0.4717	96.1
20160802	4.006	0.3652	93.49
20160803	3.81	0.3427	90.87
20160804	3.312	0.6649	91.51
20160805	1.756	0.4607	94.98
20160806	2.555	0.5073	92.45
20160807	3.758	0.4757	90.97
20160808	3.745	0.4751	90.99
20160809	3.747	0.4852	90.14
20160810	2.687	0.3264	88.08
20160811	4.204	0.3228	86.05
20160812	4.621	0.3687	85.57
20160813	3.6	0.3047	89.4
20160814	4.888	0.2556	89.97
20160815	3.49	0.1884	91.93
20160816	1.939	0.3778	93.31
20160817	0.698	0.1653	97.7
20160818	0.7085	0.4148	97.87
20160819	1.49	0.4049	97.11
20160820	0.9717	0.2857	97.81
20160821	1.104	0.4622	97.52
20160822	0.3317	0.1177	98.9
20160823	2.236	0.3555	96.78
20160824	2.212	0.5005	96.69
20160825	2.2	0.5005	96.7
20160826	4.136	0.4951	94.75
20160827	3.882	0.4541	95.03
20160828	7.555	0.4343	91.37
20160829	7.335	0.4422	91.51
20160830	7.381	0.6172	91.28
20160831	7.806	0.7	90.72
20160901	7.751	0.6999	90.71
20160902	7.762	0.7138	89.88
20160903	5.409	0.4419	92.67
20160904	6.436	0.796	62.59
20160905	9.119	2.014	67.56
20160906	7.762	1.657	75.06
20160907	9.354	7.245	69.19
20160908	8.642	6.349	71.19
20160909	7.961	6.069	72.61
20160910	3.881	1.432	87.21
20160911	4.468	1.543	86.88
20160912	5.161	2.201	85.93
20160913	3.551	1.488	90.64
20160914	3.577	1.476	89.89
20160915	3.42	1.334	90.85
20160916	1.803	0.5591	97.03
20160917	1.546	0.5681	97.31
20160918	1.334	0.526	97.57
20160919	2.563	4.172	92.68
20160920	2.34	3.776	93.32
20160921	2.262	1.07	96.11
20160922	0.6766	0.469	98.29
20160923	1.482	0.5708	97.39
20160924	2.9	0.5086	96.03
20160925	2.874	0.4994	96.06
20160926	2.685	0.5081	96.22
20160927	5.686	0.4922	89.62
20160928	5.73	5.69	83.11
20160929	6.903	5.221	83.47
20160930	9.386	8.076	78.16
20161001	10.61	8.822	76.03
20161002	10.99	9.718	76.28
20161003	13.26	15.58	64.7
20161004	12.34	29.66	54.61
20161005	16.3	27.02	53.59
20161006	16.58	26.88	53.46
20161007	14.6	21.88	60.6
20161008	11.18	15.74	70.32
20161009	10.07	4.581	84.16
20161010	4.807	3.86	90.28
20161011	10.12	3.479	85.4
20161012	12.5	3.188	83.27
20161013	12.84	3.095	82.74
20161014	13.25	2.867	82.36
20161015	6.004	2.766	88.22
20161016	13.16	2.791	81.73
20161017	15.69	3.688	78.63
20161018	10.43	5.787	81.81
20161019	13.45	6.812	78.03
20161020	4.746	4.836	89.11
20161021	11.3	6.964	80.68
20161022	5.311	5.307	88.32
20161023	12.4	7.459	79.1
20161024	24.2	7.717	67.08
20161025	23.61	10.13	65.21
20161026	12.62	9.449	76.95
20161027	10.82	14.69	73.4
20161028	17.05	19.23	62.58
20161029	25.75	23.96	49.27
20161030	21.29	35.56	41.7
20161031	30.08	44.33	23.89
20161101	24.19	44.64	29.01
20161102	23.83	44.2	29.45
20161103	23.52	51.74	21.96
20161104	26.75	53.79	16.5
20161105	24.5	51.37	21.17
20161106	40.71	45.3	10.94
20161107	40.4	44.92	11.39
20161108	46.95	41.12	8.245
20161109	47.06	40.39	7.797
20161110	49.48	38.24	6.901
20161111	50.35	33.73	5.966
20161112	49.69	30.44	4.592
20161113	49.64	29.07	4.116
20161114	49.52	22.71	3.798
20161115	49.39	18.93	3.495
20161116	48.77	7.142	1.315
20161117	46.79	4.597	1.099
20161118	47.6	0.7115	8.913e-05
20161119	43.94	0.7115	0.0
20161120	43.88	0.7115	0.0
20161121	39.09	0.712	8.913e-05
20161122	18.51	0.7355	8.913e-05
20161123	22.72	0.7246	8.913e-05
20161124	22.41	0.7246	0.0
20161125	22.77	0.7284	8.913e-05
20161126	22.25	0.7284	0.0
20161127	25.14	0.7507	8.913e-05
20161128	28.54	0.7353	8.913e-05
20161129	27.56	0.7353	0.0
20161130	28.51	0.7408	8.913e-05
20161201	28.51	0.7408	0.0
20161202	27.72	0.7408	0.0
20161203	24.78	0.7409	8.913e-05
20161204	23.5	0.7567	8.913e-05
20161205	23.68	0.7495	8.913e-05
20161206	23.35	0.7495	0.0
20161207	23.4	0.75	8.913e-05
20161208	19.42	0.75	0.0
20161209	12.33	0.7608	8.913e-05
20161210	12.59	0.7598	8.913e-05
20161211	9.955	0.7598	0.0
20161212	10.19	0.7604	8.913e-05
20161213	10.19	0.7604	0.0
20161214	12.73	0.7511	8.913e-05
20161215	8.152	0.7511	8.913e-05
20161216	14.91	0.4693	8.913e-05
20161217	30.37	0.3203	8.913e-05
20161218	30.31	0.3203	0.0
20161219	30.31	0.3203	0.0
20161220	29.2	0.3203	0.0
20161221	37.54	0.224	8.913e-05
20161222	40.56	0.2392	8.913e-05
20161223	40.38	0.2392	0.0
20161224	49.15	0.3479	8.913e-05
20161225	52.59	0.3491	8.913e-05
20161226	53.78	0.4723	8.913e-05
20161227	54.36	0.4428	0.0
20161228	51.6	0.4432	8.913e-05
20161229	51.68	0.4858	8.913e-05
20161230	52.01	0.4826	8.913e-05
20161231	52.0	0.5161	8.913e-05
20170101	36.01	0.5582	8.913e-05
20170102	34.52	0.5594	8.913e-05
20170103	39.66	0.6044	8.913e-05
20170104	40.22	0.6045	8.913e-05
20170105	39.75	0.6606	8.913e-05
20170106	36.0	0.6594	8.913e-05
20170107	35.88	0.7295	8.913e-05
20170108	33.4	0.6985	8.913e-05
20170109	34.63	0.7061	8.913e-05
20170110	31.85	0.7437	8.913e-05
20170111	24.39	0.7341	8.913e-05
20170112	20.93	0.7395	8.913e-05
20170113	23.3	0.7499	8.913e-05
20170114	23.19	0.7505	8.913e-05
20170115	21.16	0.7509	8.913e-05
20170116	19.1	0.7499	8.913e-05
20170117	17.16	0.7528	8.913e-05
20170118	13.67	0.7517	8.913e-05
20170119	13.66	0.7517	0.0
20170120	16.11	0.7527	8.913e-05
20170121	17.24	0.7566	8.913e-05
20170122	14.66	0.7596	8.913e-05
20170123	13.8	0.758	8.913e-05
20170124	13.5	0.7592	8.913e-05
20170125	32.97	0.6209	8.913e-05
20170126	35.3	0.6208	8.913e-05
20170127	57.39	0.2931	8.913e-05
20170128	58.56	0.445	8.913e-05
20170129	58.62	0.5071	8.913e-05
20170130	63.04	0.512	8.913e-05
20170131	68.87	0.5966	8.913e-05
20170201	74.0	0.5805	8.913e-05
20170202	73.97	0.611	8.913e-05
20170203	62.53	6.042	0.05803
20170204	52.5	5.963	0.05803
20170205	36.88	19.42	0.6505
20170206	22.25	58.21	0.5098
20170207	5.299	88.88	0.3486
20170208	5.994	89.22	0.51
20170209	6.138	91.31	0.3277
20170210	6.087	91.24	0.4187
20170211	4.529	93.15	0.4694
20170212	9.656	88.05	0.4482
20170213	37.08	60.42	0.4292
20170214	45.47	51.97	0.6082
20170215	45.33	51.75	0.5995
20170216	45.17	51.24	0.5948
20170217	42.96	51.19	0.5985
20170218	54.36	29.57	0.2522
20170219	48.2	38.34	0.2586
20170220	36.43	43.25	0.2367
20170221	30.87	45.41	0.1597
20170222	25.36	56.12	0.5323
20170223	24.35	56.28	0.516
20170224	23.94	55.96	0.5144
20170225	8.277	69.81	1.264
20170226	5.313	75.77	1.282
20170227	1.66	88.95	0.4176
20170228	1.627	91.33	0.3113
20170301	1.341	89.91	0.471
20170302	1.505	91.77	0.3094
20170303	0.6542	93.62	0.52
20170304	1.232	92.4	0.6655
20170305	1.176	93.15	0.6036
20170306	0.7836	97.3	0.2311
20170307	0.8108	97.13	0.2155
20170308	0.4225	98.06	0.1414
20170309	0.5914	97.83	0.109
20170310	0.6767	97.19	0.4586
20170311	0.6475	97.02	0.4286
20170312	0.6147	96.81	0.47
20170313	0.5856	94.84	0.4632
20170314	0.6518	73.6	0.4497
20170315	0.5524	58.66	0.3422
20170316	1.629	49.16	0.5097
20170317	2.207	62.54	0.409
20170318	1.786	68.76	0.3255
20170319	2.128	69.12	0.2934
20170320	2.128	67.46	0.2934
20170321	2.101	67.82	0.2845
20170322	0.4649	79.82	0.1874
20170323	0.4077	77.36	0.1554
20170324	0.2986	80.23	0.2864
20170325	0.23	77.72	0.3701
20170326	1.64	75.96	0.3629
20170327	4.497	74.75	0.337
20170328	13.02	68.43	0.1878
20170329	13.64	54.0	0.1394
20170330	13.39	52.81	0.1289
20170331	12.58	45.33	0.06997
20170401	11.45	45.51	0.03271
20170402	3.695	75.64	0.0189
20170403	4.296	73.85	0.01872
20170404	22.05	60.4	0.01587
20170405	38.15	48.29	0.06141
20170406	37.58	48.01	0.107
20170407	42.81	42.75	0.1322
20170408	21.96	73.48	0.02219
20170409	26.86	66.7	0.01792
20170410	26.93	66.72	0.02469
20170411	26.91	66.05	0.02469
20170412	22.75	67.64	0.01827
20170413	11.41	82.52	0.0336
20170414	8.857	84.6	0.03851
20170415	9.663	63.12	0.03503
20170416	9.45	63.4	0.05829
20170417	7.331	76.48	0.03842
20170418	7.229	76.48	0.03842
20170419	7.17	75.45	0.03842
20170420	7.097	71.69	0.03699
20170421	4.393	74.19	0.07166
20170422	3.112	67.85	0.07915
20170423	0.7708	86.75	0.09163
20170424	0.8555	73.04	0.0992
20170425	2.215	87.77	0.1375
20170426	4.213	93.48	0.122
20170427	4.052	94.04	0.1587
20170428	1.29	97.99	0.1743
20170429	1.392	97.88	0.193
20170430	1.503	97.76	0.193
20170501	2.874	96.31	0.1907
20170502	4.01	95.14	0.1738
20170503	11.01	88.08	0.1768
20170504	12.63	86.32	0.1576
20170505	59.75	38.87	0.1446
20170506	62.9	13.46	0.05143
20170507	64.97	14.74	0.06195
20170508	67.36	16.11	0.1233
20170509	60.23	25.47	0.1792
20170510	59.27	22.72	0.2325
20170511	43.12	48.09	0.2648
20170512	30.62	53.29	0.415
20170513	24.75	62.26	0.6193
20170514	16.53	78.57	0.999
20170515	26.37	71.33	1.153
20170516	21.88	75.87	1.155
20170517	31.27	66.46	1.149
20170518	46.13	51.43	1.294
20170519	67.93	29.55	1.331
20170520	70.89	26.46	1.261
20170521	72.78	24.18	1.118
20170522	71.04	12.9	0.714
20170523	70.8	12.25	0.8717
20170524	69.79	12.97	0.8702
20170525	67.69	13.17	1.401
20170526	63.75	18.86	2.21
20170527	61.13	26.84	4.407
20170528	65.49	22.23	4.325
20170529	64.16	23.8	4.239
20170530	64.05	22.93	4.106
20170531	62.7	24.51	4.105
20170601	63.13	23.14	4.21
20170602	61.95	24.4	4.887
20170603	40.82	45.06	6.555
20170604	49.49	36.3	6.712
20170605	48.26	37.25	6.562
20170606	60.87	24.54	6.647
20170607	47.53	36.86	10.74
20170608	49.45	32.24	15.67
20170609	50.33	28.29	19.07
20170610	44.86	27.62	22.9
20170611	43.19	27.61	24.69
20170612	35.24	33.0	26.74
20170613	38.63	27.72	29.22
20170614	39.59	22.26	31.06
20170615	39.78	19.48	31.01
20170616	39.75	17.33	30.76
20170617	37.75	17.81	32.39
20170618	38.75	14.66	31.69
20170619	38.2	11.68	31.32
20170620	38.23	8.675	29.26
20170621	37.46	4.146	16.18
20170622	36.27	5.38	21.47
20170623	33.42	6.79	34.57
20170624	31.32	7.181	34.85
20170625	32.67	5.738	34.46
20170626	33.72	4.807	33.03
20170627	33.39	4.389	31.64
20170628	32.54	4.609	35.26
20170629	31.48	3.93	39.03
20170630	28.87	2.974	48.65
20170701	27.78	3.318	48.49
20170702	27.01	3.336	51.35
20170703	27.9	2.097	49.95
20170704	27.93	2.201	50.0
20170705	26.68	1.658	49.32
20170706	25.93	1.74	49.97
20170707	25.46	2.055	38.06
20170708	25.32	2.012	35.05
20170709	24.86	1.829	38.79
20170710	23.69	1.621	39.44
20170711	20.35	2.439	57.25
20170712	21.96	1.802	56.13
20170713	22.0	1.676	55.08
20170714	21.16	1.491	50.12
20170715	21.18	1.931	55.03
20170716	21.11	1.803	49.23
20170717	19.98	1.877	48.5
20170718	19.54	3.22	20.6
20170719	19.12	2.939	23.27
20170720	19.5	2.837	23.58
20170721	18.42	2.812	35.74
20170722	17.89	0.8129	58.03
20170723	12.64	0.6213	80.42
20170724	12.9	0.6332	80.9
20170725	8.392	0.4838	88.79
20170726	9.862	0.3353	87.84
20170727	10.44	0.2714	87.68
20170728	8.82	0.2506	89.43
20170729	6.904	0.201	91.05
20170730	8.916	0.6943	88.29
20170731	11.32	0.5623	85.84
20170801	12.54	0.5491	82.9
20170802	12.38	0.815	82.37
20170803	12.57	0.7086	78.73
20170804	9.88	0.4317	76.94
20170805	10.59	0.5875	57.04
20170806	10.12	0.5511	62.07
20170807	10.15	5.731	62.96
20170808	10.45	1.77	78.1
20170809	10.46	1.724	78.26
20170810	9.962	2.22	77.6
20170811	8.884	1.69	80.12
20170812	9.283	2.28	78.98
20170813	9.422	1.781	79.35
20170814	9.661	1.727	77.37
20170815	11.12	1.897	61.4
20170816	7.151	1.033	82.04
20170817	8.728	0.9622	80.58
20170818	8.484	0.8871	78.85
20170819	8.056	0.4647	83.15
20170820	8.542	0.4966	77.36
20170821	8.635	0.4527	77.2
20170822	7.789	0.3545	74.18
20170823	7.743	0.502	52.12
20170824	9.488	0.3504	45.6
20170825	12.58	3.247	39.08
20170826	13.53	3.7	6.647
20170827	14.59	3.161	29.62
20170828	13.87	3.125	31.67
20170829	14.35	3.59	30.67
20170830	14.24	3.534	31.48
20170831	13.94	3.952	31.2
20170901	13.55	1.814	31.47
20170902	11.96	1.468	33.89
20170903	9.686	1.185	18.84
20170904	3.813	0.6013	90.66
20170905	4.719	0.4021	91.08
20170906	5.78	0.3467	90.21
20170907	3.507	0.537	93.42
20170908	5.528	0.3504	91.66
20170909	5.327	0.3383	91.76
20170910	8.146	0.6847	88.84
20170911	8.132	1.057	87.16
20170912	9.697	4.112	81.85
20170913	9.813	4.085	81.73
20170914	8.731	3.308	53.48
20170915	8.539	3.75	45.24
20170916	10.06	3.675	46.19
20170917	10.25	3.379	45.33
20170918	9.499	2.703	49.28
20170919	6.557	0.8819	66.16
20170920	8.428	0.8752	71.33
20170921	6.724	1.251	73.6
20170922	8.302	0.6173	80.87
20170923	7.954	1.162	80.37
20170924	5.929	0.4823	90.33
20170925	7.312	0.3925	89.56
20170926	4.812	0.445	92.08
20170927	2.348	0.3889	95.57
20170928	2.04	0.6869	95.5
20170929	2.776	0.4951	94.9
20170930	3.328	0.5058	94.58
20171001	2.188	0.579	95.65
20171002	3.465	0.7059	94.05
20171003	3.64	1.915	92.57
20171004	8.353	1.589	86.98
20171005	7.955	1.504	87.32
20171006	11.17	1.352	83.92
20171007	12.32	1.658	80.88
20171008	10.33	3.598	61.66
20171009	8.756	3.504	69.27
20171010	5.998	5.689	74.74
20171011	8.83	7.176	72.19
20171012	10.36	9.637	69.23
20171013	5.381	17.37	70.64
20171014	8.605	21.63	62.28
20171015	7.407	24.52	59.89
20171016	14.54	22.69	54.12
20171017	13.5	38.91	41.56
20171018	19.36	36.63	37.76
20171019	22.56	39.37	32.08
20171020	11.89	64.55	17.42
20171021	15.07	61.31	18.98
20171022	7.829	70.53	16.9
20171023	33.56	56.72	7.657
20171024	36.04	57.41	4.887
20171025	25.78	65.36	7.435
20171026	23.78	62.39	12.37
20171027	24.23	61.76	12.31
20171028	24.6	63.35	10.33
20171029	15.58	74.93	7.943
20171030	18.02	77.3	3.324
20171031	13.61	82.85	2.082
20171101	13.39	84.26	1.201
20171102	12.44	84.03	2.206
20171103	19.8	77.24	1.825
20171104	24.54	71.16	3.174
20171105	25.04	70.89	2.692
20171106	20.8	75.06	2.287
20171107	21.38	71.23	2.203
20171108	21.44	65.07	2.16
20171109	21.11	51.59	1.624
20171110	20.45	45.52	1.481
20171111	19.48	23.03	0.02362
20171112	22.57	13.37	0.004546
20171113	22.56	0.7275	8.913e-05
20171114	20.78	0.7272	8.913e-05
20171115	19.81	0.7503	8.913e-05
20171116	17.16	0.7493	8.913e-05
20171117	18.05	0.7429	8.913e-05
20171118	16.95	0.7532	8.913e-05
20171119	10.93	0.7532	0.0
20171120	11.8	0.7534	8.913e-05
20171121	18.72	0.7562	8.913e-05
20171122	18.82	0.7562	8.913e-05
20171123	20.29	0.7533	8.913e-05
20171124	19.8	0.7526	8.913e-05
20171125	19.93	0.7602	8.913e-05
20171126	19.96	0.7602	8.913e-05
20171127	19.91	0.7578	8.913e-05
20171128	17.89	0.7577	8.913e-05
20171129	18.76	0.758	8.913e-05
20171130	13.78	0.7606	8.913e-05
20171201	16.32	0.7599	8.913e-05
20171202	15.99	0.7599	8.913e-05
20171203	16.22	0.7592	8.913e-05
20171204	16.21	0.7611	8.913e-05
20171205	16.53	0.7579	8.913e-05
20171206	15.73	0.7579	0.0
20171207	15.58	0.7609	8.913e-05
20171208	7.311	0.7609	8.913e-05
20171209	7.352	0.7611	8.913e-05
20171210	6.903	0.7611	8.913e-05
20171211	7.689	0.7611	8.913e-05
20171212	5.842	0.7611	8.913e-05
20171213	15.12	0.7607	8.913e-05
20171214	15.08	0.7607	8.913e-05
20171215	15.04	0.7607	0.0
20171216	15.09	0.7607	8.913e-05
20171217	16.03	0.761	8.913e-05
20171218	18.27	0.7608	8.913e-05
20171219	18.26	0.761	8.913e-05
20171220	17.77	0.7375	8.913e-05
20171221	19.49	0.7287	8.913e-05
20171222	20.69	0.7278	8.913e-05
20171223	24.22	0.7511	8.913e-05
20171224	22.54	0.7586	8.913e-05
20171225	18.22	0.7579	8.913e-05
20171226	17.71	0.7579	8.913e-05
20171227	17.15	0.761	8.913e-05
20171228	16.77	0.761	8.913e-05
20171229	16.56	0.761	8.913e-05
20171230	15.0	0.761	8.913e-05
20171231	14.94	0.7611	8.913e-05
20180101	10.33	0.7611	8.913e-05
20180102	10.54	0.7611	8.913e-05
20180103	8.5	0.761	8.913e-05
20180104	8.602	0.7611	8.913e-05
20180105	8.358	0.7611	8.913e-05
20180106	12.18	0.7611	8.913e-05
20180107	12.19	0.7611	8.913e-05
20180108	12.16	0.761	8.913e-05
20180109	12.86	0.759	8.913e-05
20180110	15.31	0.7512	8.913e-05
20180111	16.24	0.7606	8.913e-05
20180112	16.45	0.7449	8.913e-05
20180113	8.105	0.7449	8.913e-05
20180114	9.621	0.7607	8.913e-05
20180115	9.355	0.7607	8.913e-05
20180116	9.15	0.761	8.913e-05
20180117	6.494	0.7611	8.913e-05
20180118	6.533	0.7611	8.913e-05
20180119	6.023	0.7611	8.913e-05
20180120	8.774	0.7611	8.913e-05
20180121	8.424	0.7611	8.913e-05
20180122	8.944	0.7611	8.913e-05
20180123	10.87	0.7611	8.913e-05
20180124	10.91	0.7611	8.913e-05
20180125	10.88	0.7611	8.913e-05
20180126	10.95	0.7611	8.913e-05
20180127	9.884	0.7611	8.913e-05
20180128	9.882	0.7611	0.0
20180129	8.831	0.7611	8.913e-05
20180130	8.383	0.7611	8.913e-05
20180131	8.321	0.7611	8.913e-05
20180201	13.08	0.761	8.913e-05
20180202	13.08	0.761	8.913e-05
20180203	13.83	0.8922	8.913e-05
20180204	15.91	0.8928	8.913e-05
20180205	15.9	0.9617	8.913e-05
20180206	14.62	16.26	0.8144
20180207	11.55	48.79	1.877
20180208	11.68	49.24	1.828
20180209	4.491	85.2	0.9784
20180210	4.242	86.63	0.9017
20180211	1.219	92.81	2.676
20180212	1.023	93.06	3.292
20180213	4.476	91.64	2.168
20180214	1.243	92.26	4.777
20180215	3.755	91.73	2.986
20180216	8.495	89.54	0.8538
20180217	3.099	95.84	0.4081
20180218	4.111	94.64	0.3954
20180219	6.43	91.53	1.253
20180220	9.78	89.21	0.2448
20180221	6.459	92.71	0.1627
20180222	1.946	97.16	0.3074
20180223	8.131	90.92	0.2748
20180224	7.047	91.89	0.2479
20180225	12.57	86.38	0.1813
20180226	6.388	90.94	1.74
20180227	8.148	90.69	0.1883
20180228	9.736	88.72	0.1605
20180301	9.298	87.0	0.2068
20180302	9.265	86.43	0.3351
20180303	9.239	85.72	0.4266
20180304	10.78	80.63	0.3973
20180305	8.297	83.41	0.3622
20180306	3.797	87.4	0.07033
20180307	10.93	81.02	0.1661
20180308	9.047	82.63	0.171
20180309	14.1	80.44	0.08254
20180310	8.949	85.78	0.07888
20180311	8.567	86.35	0.1033
20180312	9.18	87.43	0.08976
20180313	9.015	87.2	0.1653
20180314	8.611	88.02	0.1623
20180315	5.508	92.88	0.06346
20180316	10.0	89.25	0.01854
20180317	11.01	88.19	0.01471
20180318	9.509	89.58	0.1018
20180319	9.389	89.62	0.1077
20180320	8.361	90.56	0.1014
20180321	8.069	90.71	0.1458
20180322	7.754	90.0	0.3083
20180323	4.952	89.45	0.08842
20180324	10.6	86.61	0.02487
20180325	10.21	86.87	0.02451
20180326	10.3	86.27	0.02184
20180327	8.895	87.17	0.1187
20180328	8.881	87.47	0.1437
20180329	8.332	86.22	0.2018
20180330	7.739	77.83	0.2497
20180331	5.561	40.06	0.2457
20180401	3.182	52.02	0.2513
20180402	1.907	82.46	0.08521
20180403	0.6	93.72	0.03521
20180404	1.123	94.59	0.0197
20180405	1.9	94.76	0.06863
20180406	1.945	94.63	0.06418
20180407	1.787	94.75	0.08592
20180408	0.4749	97.48	0.04626
20180409	0.9848	96.69	0.09751
20180410	1.293	78.87	0.09297
20180411	1.311	75.36	0.09252
20180412	1.283	78.46	0.03253
20180413	1.838	81.96	0.03129
20180414	14.48	83.97	0.04911
20180415	14.71	83.84	0.04911
20180416	29.79	69.35	0.06836
20180417	18.06	81.15	0.2668
20180418	10.65	88.6	0.2622
20180419	22.04	77.2	0.2666
20180420	56.43	42.79	0.2647
20180421	65.69	33.5	0.2997
20180422	70.07	29.11	0.2924
20180423	59.04	39.99	0.44
20180424	63.64	35.25	0.3982
20180425	63.25	24.43	0.2973
20180426	63.01	26.25	0.3488
20180427	62.05	26.09	0.3592
20180428	63.4	22.94	0.2968
20180429	65.57	21.06	0.6521
20180430	63.71	12.64	0.6242
20180501	52.11	29.63	2.508
20180502	46.56	38.84	2.628
20180503	50.94	35.24	3.421
20180504	54.75	34.96	4.75
20180505	53.81	35.59	4.811
20180506	63.76	28.02	5.776
20180507	63.9	27.85	5.774
20180508	53.27	35.91	8.308
20180509	45.03	42.14	10.7
20180510	47.39	35.12	16.26
20180511	47.77	32.25	18.17
20180512	45.75	32.36	20.44
20180513	45.03	32.18	21.17
20180514	31.74	37.89	29.48
20180515	33.74	32.87	32.15
20180516	33.86	27.81	36.63
20180517	27.95	28.54	41.07
20180518	32.09	20.42	41.39
20180519	31.54	18.96	41.87
20180520	32.17	17.48	41.41
20180521	31.91	15.36	41.17
20180522	32.71	13.05	39.92
20180523	35.4	10.87	36.97
20180524	35.31	3.97	20.86
20180525	31.06	1.824	42.22
20180526	30.85	3.25	45.16
20180527	31.81	2.75	44.63
20180528	31.14	2.799	48.08
20180529	30.87	2.738	48.3
20180530	27.82	2.622	50.88
20180531	26.13	2.732	53.84
20180601	21.09	4.324	63.06
20180602	21.16	3.544	62.54
20180603	23.22	4.007	59.56
20180604	29.12	2.716	55.18
20180605	29.06	4.884	54.13
20180606	30.36	4.44	52.37
20180607	31.79	4.2	49.88
20180608	34.95	3.275	17.72
20180609	35.55	3.205	15.49
20180610	35.5	2.474	15.45
20180611	34.97	2.162	14.77
20180612	34.78	0.4934	10.64
20180613	34.28	0.4573	9.631
20180614	32.55	2.013	16.35
20180615	30.23	2.692	15.98
20180616	27.42	2.707	18.31
20180617	19.76	2.948	66.54
20180618	19.42	2.884	66.31
20180619	19.6	3.038	66.1
20180620	18.59	11.72	58.14
20180621	18.89	12.3	54.58
20180622	18.58	12.06	54.36
20180623	17.79	11.98	53.79
20180624	16.72	10.2	16.73
20180625	17.44	10.05	16.75
20180626	17.39	9.916	16.95
20180627	17.38	1.745	17.6
20180628	17.6	0.4545	23.14
20180629	17.53	0.4451	23.38
20180630	16.85	0.2999	26.99
20180701	9.373	2.94	81.15
20180702	7.887	1.602	88.42
20180703	9.253	1.33	87.41
20180704	10.29	1.271	86.38
20180705	10.67	0.9399	86.62
20180706	10.56	0.9553	86.65
20180707	10.51	0.9552	86.51
20180708	8.384	0.6615	87.53
20180709	8.318	0.5285	78.68
20180710	6.921	0.5821	89.53
20180711	4.136	0.4991	93.63
20180712	3.262	0.4263	94.37
20180713	2.521	0.5086	95.68
20180714	3.494	0.4548	94.83
20180715	4.656	0.4163	93.61
20180716	3.995	0.4485	94.25
20180717	2.973	0.2876	95.53
20180718	1.501	0.2152	97.07
20180719	2.725	0.3262	95.89
20180720	2.362	0.2675	96.05
20180721	2.713	0.8453	95.34
20180722	4.709	0.6657	93.62
20180723	4.811	0.7071	93.46
20180724	4.494	0.6411	93.49
20180725	4.69	0.725	91.97
20180726	3.684	0.4806	91.66
20180727	3.348	0.3253	94.17
20180728	1.241	0.4251	96.68
20180729	1.75	0.3335	96.92
20180730	1.644	0.3186	97.05
20180731	1.3	0.3881	97.39
20180801	0.8704	0.1206	98.23
20180802	3.058	0.1774	95.95
20180803	4.926	0.2856	93.84
20180804	4.693	0.3193	93.71
20180805	4.223	0.2793	92.19
20180806	4.485	0.3566	91.58
20180807	5.305	0.2539	84.89
20180808	5.46	0.2779	80.68
20180809	5.452	0.4854	78.96
20180810	6.404	0.4248	79.06
20180811	6.023	0.923	80.27
20180812	6.64	0.9444	77.11
20180813	6.676	1.02	76.68
20180814	7.186	1.4	76.96
20180815	6.466	1.212	50.33
20180816	6.423	1.128	50.65
20180817	6.12	1.063	48.5
20180818	3.376	0.6156	78.28
20180819	5.003	1.994	77.09
20180820	5.649	2.672	76.44
20180821	5.213	4.44	78.62
20180822	5.328	2.803	81.38
20180823	4.489	2.766	82.53
20180824	5.254	2.604	83.1
20180825	5.34	2.615	75.25
20180826	4.707	1.275	82.45
20180827	6.364	1.183	82.03
20180828	2.771	0.7384	93.95
20180829	3.079	0.6409	93.21
20180830	4.372	0.815	91.52
20180831	5.192	0.5568	90.93
20180901	4.904	0.4924	92.35
20180902	5.297	0.6048	91.41
20180903	5.662	3.501	87.86
20180904	4.324	3.06	88.43
20180905	3.273	0.579	93.99
20180906	1.493	0.2291	96.9
20180907	2.514	0.4363	95.78
20180908	4.016	0.426	94.55
20180909	1.853	0.4578	96.82
20180910	1.165	0.2992	97.73
20180911	1.938	1.758	95.5
20180912	3.785	0.9478	94.41
20180913	5.566	1.011	92.32
20180914	5.85	1.563	91.22
20180915	7.521	1.409	88.76
20180916	7.995	3.096	76.63
20180917	8.62	2.146	81.13
20180918	8.633	2.031	79.59
20180919	9.404	7.749	72.0
20180920	8.761	7.666	69.99
20180921	8.282	6.513	74.11
20180922	5.784	5.161	79.15
20180923	7.496	4.667	78.05
20180924	11.97	4.199	67.81
20180925	14.95	5.775	63.88
20180926	16.01	5.738	61.41
20180927	22.42	18.1	46.82
20180928	18.86	28.98	39.92
20180929	20.12	31.12	16.44
20180930	20.44	32.41	15.51
20181001	28.52	28.7	14.92
20181002	28.92	28.75	16.26
20181003	23.48	39.31	16.78
20181004	21.67	39.37	18.25
20181005	19.37	41.34	15.18
20181006	18.13	45.11	15.47
20181007	17.57	50.96	12.53
20181008	15.26	52.64	12.03
20181009	16.19	54.32	10.43
20181010	15.14	50.62	14.32
20181011	36.93	33.46	11.75
20181012	28.66	37.57	24.82
20181013	32.99	32.18	23.32
20181014	34.54	29.57	23.05
20181015	28.66	30.35	31.07
20181016	25.58	25.1	40.35
20181017	21.04	25.1	45.19
20181018	21.42	23.28	49.19
20181019	20.58	31.74	40.62
20181020	19.89	38.06	35.5
20181021	20.81	45.07	29.03
20181022	19.28	45.34	29.03
20181023	24.5	41.69	30.89
20181024	11.1	62.34	25.06
20181025	37.45	46.47	15.04
20181026	52.37	38.4	8.337
20181027	38.18	53.16	7.894
20181028	39.74	47.19	12.33
20181029	30.27	58.33	10.78
20181030	46.6	48.48	4.353
20181031	55.32	41.71	2.358
20181101	37.33	57.47	4.549
20181102	42.55	52.24	4.286
20181103	36.52	54.78	7.523
20181104	50.99	40.36	6.63
20181105	45.8	44.8	6.804
20181106	39.45	44.72	6.53
20181107	33.73	41.32	6.872
20181108	34.24	31.23	5.776
20181109	33.57	31.07	5.764
20181110	31.1	24.0	3.007
20181111	29.2	23.74	2.987
20181112	29.55	16.26	1.524
20181113	28.92	6.506	0.9264
20181114	23.08	0.1154	8.913e-05
20181115	21.15	0.1463	8.913e-05
20181116	25.21	0.09502	8.913e-05
20181117	25.46	0.05125	8.913e-05
20181118	34.27	0.1074	8.913e-05
20181119	38.89	0.1103	8.913e-05
20181120	38.64	0.1873	8.913e-05
20181121	39.49	0.1858	8.913e-05
20181122	39.84	0.4316	8.913e-05
20181123	40.53	0.3187	8.913e-05
20181124	41.46	0.2824	8.913e-05
20181125	38.2	0.4669	8.913e-05
20181126	25.64	0.4669	0.0
20181127	23.9	0.4661	8.913e-05
20181128	23.66	0.5424	8.913e-05
20181129	23.47	0.5397	8.913e-05
20181130	20.9	0.4717	8.913e-05
20181201	19.12	0.4527	8.913e-05
20181202	18.64	0.577	8.913e-05
20181203	18.83	0.5707	8.913e-05
20181204	18.59	0.6841	8.913e-05
20181205	18.08	0.625	8.913e-05
20181206	21.36	0.4975	8.913e-05
20181207	19.68	0.6388	8.913e-05
20181208	28.69	0.5604	8.913e-05
20181209	28.4	0.5658	8.913e-05
20181210	35.02	0.6781	8.913e-05
20181211	35.0	0.6776	8.913e-05
20181212	35.53	0.6655	8.913e-05
20181213	31.91	0.6194	8.913e-05
20181214	32.1	0.6574	8.913e-05
20181215	27.48	0.6535	8.913e-05
20181216	30.2	0.7325	8.913e-05
20181217	39.55	0.705	8.913e-05
20181218	45.88	0.6282	8.913e-05
20181219	44.64	0.7203	8.913e-05
20181220	48.21	0.6254	8.913e-05
20181221	47.62	0.631	8.913e-05
20181222	51.62	0.7148	8.913e-05
20181223	51.6	0.7148	8.913e-05
20181224	52.1	0.7097	8.913e-05
20181225	51.78	0.659	8.913e-05
20181226	51.68	0.7285	8.913e-05
20181227	49.52	0.7268	8.913e-05
20181228	49.53	0.7501	8.913e-05
20181229	38.89	0.7306	8.913e-05
20181230	42.04	0.7209	8.913e-05
20181231	30.7	0.7499	8.913e-05
20190101	31.93	0.7257	8.913e-05
20190102	31.78	0.7275	8.913e-05
20190103	30.18	0.7554	8.913e-05
20190104	30.08	0.7554	8.913e-05
20190105	28.74	0.7498	8.913e-05
20190106	39.55	0.5147	8.913e-05
20190107	43.17	0.6175	8.913e-05
20190108	29.11	0.6176	8.913e-05
20190109	33.28	0.7036	8.913e-05
20190110	34.02	0.6461	8.913e-05
20190111	35.3	0.6706	8.913e-05
20190112	35.21	0.7072	8.913e-05
20190113	43.79	0.6929	8.913e-05
20190114	40.94	0.6929	8.913e-05
20190115	40.68	0.7231	8.913e-05
20190116	40.0	0.7231	8.913e-05
20190117	38.16	0.7296	8.913e-05
20190118	36.02	0.7285	8.913e-05
20190119	35.87	0.7518	8.913e-05
20190120	24.89	0.7518	8.913e-05
20190121	24.85	0.7604	8.913e-05
20190122	18.31	0.7599	8.913e-05
20190123	18.31	0.7559	8.913e-05
20190124	14.94	0.7607	8.913e-05
20190125	10.12	0.7592	8.913e-05
20190126	8.207	0.7592	8.913e-05
20190127	11.4	0.7611	8.913e-05
20190128	10.83	0.7611	8.913e-05
20190129	11.58	0.761	8.913e-05
20190130	12.28	0.7609	8.913e-05
20190131	12.32	0.7611	8.913e-05
20190201	11.99	0.7611	8.913e-05
20190202	12.26	0.7611	8.913e-05
20190203	12.69	0.7611	8.913e-05
20190204	12.16	9.065	0.01711
20190205	7.481	34.41	0.2417
20190206	12.64	44.7	0.5675
20190207	10.28	52.86	1.935
20190208	21.12	69.16	0.9917
20190209	8.331	87.23	0.8174
20190210	17.63	78.59	0.7464
20190211	23.12	73.5	0.6427
20190212	18.52	77.75	1.294
20190213	16.25	79.95	1.506
20190214	14.54	80.6	1.84
20190215	18.07	76.67	1.656
20190216	19.6	70.39	1.579
20190217	13.01	79.62	1.848
20190218	21.78	70.26	1.468
20190219	21.62	68.93	1.355
20190220	20.97	67.55	1.796
20190221	12.11	77.2	1.513
20190222	22.99	63.4	1.142
20190223	46.1	45.94	0.7485
20190224	53.79	40.17	0.4917
20190225	57.69	36.36	0.92
20190226	66.33	29.36	0.6484
20190227	59.96	32.64	0.4978
20190228	70.25	23.07	0.681
20190301	69.19	25.27	0.5226
20190302	65.19	30.27	0.3137
20190303	53.84	39.45	0.2964
20190304	53.32	38.37	0.2659
20190305	52.99	38.24	0.2651
20190306	51.35	37.45	0.2505
20190307	34.18	54.65	0.1836
20190308	29.06	58.83	0.124
20190309	25.13	56.73	0.1141
20190310	9.716	75.05	0.05348
20190311	7.584	83.41	0.03022
20190312	7.924	84.62	0.2436
20190313	7.553	84.91	0.2208
20190314	6.261	86.18	0.417
20190315	5.886	85.71	0.4348
20190316	5.648	86.07	0.5335
20190317	3.83	88.13	0.2314
20190318	2.739	83.11	0.2169
20190319	2.709	80.43	0.1281
20190320	2.446	80.46	0.2365
20190321	1.783	76.46	0.232
20190322	1.576	79.54	0.2779
20190323	2.115	80.43	0.3451
20190324	2.429	71.84	0.3299
20190325	5.365	63.93	0.3142
20190326	6.652	68.97	0.2691
20190327	6.236	69.31	0.2598
20190328	10.6	59.75	0.2606
20190329	11.24	51.91	0.2109
20190330	13.35	46.74	0.1395
20190331	13.16	45.76	0.1852
20190401	12.23	49.54	0.1781
20190402	11.34	35.58	0.1464
20190403	11.67	32.43	0.1181
20190404	8.907	48.52	0.1142
20190405	17.94	76.14	0.02594
20190406	8.41	90.85	0.02041
20190407	11.35	87.91	0.02255
20190408	9.819	89.37	0.09065
20190409	4.505	94.78	0.04769
20190410	4.411	94.92	0.04323
20190411	4.928	94.38	0.03877
20190412	4.932	94.09	0.03654
20190413	5.06	85.03	0.03209
20190414	8.648	79.96	0.03432
20190415	20.14	72.82	0.1801
20190416	19.98	75.74	0.1674
20190417	23.0	69.77	0.1668
20190418	22.98	69.75	0.1784
20190419	25.76	67.02	0.1829
20190420	38.74	54.52	0.1828
20190421	75.53	21.4	0.1981
20190422	64.12	33.61	0.1402
20190423	71.19	26.85	0.1716
20190424	75.14	22.29	0.1677
20190425	56.36	41.15	0.857
20190426	24.08	0.003387	75.5
20190427	56.56	21.64	21.38
20190428	57.79	36.8	4.985
20190429	63.36	31.98	4.24
20190430	64.06	31.3	4.221
20190501	70.75	24.83	4.001
20190502	70.3	25.23	4.059
20190503	73.24	22.39	2.064
20190504	70.29	25.47	1.76
20190505	65.64	25.72	1.226
20190506	66.8	23.11	1.739
20190507	65.04	25.05	2.068
20190508	64.81	24.12	2.06
20190509	52.07	40.26	2.642
20190510	62.13	30.07	2.585
20190511	58.34	32.95	4.942
20190512	59.12	31.18	4.805
20190513	61.5	27.39	4.515
20190514	61.35	27.08	4.611
20190515	61.39	27.03	4.992
20190516	61.7	22.14	4.622
20190517	54.17	29.41	7.786
20190518	54.94	22.42	11.74
20190519	48.03	29.09	14.22
20190520	48.07	28.33	15.6
20190521	44.01	31.51	17.24
20190522	45.63	27.68	19.14
20190523	47.54	24.54	20.99
20190524	46.26	22.57	21.18
20190525	47.91	19.29	20.84
20190526	47.69	14.88	19.42
20190527	47.36	15.64	19.47
20190528	46.2	16.18	19.62
20190529	46.76	14.46	18.85
20190530	46.46	7.223	11.72
20190531	45.09	7.761	12.85
20190601	43.74	6.946	12.24
20190602	43.84	7.11	12.18
20190603	39.19	11.17	21.77
20190604	40.57	10.32	20.89
20190605	37.98	12.31	26.55
20190606	37.79	12.06	30.76
20190607	36.32	11.88	33.34
20190608	36.52	10.81	33.49
20190609	35.89	10.92	34.27
20190610	35.31	6.22	27.16
20190611	34.34	5.264	29.72
20190612	33.06	4.96	30.58
20190613	9.0	0.003298	90.58
20190614	19.09	1.603	78.89
20190615	20.71	1.375	77.5
20190616	23.71	0.8378	75.04
20190617	22.62	1.409	75.55
20190618	23.96	1.682	73.94
20190619	24.03	1.676	73.88
20190620	23.28	1.879	66.81
20190621	23.63	1.888	65.67
20190622	24.22	1.628	63.41
20190623	23.68	4.353	55.12
20190624	23.28	4.009	30.35
20190625	21.26	3.195	39.21
20190626	21.22	3.195	38.23
20190627	18.81	1.767	29.3
20190628	18.54	1.625	31.98
20190629	17.2	1.49	37.39
20190630	6.495	0.07059	49.9
20190701	6.488	0.06979	49.21
20190702	2.087	0.02852	51.0
20190703	2.053	0.03066	72.03
20190704	17.73	0.04073	66.43
20190705	20.92	0.2265	66.77
20190706	20.95	0.2435	66.45
20190707	18.28	0.3939	70.03
20190708	14.98	2.016	77.11
20190709	13.13	1.405	82.22
20190710	15.36	0.9612	79.37
20190711	13.92	1.05	81.32
20190712	13.07	0.8466	82.88
20190713	8.719	0.8077	88.11
20190714	10.92	0.7234	85.88
20190715	11.09	0.4139	85.06
20190716	13.51	0.3198	80.16
20190717	15.43	0.3002	78.19
20190718	13.81	0.8421	80.9
20190719	8.796	0.5091	87.0
20190720	7.721	0.6599	86.85
20190721	8.523	0.5996	86.59
20190722	8.863	0.4909	87.9
20190723	8.114	0.5685	88.99
20190724	7.915	0.5655	89.1
20190725	7.304	0.4299	88.13
20190726	2.958	0.1916	95.33
20190727	0.7083	0.06195	98.25
20190728	0.4919	0.03833	98.63
20190729	0.3045	0.0205	98.91
20190730	0.1889	0.009715	99.09
20190731	0.1756	0.00927	99.18
20190801	2.105	0.3919	96.97
20190802	3.249	0.3143	95.9
20190803	4.717	0.4332	94.28
20190804	3.819	0.4982	95.06
20190805	5.233	0.4564	93.61
20190806	3.029	0.3834	95.8
20190807	4.103	0.4494	94.59
20190808	3.925	0.4351	94.46
20190809	4.888	0.4255	93.27
20190810	7.558	0.318	90.09
20190811	7.592	0.3297	87.35
20190812	5.55	0.1695	81.72
20190813	5.83	0.2752	71.1
20190814	6.472	3.232	68.19
20190815	7.812	3.165	67.21
20190816	8.005	3.238	66.53
20190817	7.622	1.277	84.86
20190818	6.985	1.627	85.47
20190819	7.417	1.67	82.06
20190820	6.779	1.635	82.46
20190821	5.937	3.034	84.71
20190822	7.798	2.806	83.23
20190823	7.295	2.133	85.74
20190824	6.879	1.812	75.51
20190825	7.163	1.798	72.33
20190826	8.038	1.722	72.67
20190827	8.233	1.712	71.66
20190828	3.846	0.4668	86.05
20190829	4.666	0.4197	84.64
20190830	4.685	0.3934	81.0
20190831	5.027	0.6722	83.54
20190901	2.739	0.4364	92.65
20190902	5.103	0.5105	90.24
20190903	7.105	0.4668	90.47
20190904	6.25	3.067	87.89
20190905	6.642	2.704	87.86
20190906	8.013	2.737	86.5
20190907	8.436	2.518	86.46
20190908	10.39	2.166	75.91
20190909	5.183	1.32	88.76
20190910	5.361	0.9889	87.55
20190911	3.992	0.6818	90.43
20190912	6.199	0.8352	87.95
20190913	6.768	2.31	86.67
20190914	8.364	5.162	81.34
20190915	12.98	4.651	76.51
20190916	8.502	3.207	75.8
20190917	8.509	3.851	75.12
20190918	10.95	13.34	61.77
20190919	14.48	27.06	48.17
20190920	17.01	28.07	45.22
20190921	15.26	38.23	34.89
20190922	16.48	39.47	34.66
20190923	15.66	40.58	22.35
20190924	11.71	43.15	38.3
20190925	16.06	38.19	37.49
20190926	15.49	26.82	50.97
20190927	16.92	13.04	67.72
20190928	10.91	9.649	77.54
20190929	12.16	9.871	75.93
20190930	13.16	9.838	74.79
20191001	17.39	9.86	67.0
20191002	19.09	19.48	57.3
20191003	18.62	18.48	58.2
20191004	16.21	33.23	46.32
20191005	15.89	32.64	30.68
20191006	23.07	27.53	27.9
20191007	19.11	34.93	29.03
20191008	17.66	40.12	30.1
20191009	20.99	35.53	29.18
20191010	16.28	48.73	26.14
20191011	13.87	44.02	29.23
20191012	16.26	47.78	25.37
20191013	17.33	47.47	25.04
20191014	42.77	44.44	7.857
20191015	34.17	56.81	7.429
20191016	45.86	46.64	6.702
20191017	25.39	50.78	22.92
20191018	30.13	49.76	19.21
20191019	21.41	66.62	11.17
20191020	46.1	50.63	2.53
20191021	55.96	41.17	1.942
20191022	50.46	46.68	1.831
20191023	45.89	49.94	2.454
20191024	45.59	47.93	1.969
20191025	37.61	56.34	1.317
20191026	19.8	52.03	27.75
20191027	16.49	67.28	15.8
20191028	40.12	53.65	5.811
20191029	35.0	59.26	5.326
20191030	40.97	57.62	0.9937
20191031	30.67	67.6	1.31
20191101	33.82	64.5	1.261
20191102	39.23	59.04	0.9179
20191103	18.45	79.59	0.7678
20191104	19.07	78.69	0.8428
20191105	19.05	78.51	1.106
20191106	28.05	67.89	0.9193
20191107	31.27	65.16	0.6842
20191108	31.31	64.12	0.6598
20191109	39.73	51.2	0.4074
20191110	39.62	40.61	0.3077
20191111	45.54	28.15	0.1937
20191112	45.52	17.79	0.0976
20191113	46.5	15.96	0.04555
20191114	47.59	0.7131	8.913e-05
20191115	47.57	0.723	8.913e-05
20191116	45.76	0.7241	8.913e-05
20191117	45.78	0.7411	8.913e-05
20191118	40.91	0.7362	8.913e-05
20191119	42.45	0.7208	8.913e-05
20191120	39.82	0.7462	8.913e-05
20191121	37.68	0.7156	8.913e-05
20191122	37.48	0.7222	8.913e-05
20191123	36.49	0.7374	8.913e-05
20191124	36.32	0.7373	8.913e-05
20191125	21.11	0.697	8.913e-05
20191126	19.23	0.7225	8.913e-05
20191127	22.67	0.7424	8.913e-05
20191128	25.66	0.7436	8.913e-05
20191129	36.5	0.7565	8.913e-05
20191130	38.85	0.7561	8.913e-05
20191201	39.45	0.7545	8.913e-05
20191202	37.0	0.7607	8.913e-05
20191203	31.11	0.7587	8.913e-05
20191204	35.71	0.6988	8.913e-05
20191205	63.75	0.5126	8.913e-05
20191206	64.64	0.5131	8.913e-05
20191207	60.31	0.6461	8.913e-05
20191208	62.67	0.6424	8.913e-05
20191209	62.79	0.7069	8.913e-05
20191210	61.98	0.7069	8.913e-05
20191211	60.56	0.7542	8.913e-05
20191212	46.03	0.7535	8.913e-05
20191213	44.56	0.7573	8.913e-05
20191214	42.89	0.7604	8.913e-05
20191215	19.25	0.7592	8.913e-05
20191216	7.109	0.7594	8.913e-05
20191217	6.544	0.7603	8.913e-05
20191218	6.438	0.7603	8.913e-05
20191219	7.744	0.7603	8.913e-05
20191220	7.24	0.7606	8.913e-05
20191221	8.044	0.7607	8.913e-05
20191222	7.857	0.7607	8.913e-05
20191223	7.797	0.7606	8.913e-05
20191224	6.805	0.7605	8.913e-05
20191225	6.851	0.7606	8.913e-05
20191226	5.286	0.7607	8.913e-05
20191227	6.642	0.7606	8.913e-05
20191228	6.471	0.7606	8.913e-05
20191229	15.65	0.688	8.913e-05
20191230	17.4	0.688	8.913e-05
20191231	27.51	0.7525	8.913e-05
20200101	31.14	0.7552	8.913e-05
20200102	32.04	0.7332	8.913e-05
20200103	34.25	0.7245	8.913e-05
20200104	39.69	0.7361	8.913e-05
20200105	37.92	0.7361	8.913e-05
20200106	37.8	0.7478	8.913e-05
20200107	38.59	0.68	8.913e-05
20200108	38.13	0.7195	8.913e-05
20200109	37.11	0.7195	8.913e-05
20200110	31.51	0.755	8.913e-05
20200111	27.15	0.755	8.913e-05
20200112	17.97	0.755	8.913e-05
20200113	12.1	0.7562	8.913e-05
20200114	10.9	0.7572	8.913e-05
20200115	10.16	0.7572	8.913e-05
20200116	11.29	0.7593	8.913e-05
20200117	12.67	0.7593	8.913e-05
20200118	12.84	0.7586	8.913e-05
20200119	12.24	0.7597	8.913e-05
20200120	10.98	0.7592	8.913e-05
20200121	10.88	0.7592	8.913e-05
20200122	12.53	0.7542	8.913e-05
20200123	12.46	0.7542	8.913e-05
20200124	13.55	0.758	8.913e-05
20200125	12.26	0.7591	8.913e-05
20200126	12.98	0.7591	8.913e-05
20200127	13.02	0.7591	8.913e-05
20200128	12.83	0.7608	8.913e-05
20200129	11.83	0.7608	8.913e-05
20200130	11.78	0.7605	8.913e-05
20200131	8.853	0.7611	8.913e-05
20200201	7.571	0.7609	8.913e-05
20200202	3.076	0.7609	8.913e-05
20200203	2.083	1.333	0.05009
20200204	1.723	1.355	0.05009
20200205	1.168	15.01	0.1575
20200206	0.7572	32.49	0.9739
20200207	0.5276	48.54	1.673
20200208	3.05	52.05	1.417
20200209	3.254	70.44	1.274
20200210	3.399	70.39	1.25
20200211	1.292	79.33	2.373
20200212	0.9897	82.43	2.3
20200213	1.102	84.48	1.662
20200214	0.7857	82.08	2.58
20200215	1.378	80.14	2.21
20200216	1.338	74.61	2.148
20200217	0.6246	87.05	2.36
20200218	0.5083	85.99	3.783
20200219	0.2009	92.06	2.876
20200220	0.212	89.9	2.849
20200221	0.1137	91.39	2.439
20200222	0.07184	93.07	1.66
20200223	0.04225	93.53	2.477
20200224	0.07514	90.98	2.199
20200225	0.3819	90.35	2.324
20200226	0.3821	84.37	1.97
20200227	0.4219	85.01	1.799
20200228	0.4271	73.82	1.604
20200229	0.9301	63.93	1.553
20200301	0.4196	79.28	0.5339
20200302	0.4168	77.31	1.186
20200303	0.1556	75.19	1.11
20200304	0.2029	85.35	0.6512
20200305	0.5863	84.75	0.6487
20200306	0.5448	86.48	0.7766
20200307	0.4261	87.09	0.7788
20200308	0.3967	89.98	0.2841
20200309	0.4704	89.44	0.2746
20200310	2.904	82.82	0.3346
20200311	2.393	67.72	0.3022
20200312	2.337	69.53	0.2932
20200313	2.152	70.44	0.3581
20200314	1.136	76.01	0.2521
20200315	1.143	63.59	0.346
20200316	0.9788	66.51	0.3375
20200317	0.1395	61.62	0.2673
20200318	0.281	61.93	0.2965
20200319	1.154	70.69	0.308
20200320	1.318	67.17	0.297
20200321	1.282	54.99	0.2887
20200322	1.348	52.61	0.2172
20200323	1.614	49.68	0.2606
20200324	9.459	49.52	0.2194
20200325	10.09	59.25	0.3291
20200326	9.57	48.8	0.6599
20200327	10.24	46.44	0.6272
20200328	26.15	41.54	0.4017
20200329	25.62	44.73	0.349
20200330	25.57	45.52	0.3178
20200331	24.34	44.4	0.3069
20200401	20.39	56.14	0.1739
20200402	19.21	56.63	0.06667
20200403	10.42	77.02	0.01729
20200404	8.894	78.59	0.03351
20200405	9.268	79.21	0.03378
20200406	10.16	77.88	0.02924
20200407	10.61	76.66	0.02906
20200408	11.61	69.7	0.0574
20200409	18.19	64.12	0.05294
20200410	20.63	48.88	0.04216
20200411	23.09	43.04	0.02398
20200412	23.13	36.08	0.02353
20200413	21.85	38.14	0.05526
20200414	21.64	38.17	0.05526
20200415	20.24	27.53	0.04332
20200416	15.08	56.17	0.08218
20200417	14.72	58.01	0.06997
20200418	14.42	56.56	0.07077
20200419	24.46	50.88	0.07006
20200420	32.77	44.12	0.06061
20200421	36.34	55.73	0.04154
20200422	39.21	53.26	0.04697
20200423	41.71	49.29	0.03717
20200424	34.0	59.32	0.0599
20200425	38.09	55.49	0.05268
20200426	38.18	55.36	0.05491
20200427	40.45	51.4	0.04769
20200428	26.07	64.27	0.02674
20200429	26.26	71.34	0.03592
20200430	23.94	73.85	0.04581
20200501	23.83	69.82	0.04323
20200502	23.14	69.18	0.09903
20200503	34.13	59.12	0.09644
20200504	43.6	50.91	0.0951
20200505	46.45	47.17	0.09047
20200506	46.37	34.65	0.09029
20200507	41.77	29.02	0.09038
20200508	40.86	30.61	0.09216
20200509	40.17	21.25	0.04599
20200510	21.5	66.8	0.2482
20200511	29.13	58.83	0.2375
20200512	31.46	56.53	0.2324
20200513	25.58	69.17	0.2748
20200514	23.54	72.23	0.3063
20200515	24.17	71.6	0.2956
20200516	24.72	71.4	0.3459
20200517	24.92	70.08	0.325
20200518	21.26	74.92	0.3882
20200519	21.52	76.31	0.4273
20200520	21.54	75.62	0.4234
20200521	59.13	37.65	0.5319
20200522	50.18	48.54	0.5692
20200523	66.28	32.3	0.8059
20200524	70.89	27.54	0.9546
20200525	66.51	31.69	1.18
20200526	67.29	30.83	1.159
20200527	66.08	31.52	1.715
20200528	68.17	29.36	1.741
20200529	68.81	28.32	1.698
20200530	66.87	27.32	1.73
20200531	64.93	27.19	2.424
20200601	57.44	32.65	4.435
20200602	61.15	29.01	4.354
20200603	56.73	31.29	4.653
20200604	58.04	29.8	5.287
20200605	55.32	31.79	7.432
20200606	54.57	31.23	8.177
20200607	51.87	27.96	14.18
20200608	49.72	24.74	15.46
20200609	50.0	23.97	15.65
20200610	44.63	29.58	17.34
20200611	44.66	28.14	18.2
20200612	44.09	24.7	22.26
20200613	39.21	24.51	31.42
20200614	39.88	22.93	30.71
20200615	39.65	22.0	30.76
20200616	35.22	24.37	36.19
20200617	36.08	16.76	44.15
20200618	32.1	19.78	45.56
20200619	31.24	17.52	46.5
20200620	26.35	17.11	53.31
20200621	26.12	12.76	59.38
20200622	26.85	10.82	60.81
20200623	25.21	9.871	62.47
20200624	27.15	8.884	60.87
20200625	26.28	7.421	61.05
20200626	27.36	5.733	60.21
20200627	21.95	7.081	64.13
20200628	22.14	5.2	67.67
20200629	23.21	3.946	67.67
20200630	24.24	3.368	65.77
20200701	24.02	4.508	63.03
20200702	26.32	5.033	60.2
20200703	23.31	3.04	65.88
20200704	25.62	3.098	61.48
20200705	25.7	2.693	54.16
20200706	25.3	1.73	60.56
20200707	25.16	1.712	60.8
20200708	25.52	1.533	60.32
20200709	24.95	1.305	61.19
20200710	24.9	0.8534	57.45
20200711	24.73	0.7802	57.58
20200712	24.59	0.7542	56.93
20200713	21.32	0.09644	27.33
20200714	18.4	0.0714	56.25
20200715	16.82	0.06765	60.21
20200716	14.49	0.05847	69.44
20200717	16.72	0.6266	66.3
20200718	10.12	0.4429	74.73
20200719	9.941	0.4368	75.26
20200720	9.771	0.4357	74.1
20200721	9.461	0.4317	63.05
20200722	9.261	0.4317	57.45
20200723	11.81	0.5484	40.53
20200724	9.464	0.2271	39.84
20200725	8.934	0.1514	13.48
20200726	7.978	0.1264	43.26
20200727	6.371	0.1046	70.54
20200728	6.347	0.1046	70.68
20200729	6.995	0.207	74.62
20200730	3.758	0.1111	85.74
20200731	2.044	0.05669	93.54
20200801	4.636	0.3618	92.79
20200802	3.878	0.3659	93.69
20200803	4.153	0.2476	94.24
20200804	5.18	0.3596	93.21
20200805	7.682	0.383	90.72
20200806	4.174	0.2859	94.5
20200807	4.944	0.3587	93.57
20200808	3.99	0.3176	94.55
20200809	6.9	0.3085	91.42
20200810	7.494	0.3359	88.53
20200811	8.836	0.3715	88.77
20200812	7.126	0.339	90.51
20200813	8.276	0.3548	88.51
20200814	8.479	0.5025	87.63
20200815	8.338	1.863	84.45
20200816	12.26	1.716	81.05
20200817	12.33	1.89	80.88
20200818	11.65	1.741	51.65
20200819	5.654	1.398	75.91
20200820	6.269	1.336	75.09
20200821	6.079	1.139	83.37
20200822	6.185	0.5552	82.32
20200823	6.805	2.261	79.68
20200824	6.619	2.217	79.54
20200825	7.068	1.641	80.79
20200826	7.27	1.551	63.39
20200827	7.513	1.46	71.16
20200828	8.486	1.365	51.46
20200829	7.986	1.141	59.4
20200830	6.735	0.5792	68.08
20200831	7.164	0.6332	68.76
20200901	8.426	0.5391	59.12
20200902	8.632	0.9039	58.76
20200903	3.468	0.7007	92.47
20200904	5.081	0.6958	90.65
20200905	4.734	0.6261	90.71
20200906	6.956	0.5946	87.51
20200907	5.666	0.5652	89.76
20200908	6.024	0.5849	89.87
20200909	8.001	0.6056	87.88
20200910	7.983	0.4548	66.4
20200911	8.309	1.041	64.69
20200912	8.52	1.465	59.27
20200913	7.206	1.332	76.16
20200914	8.497	2.109	69.14
20200915	7.952	2.821	60.56
20200916	8.882	3.829	62.32
20200917	8.852	3.797	59.96
20200918	13.81	11.36	51.42
20200919	15.84	15.39	51.08
20200920	18.58	20.82	33.76
20200921	19.26	30.0	31.34
20200922	18.84	26.51	34.95
20200923	19.47	26.46	32.51
20200924	17.84	16.17	52.95
20200925	17.74	15.46	52.94
20200926	20.64	14.85	50.98
20200927	11.83	22.8	62.43
20200928	19.87	13.6	64.08
20200929	16.75	10.61	70.4
20200930	18.58	9.582	69.6
20201001	13.6	6.345	77.44
20201002	13.07	4.661	80.17
20201003	12.81	4.083	81.45
20201004	9.987	7.397	76.83
20201005	6.468	2.936	85.0
20201006	7.987	3.681	82.7
20201007	8.413	6.255	79.71
20201008	8.751	9.551	72.92
20201009	8.47	9.248	73.52
20201010	8.958	11.62	71.02
20201011	8.668	9.986	69.59
20201012	10.16	12.95	53.46
20201013	8.189	17.07	55.62
20201014	13.06	22.93	46.71
20201015	15.97	28.74	38.51
20201016	16.69	31.37	33.12
20201017	18.64	30.92	29.77
20201018	20.09	54.06	14.74
20201019	23.33	60.63	8.124
20201020	24.27	70.88	1.608
20201021	15.84	78.77	3.37
20201022	28.1	67.25	2.494
20201023	28.33	66.92	2.357
20201024	30.61	64.35	2.446
20201025	23.62	70.58	2.643
20201026	24.07	69.53	2.563
20201027	24.8	51.67	2.052
20201028	28.1	21.32	0.5847
20201029	23.87	20.05	0.5805
20201030	28.05	14.08	0.4828
20201031	26.32	9.861	0.3182
20201101	26.31	0.3872	8.913e-05
20201102	30.95	0.2863	8.913e-05
20201103	38.14	0.1078	8.913e-05
20201104	36.89	0.1259	8.913e-05
20201105	39.38	0.2382	8.913e-05
20201106	31.03	0.2293	8.913e-05
20201107	34.56	0.2435	8.913e-05
20201108	36.01	0.2515	8.913e-05
20201109	36.07	0.2801	8.913e-05
20201110	28.49	0.2799	8.913e-05
20201111	31.76	0.2187	8.913e-05
20201112	31.51	0.2023	0.0
20201113	32.05	0.1938	8.913e-05
20201114	30.95	0.2861	8.913e-05
20201115	27.63	0.262	8.913e-05
20201116	26.94	0.2529	8.913e-05
20201117	33.05	0.3042	8.913e-05
20201118	31.62	0.3043	0.0
20201119	34.66	0.3798	8.913e-05
20201120	34.25	0.3489	8.913e-05
20201121	33.84	0.3489	0.0
20201122	33.86	0.351	8.913e-05
20201123	33.55	0.351	0.0
20201124	27.4	0.4936	8.913e-05
20201125	27.96	0.4846	8.913e-05
20201126	25.83	0.494	8.913e-05
20201127	17.38	0.4433	8.913e-05
20201128	17.38	0.4433	0.0
20201129	18.56	0.4956	8.913e-05
20201130	18.68	0.495	8.913e-05
20201201	15.41	0.5405	8.913e-05
20201202	13.24	0.5179	8.913e-05
20201203	12.81	0.5179	0.0
20201204	9.833	0.516	8.913e-05
20201205	9.833	0.516	0.0
20201206	19.74	0.584	8.913e-05
20201207	20.68	0.574	8.913e-05
20201208	19.91	0.5839	8.913e-05
20201209	18.22	0.5376	8.913e-05
20201210	18.22	0.5376	0.0
20201211	20.07	0.6262	8.913e-05
20201212	20.07	0.6262	8.913e-05
20201213	18.01	0.6524	8.913e-05
20201214	19.13	0.5985	8.913e-05
20201215	19.12	0.5985	0.0
20201216	18.25	0.5981	8.913e-05
20201217	18.25	0.5981	0.0
20201218	24.71	0.6858	8.913e-05
20201219	25.83	0.6746	8.913e-05
20201220	25.8	0.6517	8.913e-05
20201221	29.56	0.5175	8.913e-05
20201222	29.56	0.5175	0.0
20201223	29.48	0.6797	8.913e-05
20201224	29.48	0.6797	8.913e-05
20201225	27.4	0.6931	8.913e-05
20201226	30.13	0.6979	8.913e-05
20201227	30.05	0.6979	0.0
20201228	24.58	0.6977	8.913e-05
20201229	24.65	0.6984	8.913e-05
20201230	24.14	0.695	8.913e-05
20201231	24.24	0.6951	8.913e-05
20210101	23.1	0.7159	8.913e-05
20210102	28.69	0.6778	8.913e-05
20210103	28.7	0.6805	8.913e-05
20210104	29.27	0.6961	8.913e-05
20210105	30.36	0.6488	8.913e-05
20210106	32.26	0.661	8.913e-05
20210107	32.12	0.6759	8.913e-05
20210108	33.18	0.7026	8.913e-05
20210109	31.71	0.7026	8.913e-05
20210110	33.01	0.7157	8.913e-05
20210111	33.33	0.7142	8.913e-05
20210112	33.58	0.7128	8.913e-05
20210113	30.54	0.7222	8.913e-05
20210114	32.27	0.7051	8.913e-05
20210115	31.57	0.7072	8.913e-05
20210116	30.87	0.717	8.913e-05
20210117	30.55	0.7165	8.913e-05
20210118	29.75	0.7211	8.913e-05
20210119	31.07	0.7205	8.913e-05
20210120	30.71	0.7205	0.0
20210121	28.67	0.7217	8.913e-05
20210122	31.98	0.7286	8.913e-05
20210123	32.75	0.7269	8.913e-05
20210124	33.02	0.7304	8.913e-05
20210125	32.96	0.7331	8.913e-05
20210126	36.07	0.7135	8.913e-05
20210127	36.07	0.7179	8.913e-05
20210128	36.89	0.7334	8.913e-05
20210129	36.82	0.7323	8.913e-05
20210130	36.77	0.7347	8.913e-05
20210131	37.51	0.7386	8.913e-05
20210201	37.56	0.7298	8.913e-05
20210202	36.38	0.7287	8.913e-05
20210203	36.57	0.734	8.913e-05
20210204	35.59	7.17	0.01123
20210205	35.7	7.173	0.01123
20210206	35.43	7.176	0.01123
20210207	31.81	30.06	0.8392
20210208	32.17	29.6	0.7956
20210209	35.91	26.46	0.6294
20210210	35.44	27.41	0.6296
20210211	35.89	24.77	0.6188
20210212	33.17	34.1	0.7107
20210213	32.27	33.46	2.952
20210214	31.47	19.32	2.366
20210215	20.0	51.06	1.892
20210216	27.59	46.08	1.092
20210217	27.11	64.57	0.2927
20210218	18.74	77.46	0.153
20210219	30.72	64.87	0.1316
20210220	28.36	67.03	0.315
20210221	31.73	64.4	0.8913
20210222	31.9	62.83	0.879
20210223	29.3	66.84	0.9114
20210224	28.93	63.87	2.429
20210225	31.52	44.79	2.325
20210226	30.28	43.61	4.882
20210227	30.12	41.54	4.87
20210228	23.7	28.99	4.606
20210301	45.3	26.16	2.987
20210302	39.78	27.02	2.638
20210303	38.05	24.23	2.297
20210304	37.75	24.14	2.85
20210305	52.09	16.93	1.016
20210306	52.19	16.92	1.011
20210307	44.74	25.29	1.259
20210308	39.29	22.46	1.224
20210309	36.87	20.06	1.127
20210310	36.5	19.1	1.034
20210311	36.39	19.01	1.041
20210312	19.67	53.88	0.8041
20210313	19.38	55.68	0.7517
20210314	19.23	55.66	0.7286
20210315	19.72	55.21	0.7982
20210316	19.29	55.02	0.7789
20210317	22.55	48.16	0.3079
20210318	20.59	49.14	0.2871
20210319	20.49	42.95	0.2474
20210320	20.59	42.57	0.2475
20210321	20.51	42.15	0.3299
20210322	20.36	41.78	0.3076
20210323	20.55	43.51	0.3498
20210324	10.32	71.04	0.3913
20210325	8.873	61.25	0.5142
20210326	8.873	61.2	0.5053
20210327	10.24	62.32	0.5017
20210328	10.22	62.2	0.5476
20210329	10.22	62.13	0.6212
20210330	10.29	61.74	0.6753
20210331	11.86	58.89	0.6594
20210401	11.79	58.25	0.6438
20210402	11.68	30.4	0.4415
20210403	11.36	27.57	0.4415
20210404	13.8	22.91	0.3535
20210405	13.41	19.92	0.2796
20210406	13.82	19.2	0.2391
20210407	13.29	12.35	0.1524
20210408	13.26	12.3	0.3923
20210409	12.12	10.61	0.4653
20210410	7.818	70.87	0.4403
20210411	7.734	71.91	0.4362
20210412	9.239	71.8	0.3956
20210413	9.211	71.7	0.51
20210414	11.37	70.36	0.4695
20210415	11.36	70.33	0.4983
20210416	10.92	69.94	0.4942
20210417	10.56	60.34	0.6215
20210418	12.44	80.43	0.3515
20210419	12.37	82.36	0.5138
20210420	12.36	82.07	0.7872
20210421	12.3	82.06	0.7872
20210422	12.27	81.8	1.087
20210423	13.44	80.52	1.238
20210424	28.07	66.15	1.129
20210425	27.97	65.56	1.376
20210426	27.87	64.76	1.334
20210427	27.07	44.24	1.195
20210428	27.07	44.24	1.195
20210429	27.06	39.03	1.036
20210430	26.71	30.8	0.902
20210501	18.97	29.02	0.7418
20210502	14.54	4.729	0.3243
20210503	14.54	4.72	0.373
20210504	14.29	3.042	0.5425
20210505	10.26	79.32	1.03
20210506	8.363	81.04	1.472
20210507	8.364	81.03	1.472
20210508	13.04	76.42	1.403
20210509	13.04	76.4	1.43
20210510	13.01	75.93	1.961
20210511	51.53	41.99	1.627
20210512	51.5	40.54	1.647
20210513	56.86	28.39	1.318
20210514	59.52	26.2	1.29
20210515	59.24	25.53	1.278
20210516	59.08	24.59	2.659
20210517	58.6	15.83	3.539
20210518	43.08	17.07	2.74
20210519	51.64	21.62	5.645
20210520	52.07	21.53	5.64
20210521	52.38	21.34	5.812
20210522	52.38	21.34	5.812
20210523	51.93	19.75	12.66
20210524	51.91	19.7	12.8
20210525	50.78	21.1	13.41
20210526	43.22	11.85	14.58
20210527	38.02	17.56	17.84
20210528	37.85	17.4	18.58
20210529	37.6	16.65	21.23
20210530	34.32	18.93	20.42
20210531	37.63	18.92	20.29
20210601	43.32	22.17	25.6
20210602	41.22	16.26	36.51
20210603	34.31	23.82	37.85
20210604	33.85	21.67	41.27
20210605	34.55	19.96	41.65
20210606	31.1	20.85	44.15
20210607	31.1	20.84	44.17
20210608	29.53	17.95	46.75
20210609	28.33	16.23	49.5
20210610	27.59	14.71	50.39
20210611	27.37	13.97	49.36
20210612	26.69	10.98	48.38
20210613	21.76	8.007	45.5
20210614	21.66	7.92	46.49
20210615	25.03	6.766	41.53
20210616	20.92	1.735	19.01
20210617	20.29	0.6782	16.59
20210618	21.26	0.6766	16.7
20210619	20.23	0.5537	33.81
20210620	19.65	0.5206	39.08
20210621	19.53	0.4309	37.98
20210622	16.35	0.429	37.91
20210623	15.22	0.3843	56.13
20210624	11.25	0.222	60.04
20210625	11.55	0.2639	60.19
20210626	11.05	0.1981	57.17
20210627	10.71	0.1521	57.07
20210628	10.6	0.1521	57.44
20210629	14.47	0.1774	57.28
20210630	14.28	0.1175	39.72
20210701	16.63	0.3032	39.46
20210702	9.208	0.8186	78.22
20210703	6.906	0.6496	86.95
20210704	5.895	0.6708	90.92
20210705	6.733	0.4966	90.97
20210706	7.488	0.3254	90.71
20210707	7.401	0.5262	90.65
20210708	8.098	0.8481	89.5
20210709	9.349	0.7838	88.09
20210710	5.849	0.3899	92.05
20210711	6.584	0.3669	90.9
20210712	7.262	0.4598	88.94
20210713	8.216	0.3633	84.23
20210714	3.844	0.2371	91.29
20210715	6.411	0.7033	88.33
20210716	7.271	0.7739	87.35
20210717	7.692	0.8447	74.67
20210718	7.956	0.9441	76.67
20210719	8.022	1.101	78.06
20210720	9.56	1.12	76.6
20210721	11.52	1.282	42.32
20210722	11.76	1.062	42.58
20210723	11.97	1.05	42.32
20210724	11.85	1.024	37.31
20210725	11.67	1.928	21.4
20210726	5.403	0.5042	72.76
20210727	2.845	0.3706	91.23
20210728	1.7	0.224	93.88
20210729	2.259	0.3047	93.64
20210730	3.188	0.321	92.74
20210731	4.5	0.2658	91.48
20210801	0.1366	8.913e-05	0.01408
20210802	4.439	1.598	15.08
20210803	3.588	1.385	32.97
20210804	3.564	1.37	34.97
20210805	4.306	1.412	35.04
20210806	3.581	0.3671	84.04
20210807	1.167	0.1325	95.0
20210808	0.3966	0.08583	97.86
20210809	0.3572	0.04902	97.78
20210810	0.463	0.04956	97.54
20210811	2.233	0.6503	95.16
20210812	2.165	0.6411	95.13
20210813	2.12	0.5795	94.02
20210814	3.316	0.6597	91.22
20210815	2.276	0.4327	63.97
20210816	2.205	0.4192	67.93
20210817	1.878	0.3687	70.53
20210818	1.33	0.2517	69.13
20210819	2.262	0.5771	69.89
20210820	2.215	0.5768	68.4
20210821	3.416	0.5992	62.82
20210822	3.321	0.5916	44.41
20210823	3.005	0.5418	40.17
20210824	4.414	0.5877	24.1
20210825	4.298	0.5458	41.15
20210826	0.6126	0.1064	94.67
20210827	0.3906	0.08494	97.1
20210828	2.016	0.3079	95.22
20210829	2.627	0.2696	94.68
20210830	2.628	0.2696	94.52
20210831	3.096	0.5793	93.83
20210901	12.9	1.417	83.25
20210902	13.67	9.19	67.79
20210903	16.26	11.72	19.84
20210904	17.65	12.13	28.04
20210905	18.22	11.9	27.51
20210906	18.11	11.76	28.24
20210907	16.69	20.86	22.58
20210908	16.39	20.16	23.0
20210909	15.79	13.04	30.5
20210910	14.72	9.439	34.27
20210911	10.28	4.029	78.05
20210912	8.793	3.814	80.27
20210913	12.62	4.43	75.96
20210914	15.02	7.887	70.09
20210915	13.19	12.61	68.89
20210916	12.67	13.26	70.09
20210917	12.46	14.23	68.88
20210918	8.906	9.175	76.1
20210919	10.47	6.295	77.07
20210920	8.033	5.99	80.85
20210921	8.004	5.209	81.36
20210922	9.482	7.247	77.73
20210923	11.65	8.255	74.29
20210924	11.87	8.345	73.87
20210925	18.26	6.75	68.17
20210926	18.27	6.81	66.68
20210927	15.27	5.7	51.95
20210928	12.74	4.078	45.54
20210929	12.54	2.867	41.89
20210930	5.951	1.619	78.32
20211001	0.002317	0.0	84.89
20211002	0.002317	0.0	85.96
20211003	0.002317	0.0	85.47
20211004	0.9072	0.2719	83.32
20211005	4.103	1.199	82.73
20211006	3.355	1.073	82.35
20211007	3.34	1.073	65.35
20211008	3.324	1.073	51.14
20211009	3.6	1.547	41.61
20211010	3.196	1.487	43.17
20211011	2.992	1.457	38.49
20211012	4.041	3.633	34.24
20211013	3.98	3.481	29.41
20211014	6.193	6.877	28.19
20211015	8.014	19.29	24.32
20211016	8.324	23.98	22.68
20211017	11.81	23.56	19.3
20211018	11.81	23.56	19.15
20211019	21.2	66.64	3.058
20211020	21.13	66.82	2.38
20211021	21.18	68.62	2.346
20211022	23.84	65.7	2.142
20211023	20.94	73.81	2.515
20211024	21.85	72.79	2.498
20211025	23.06	71.7	2.38
20211026	14.83	74.94	1.147
20211027	15.29	74.65	1.168
20211028	9.731	81.57	2.363
20211029	12.31	78.81	5.845
20211030	11.38	73.57	5.544
20211031	10.03	77.16	7.117
20211101	7.787	79.1	7.81
20211102	8.771	74.32	10.01
20211103	8.713	74.09	10.0
20211104	10.68	69.19	9.655
20211105	11.12	53.88	8.53
20211106	11.47	58.18	8.149
20211107	26.51	43.08	4.345
20211108	29.3	33.65	3.341
20211109	28.58	16.71	0.4307
20211110	29.39	16.34	0.4154
20211111	26.23	15.37	0.3928
20211112	26.32	14.17	0.2288
20211113	25.67	3.542	0.004546
20211114	16.61	0.6285	8.913e-05
20211115	11.92	0.6433	8.913e-05
20211116	12.53	0.491	8.913e-05
20211117	13.82	0.4784	0.0
20211118	15.89	0.5223	8.913e-05
20211119	16.04	0.5139	0.0
20211120	16.05	0.6134	8.913e-05
20211121	16.63	0.6359	8.913e-05
20211122	29.98	0.6031	8.913e-05
20211123	27.58	0.603	8.913e-05
20211124	28.14	0.652	8.913e-05
20211125	26.15	0.649	0.0
20211126	25.32	0.6938	8.913e-05
20211127	24.56	0.6938	8.913e-05
20211128	25.71	0.7142	8.913e-05
20211129	23.61	0.7142	8.913e-05
20211130	25.73	0.6993	0.0
20211201	25.2	0.5653	0.0
20211202	25.19	0.7172	8.913e-05
20211203	24.61	0.731	8.913e-05
20211204	28.76	0.7097	8.913e-05
20211205	28.57	0.7086	8.913e-05
20211206	31.42	0.7227	8.913e-05
20211207	31.28	0.7193	0.0
20211208	31.19	0.7424	8.913e-05
20211209	31.01	0.7424	0.0
20211210	31.32	0.7228	8.913e-05
20211211	29.26	0.7205	8.913e-05
20211212	29.27	0.7279	8.913e-05
20211213	23.02	0.7278	0.0
20211214	22.89	0.7279	8.913e-05
20211215	22.95	0.739	8.913e-05
20211216	23.63	0.726	8.913e-05
20211217	17.13	0.7251	8.913e-05
20211218	21.86	0.7152	8.913e-05
20211219	20.74	0.714	0.0
20211220	18.22	0.7277	8.913e-05
20211221	20.64	0.7391	8.913e-05
20211222	21.58	0.7409	8.913e-05
20211223	20.67	0.7384	8.913e-05
20211224	22.04	0.7356	0.0
20211225	18.45	0.5019	0.0
20211226	17.68	0.6387	8.913e-05
20211227	16.75	0.6537	8.913e-05
20211228	9.89	0.6537	0.0
20211229	6.174	0.6537	8.913e-05
20211230	5.658	0.6537	0.0
20211231	3.533	0.7375	8.913e-05
20220101	3.82	0.746	8.913e-05
20220102	3.728	0.6591	8.913e-05
20220103	4.91	0.6564	8.913e-05
20220104	4.91	0.6564	0.0
20220105	9.117	0.7554	8.913e-05
20220106	9.119	0.7555	0.0
20220107	9.4	0.7514	8.913e-05
20220108	9.494	0.7569	8.913e-05
20220109	9.494	0.7569	0.0
20220110	9.528	0.7561	8.913e-05
20220111	9.528	0.7561	0.0
20220112	4.954	0.7429	8.913e-05
20220113	4.962	0.7468	8.913e-05
20220114	3.115	0.661	0.0
20220115	2.201	0.6788	8.913e-05
20220116	2.201	0.6788	0.0
20220117	3.694	0.7571	8.913e-05
20220118	3.737	0.7572	0.0
20220119	8.367	0.7303	8.913e-05
20220120	19.02	0.7288	8.913e-05
20220121	19.02	0.7288	0.0
20220122	18.89	0.7288	8.913e-05
20220123	18.89	0.7288	0.0
20220124	29.2	0.5999	8.913e-05
20220125	33.1	0.6353	8.913e-05
20220126	32.82	0.5532	8.913e-05
20220127	40.78	0.5876	8.913e-05
20220128	40.78	0.5876	0.0
20220129	40.95	0.7464	8.913e-05
20220130	40.95	0.7465	0.0
20220131	35.22	0.7453	8.913e-05
20220201	32.02	0.7534	8.913e-05
20220202	31.96	0.7534	0.0
20220203	22.66	4.696	0.02112
20220204	22.66	4.696	0.02112
20220205	10.06	19.08	0.2186
20220206	6.32	41.27	0.5331
20220207	5.666	41.98	0.6126
20220208	1.975	41.97	0.6115
20220209	1.958	41.83	0.9879
20220210	0.1505	77.12	0.5023
20220211	0.1372	76.42	2.626
20220212	0.1371	73.91	4.266
20220213	0.1371	73.56	4.256
20220214	0.1336	73.21	4.632
20220215	0.1323	72.16	5.951
20220216	0.1307	71.78	6.139
20220217	0.3162	72.87	5.727
20220218	0.3195	71.28	5.505
20220219	0.3195	67.63	5.159
20220220	0.3187	67.52	5.308
20220221	0.3158	64.75	5.028
20220222	0.1716	81.95	1.173
20220223	0.1584	80.5	0.9141
20220224	0.1169	83.62	0.8693
20220225	0.3087	83.91	0.8497
20220226	0.3088	83.9	0.8385
20220227	2.879	82.49	1.106
20220228	2.879	81.88	0.9685
20220301	3.787	71.31	0.7757
20220302	3.753	49.94	0.7179
20220303	3.62	33.82	0.8238
20220304	13.64	31.39	0.7773
20220305	13.64	31.22	0.8032
20220306	3.333	70.52	0.4302
20220307	3.348	68.89	0.4211
20220308	2.169	72.56	0.3587
20220309	2.746	70.93	0.3094
20220310	2.732	70.42	0.2246
20220311	3.378	69.58	0.2224
20220312	3.148	67.57	0.2121
20220313	4.974	66.35	0.1393
20220314	2.391	79.14	0.05294
20220315	2.529	79.9	0.05713
20220316	3.317	95.81	0.009002
20220317	3.318	95.81	0.008913
20220318	7.701	91.3	0.2123
20220319	7.687	91.2	0.2373
20220320	20.32	78.75	0.1346
20220321	32.28	66.64	0.1292
20220322	32.17	66.27	0.6114
20220323	32.66	60.07	0.6094
20220324	32.66	60.02	0.6205
20220325	36.74	49.98	0.5359
20220326	28.23	63.1	0.6027
20220327	24.98	51.31	0.5096
20220328	18.45	74.71	0.2136
20220329	18.33	73.95	0.1866
20220330	18.09	73.63	0.1817
20220331	17.7	73.15	0.4346
20220401	17.43	73.17	0.4316
20220402	17.15	71.58	0.5608
20220403	16.92	70.55	0.5683
20220404	13.61	58.75	0.6482
20220405	13.6	58.71	0.6482
20220406	13.62	58.53	0.6483
20220407	12.84	50.85	0.6225
20220408	12.82	50.73	0.6224
20220409	12.14	46.27	0.5901
20220410	9.612	30.27	0.4448
20220411	0.6451	4.985	8.913e-05
20220412	0.6452	4.985	0.01114
20220413	0.9268	11.63	0.02175
20220414	0.8551	10.75	0.1185
20220415	0.8551	10.75	0.1185
20220416	2.284	10.35	0.1181
20220417	2.277	9.57	0.118
20220418	2.219	9.175	0.1238
20220419	2.197	9.067	0.6178
20220420	4.248	9.585	1.212
20220421	51.96	6.967	1.127
20220422	51.96	6.967	1.125
20220423	55.55	34.47	1.513
20220424	55.67	34.36	1.513
20220425	55.67	34.35	1.522
20220426	72.27	21.26	0.9456
20220427	72.25	20.82	0.6527
20220428	69.83	23.0	0.629
20220429	69.83	23.0	0.6334
20220430	56.74	12.59	0.09314
20220501	48.05	26.6	0.2055
20220502	48.01	26.45	0.1984
20220503	37.47	22.2	0.1866
20220504	37.06	22.01	0.1797
20220505	35.04	20.34	0.1504
20220506	34.54	19.64	0.1458
20220507	36.94	17.21	0.1526
20220508	39.32	6.923	0.04198
20220509	39.31	6.923	0.04189
20220510	35.49	5.646	0.04109
20220511	34.86	4.564	0.02104
20220512	34.19	3.538	0.006685
20220513	38.84	4.506	0.02736
20220514	36.97	3.84	0.4507
20220515	54.12	13.22	0.7546
20220516	54.09	13.21	0.7924
20220517	58.13	12.09	0.7811
20220518	58.11	12.11	0.9202
20220519	36.32	49.85	3.987
20220520	33.93	56.86	5.384
20220521	33.91	56.79	5.272
20220522	42.83	47.0	6.289
20220523	42.44	44.84	10.35
20220524	54.89	32.69	10.05
20220525	41.77	43.59	13.12
20220526	41.77	43.05	13.09
20220527	48.05	35.01	12.85
20220528	48.03	34.79	13.15
20220529	49.47	31.47	13.43
20220530	48.83	24.69	21.03
20220531	36.4	35.35	24.08
20220601	39.75	24.25	24.47
20220602	39.29	22.41	28.75
20220603	38.94	22.14	29.18
20220604	38.87	21.3	29.98
20220605	38.05	21.5	31.63
20220606	28.61	26.12	35.54
20220607	28.45	22.27	34.84
20220608	34.04	16.5	35.05
20220609	32.98	13.7	34.65
20220610	29.91	17.75	36.67
20220611	29.87	17.69	36.71
20220612	29.78	16.24	36.3
20220613	30.84	9.267	20.08
20220614	30.6	9.149	27.24
20220615	27.75	9.097	27.78
20220616	27.57	8.601	27.35
20220617	26.32	2.629	18.75
20220618	25.14	4.535	33.51
20220619	24.27	4.104	36.29
20220620	23.9	3.094	35.45
20220621	23.61	2.622	32.6
20220622	23.1	3.73	36.64
20220623	22.59	3.656	40.01
20220624	21.41	4.753	46.16
20220625	19.15	4.697	64.53
20220626	17.57	4.425	69.04
20220627	14.69	3.858	74.37
20220628	9.308	2.448	85.78
20220629	11.15	2.138	83.71
20220630	10.41	2.167	85.0
20220701	8.114	1.58	88.3
20220702	7.359	0.6576	90.05
20220703	7.057	0.5142	89.91
20220704	7.378	0.9259	89.21
20220705	6.526	0.7327	89.81
20220706	7.464	0.7464	88.76
20220707	8.312	0.6119	87.54
20220708	8.291	0.5997	86.5
20220709	7.371	0.7409	66.76
20220710	6.992	0.6667	70.92
20220711	6.333	0.5248	68.38
20220712	3.916	0.3706	89.51
20220713	3.979	0.3629	89.22
20220714	5.317	0.5076	87.36
20220715	5.317	0.5076	87.33
20220716	6.104	0.6286	85.82
20220717	6.096	0.6229	84.93
20220718	6.515	1.01	83.43
20220719	6.714	0.8613	17.89
20220720	6.655	0.8613	18.17
20220721	5.974	0.6437	15.44
20220722	5.756	0.6254	16.69
20220723	5.846	0.626	25.62
20220724	5.252	0.6385	32.86
20220725	5.051	0.354	32.67
20220726	5.522	0.2834	33.55
20220727	5.522	0.2834	33.32
20220728	5.957	0.3577	33.51
20220729	2.143	0.1991	89.83
20220730	0.8168	0.0943	96.3
20220731	2.236	0.153	94.68
20220801	1.095	0.08227	97.05
20220802	1.212	0.1164	96.82
20220803	1.043	0.1092	97.19
20220804	1.862	0.233	96.25
20220805	2.547	0.3691	94.73
20220806	0.8436	0.1932	96.12
20220807	0.7821	0.191	95.76
20220808	0.7815	0.191	92.61
20220809	2.726	0.3719	90.8
20220810	2.724	0.372	86.77
20220811	3.153	0.7606	85.19
20220812	4.211	0.8072	83.41
20220813	4.173	0.7908	16.7
20220814	3.89	0.6766	28.35
20220815	2.888	0.399	49.83
20220816	2.852	0.3521	57.24
20220817	3.138	1.005	56.54
20220818	1.362	0.4857	87.13
20220819	2.733	0.4163	84.71
20220820	2.733	0.4162	84.63
20220821	2.687	0.4137	82.44
20220822	2.363	0.3775	81.93
20220823	2.195	0.3478	78.15
