Date	WetSnow	DrySnow	BareGround
20140920	0.365	0.4363	0.9405
20140921	0.335	0.3151	51.21
20140922	0.3328	0.3001	64.44
20140923	0.32	0.2706	70.53
20140924	0.3117	0.2706	71.89
20140925	0.3117	0.2706	71.92
20140926	0.3117	0.2706	71.92
20140927	0.3111	0.2661	72.42
20140928	0.2933	0.2529	80.0
20140929	0.2889	0.2529	80.08
20140930	0.2846	0.2367	82.95
20141001	0.2102	0.2142	83.21
20141002	0.2071	0.2087	84.82
20141003	0.1773	0.1933	88.69
20141004	15.68	0.05895	79.68
20141005	17.16	1.059	78.56
20141006	7.827	0.5398	90.5
20141007	7.022	0.5283	91.43
20141008	6.373	0.4053	92.35
20141009	5.946	0.3681	92.88
20141010	4.729	0.2936	94.31
20141011	4.415	0.2574	94.7
20141012	4.022	0.2316	95.16
20141013	4.014	0.2316	95.15
20141014	4.014	0.2316	95.08
20141015	3.937	0.2234	95.18
20141016	3.754	0.2226	95.18
20141017	12.67	7.058	78.47
20141018	12.54	6.876	78.49
20141019	12.03	5.965	79.8
20141020	11.67	5.696	80.4
20141021	11.51	5.59	79.33
20141022	10.65	5.164	80.24
20141023	10.52	5.152	76.09
20141024	10.04	5.014	76.61
20141025	10.04	5.014	76.46
20141026	9.987	5.013	75.37
20141027	10.09	5.058	74.63
20141028	9.518	4.305	74.57
20141029	9.087	4.051	72.53
20141030	8.854	3.955	71.72
20141031	8.65	15.49	66.02
20141101	8.586	15.48	65.74
20141102	7.722	15.24	60.81
20141103	10.03	20.09	54.8
20141104	9.631	19.93	53.13
20141105	9.62	19.8	53.6
20141106	9.62	19.8	53.6
20141107	38.59	15.1	33.72
20141108	38.59	15.08	33.64
20141109	39.22	14.96	32.7
20141110	42.89	13.79	27.85
20141111	42.58	11.7	25.15
20141112	42.58	11.6	25.06
20141113	42.37	11.45	23.53
20141114	44.47	10.46	22.09
20141115	44.15	10.04	19.77
20141116	41.57	0.4072	0.06804
20141117	41.57	0.3104	0.0
20141118	21.76	0.3104	0.0
20141119	28.01	0.2576	0.0
20141120	27.72	0.2576	0.0
20141121	24.59	0.2963	0.0
20141122	27.46	0.2841	0.0
20141123	27.46	0.2841	0.0
20141124	27.46	0.2841	0.0
20141125	16.24	0.2841	0.0
20141126	18.29	0.2896	0.0
20141127	18.29	0.2896	0.0
20141128	18.29	0.2896	0.0
20141129	19.44	0.2871	0.0
20141130	15.72	0.2871	0.0
20141201	29.46	0.3316	0.0
20141202	28.27	0.3316	0.0
20141203	24.87	0.3358	0.0
20141204	25.72	0.3205	0.0
20141205	25.72	0.3205	0.0
20141206	25.72	0.3205	0.0
20141207	21.85	0.3205	0.0
20141208	23.09	0.3314	0.0
20141209	23.09	0.3314	0.0
20141210	18.26	0.3314	0.0
20141211	18.26	0.3314	0.0
20141212	4.943	0.3314	0.0
20141213	4.943	0.3314	0.0
20141214	4.644	0.3314	0.0
20141215	8.489	0.336	0.0
20141216	14.88	0.3333	0.0
20141217	14.88	0.3333	0.0
20141218	14.88	0.3333	0.0
20141219	13.5	0.3333	0.0
20141220	16.61	0.3372	0.0
20141221	16.61	0.3372	0.0
20141222	16.61	0.3372	0.0
20141223	16.61	0.3372	0.0
20141224	16.61	0.3372	0.0
20141225	16.61	0.3372	0.0
20141226	15.94	0.3372	0.0
20141227	11.42	0.3377	0.0
20141228	15.25	0.3369	0.0
20141229	15.25	0.3369	0.0
20141230	18.73	0.3031	0.0
20141231	15.62	0.3031	0.0
20150101	33.09	0.2949	0.0
20150102	33.09	0.2949	0.0
20150103	33.09	0.2949	0.0
20150104	48.79	0.314	0.0
20150105	48.79	0.314	0.0
20150106	48.79	0.314	0.0
20150107	47.55	0.314	0.0
20150108	44.31	0.3211	0.0
20150109	44.39	0.3346	0.0
20150110	43.86	0.3346	0.0
20150111	43.86	0.3346	0.0
20150112	28.48	0.3346	0.0
20150113	29.49	0.3361	0.0
20150114	29.49	0.3361	0.0
20150115	2.631	0.3361	0.0
20150116	6.758	0.3366	0.0
20150117	6.758	0.3366	0.0
20150118	6.758	0.3366	0.0
20150119	6.711	0.3366	0.0
20150120	6.286	0.3366	0.0
20150121	11.93	0.3371	0.0
20150122	11.93	0.3371	0.0
20150123	11.93	0.3371	0.0
20150124	11.25	0.3371	0.0
20150125	11.25	0.3371	0.0
20150126	11.25	0.3371	0.0
20150127	10.71	0.3371	0.0
20150128	10.71	0.3371	0.0
20150129	10.71	0.3371	0.0
20150130	16.6	0.3377	0.0
20150131	16.6	0.3377	0.0
20150201	15.95	0.3377	0.0
20150202	15.95	0.3377	0.0
20150203	15.95	0.3377	0.0
20150204	15.95	0.3377	0.02179
20150205	15.88	0.3377	0.494
20150206	15.85	8.074	0.5023
20150207	15.63	8.074	0.968
20150208	15.62	8.074	0.9954
20150209	15.62	8.074	0.9954
20150210	6.583	8.048	0.9954
20150211	6.46	7.789	3.99
20150212	6.46	7.789	4.005
20150213	12.11	33.59	2.964
20150214	16.25	50.0	2.383
20150215	16.25	50.0	2.383
20150216	14.98	48.6	5.746
20150217	14.97	48.55	5.746
20150218	14.88	48.38	6.015
20150219	14.88	48.36	6.0
20150220	14.86	48.33	6.058
20150221	14.82	48.3	6.172
20150222	14.75	48.04	5.872
20150223	14.13	47.11	7.86
20150224	14.07	44.66	7.948
20150225	13.59	42.24	7.945
20150226	12.12	50.4	6.568
20150227	11.85	48.76	6.229
20150228	11.85	48.76	6.229
20150301	11.76	46.86	6.108
20150302	10.02	59.4	5.106
20150303	9.991	58.97	5.016
20150304	9.726	57.61	6.575
20150305	3.93	91.29	1.395
20150306	3.918	90.91	1.457
20150307	3.918	90.86	1.457
20150308	3.874	90.34	1.896
20150309	3.869	90.13	1.915
20150310	4.899	89.48	1.746
20150311	4.848	89.29	1.922
20150312	4.618	89.28	2.149
20150313	4.607	88.71	2.12
20150314	8.376	86.68	2.009
20150315	8.201	85.3	3.471
20150316	8.002	82.85	4.707
20150317	7.995	82.78	4.781
20150318	7.995	82.78	4.781
20150319	22.47	70.76	2.847
20150320	22.05	70.42	3.589
20150321	23.85	69.36	2.931
20150322	24.73	68.54	2.865
20150323	24.72	68.54	2.867
20150324	22.54	70.84	2.851
20150325	22.52	70.84	2.873
20150326	19.08	76.49	1.666
20150327	18.72	69.18	1.517
20150328	18.68	68.96	1.606
20150329	18.66	68.71	1.606
20150330	18.31	67.99	1.602
20150331	17.65	64.08	1.528
20150401	17.34	63.38	1.575
20150402	14.69	65.83	1.479
20150403	14.66	65.35	1.448
20150404	14.02	63.72	1.419
20150405	13.47	62.41	1.406
20150406	7.258	38.3	0.9167
20150407	14.84	36.66	0.9487
20150408	11.64	29.68	0.6484
20150409	11.64	29.68	0.6484
20150410	24.96	36.67	0.4485
20150411	24.93	36.64	0.492
20150412	21.15	44.59	0.2135
20150413	21.1	38.1	0.2131
20150414	20.01	40.66	0.1897
20150415	8.721	72.73	0.3068
20150416	8.714	72.61	0.4446
20150417	8.714	72.39	0.4446
20150418	7.159	72.01	0.4446
20150419	7.151	71.86	0.5139
20150420	7.151	71.84	0.5296
20150421	6.817	71.5	0.5337
20150422	31.67	53.69	0.5225
20150423	31.56	50.81	0.7146
20150424	25.38	71.82	0.8476
20150425	25.3	71.54	1.219
20150426	12.47	85.36	0.9314
20150427	12.27	85.91	0.8585
20150428	12.26	85.86	0.9201
20150429	12.24	85.42	1.394
20150430	12.23	85.19	1.623
20150501	13.46	83.79	1.797
20150502	13.45	83.49	2.119
20150503	13.45	83.49	2.119
20150504	16.22	81.27	1.968
20150505	16.22	81.27	1.968
20150506	48.41	49.2	1.922
20150507	48.4	49.08	1.99
20150508	62.44	35.11	1.999
20150509	65.65	31.93	1.98
20150510	65.5	29.75	4.365
20150511	65.35	27.59	5.388
20150512	65.32	26.17	5.246
20150513	60.42	26.68	4.974
20150514	60.42	26.63	4.974
20150515	59.41	23.07	5.121
20150516	50.78	37.51	10.21
20150517	50.68	37.16	10.81
20150518	45.7	41.01	12.42
20150519	45.69	40.99	12.42
20150520	46.63	39.77	12.9
20150521	51.26	35.02	12.77
20150522	51.16	34.56	13.33
20150523	51.08	34.07	13.96
20150524	51.03	33.99	14.03
20150525	51.01	33.88	14.16
20150526	50.42	30.52	18.49
20150527	50.2	29.26	19.28
20150528	50.2	29.13	19.26
20150529	49.85	25.98	19.94
20150530	49.79	25.65	20.44
20150531	49.38	23.92	20.4
20150601	41.78	29.0	24.77
20150602	43.95	27.46	24.58
20150603	42.95	25.74	27.91
20150604	42.73	24.93	29.08
20150605	42.44	24.32	29.57
20150606	33.99	24.64	31.36
20150607	33.68	23.81	31.16
20150608	33.41	23.18	33.85
20150609	36.81	20.09	33.05
20150610	36.59	19.92	33.01
20150611	36.51	20.27	34.81
20150612	36.08	16.69	33.91
20150613	36.03	16.76	34.95
20150614	35.64	13.12	31.31
20150615	35.03	12.7	33.99
20150616	34.9	12.62	35.2
20150617	34.5	9.928	36.1
20150618	32.97	10.3	40.19
20150619	32.42	8.899	41.23
20150620	31.5	8.125	46.5
20150621	31.37	8.023	46.83
20150622	30.3	6.402	50.88
20150623	30.14	5.791	50.27
20150624	29.3	5.364	49.71
20150625	26.85	5.295	48.32
20150626	26.96	5.008	48.64
20150627	26.12	4.687	50.79
20150628	25.55	4.506	51.62
20150629	23.94	3.425	54.88
20150630	20.44	8.708	60.33
20150701	17.42	7.833	66.69
20150702	17.38	7.798	66.68
20150703	20.23	6.738	62.94
20150704	20.01	6.718	63.26
20150705	19.97	6.708	63.3
20150706	19.74	6.671	63.3
20150707	19.78	6.404	62.62
20150708	20.16	6.2	62.4
20150709	18.84	6.0	66.64
20150710	16.76	5.695	70.7
20150711	16.01	4.332	70.83
20150712	14.73	3.091	67.0
20150713	9.812	2.892	82.16
20150714	8.545	2.783	84.45
20150715	13.53	2.785	79.96
20150716	13.53	2.784	79.98
20150717	14.14	2.741	79.41
20150718	13.0	2.707	80.64
20150719	12.5	3.015	80.52
20150720	13.21	2.894	79.83
20150721	11.61	2.227	81.39
20150722	10.06	2.198	83.42
20150723	8.66	1.925	85.4
20150724	10.42	2.318	82.25
20150725	10.03	2.177	80.78
20150726	9.178	1.923	77.61
20150727	10.25	1.896	76.58
20150728	7.663	1.614	83.33
20150729	9.188	1.374	81.22
20150730	9.007	1.269	80.55
20150731	8.691	1.269	80.59
20150801	9.02	1.228	79.01
20150802	8.752	0.8345	70.91
20150803	8.548	0.5619	56.58
20150804	6.763	0.2857	66.89
20150805	6.447	0.3498	72.23
20150806	6.446	0.3498	71.79
20150807	5.267	0.317	79.36
20150808	6.629	0.2059	65.62
20150809	4.946	0.1911	73.84
20150810	3.527	0.1775	85.34
20150811	3.527	0.1775	85.36
20150812	4.439	0.2742	87.18
20150813	5.785	0.5798	86.08
20150814	5.726	0.5798	86.21
20150815	2.051	0.467	95.38
20150816	0.7091	0.301	97.9
20150817	0.9781	0.2982	98.07
20150818	0.3578	0.2052	98.82
20150819	0.1797	0.1687	99.12
20150820	1.376	0.2201	97.93
20150821	0.1726	0.1007	99.3
20150822	0.08795	0.07761	99.45
20150823	0.08733	0.07761	99.46
20150824	0.6395	0.2016	98.77
20150825	1.101	0.2416	98.27
20150826	0.6647	0.1499	98.76
20150827	0.83	0.1689	98.55
20150828	0.8276	0.1689	98.54
20150829	2.11	0.2079	97.2
20150830	1.935	0.2041	97.36
20150831	1.787	0.1894	97.46
20150901	3.521	0.2076	95.61
20150902	3.382	0.2076	94.52
20150903	3.381	0.2044	94.36
20150904	3.377	0.1947	91.81
20150905	4.778	0.3493	73.19
20150906	5.252	0.8162	65.93
20150907	5.122	0.8087	50.27
20150908	5.224	0.7919	44.6
20150909	5.124	0.753	39.4
20150910	1.436	0.4449	95.79
20150911	0.3169	0.2615	98.67
20150912	0.1637	0.1703	99.05
20150913	1.029	0.3172	98.14
20150914	0.2394	0.18	99.08
20150915	0.2273	0.1615	99.12
20150916	0.1762	0.1471	99.21
20150917	1.389	0.4332	97.69
20150918	2.159	1.067	96.28
20150919	2.089	1.06	96.35
20150920	2.204	1.058	96.25
20150921	1.396	0.7982	97.25
20150922	1.23	0.7549	97.38
20150923	2.407	0.6919	96.15
20150924	1.101	0.2256	97.25
20150925	3.08	0.2897	91.84
20150926	3.08	0.2897	91.64
20150927	4.51	0.3154	90.62
20150928	4.249	0.2766	90.77
20150929	4.046	0.2913	91.26
20150930	5.219	5.574	86.38
20151001	5.173	5.532	86.47
20151002	5.786	5.695	84.96
20151003	5.737	5.472	85.18
20151004	6.664	17.56	72.65
20151005	6.268	54.86	35.77
20151006	6.12	51.48	36.5
20151007	5.981	48.58	39.82
20151008	5.858	45.19	43.57
20151009	5.738	42.71	46.33
20151010	5.667	40.15	49.11
20151011	6.74	52.23	38.57
20151012	12.54	54.57	30.97
20151013	12.52	54.26	31.28
20151014	12.72	54.1	31.07
20151015	12.64	53.19	31.9
20151016	14.05	52.02	31.56
20151017	16.34	47.48	33.56
20151018	15.97	44.77	36.18
20151019	15.09	38.56	42.74
20151020	15.08	37.18	42.57
20151021	14.79	28.98	35.35
20151022	13.82	12.5	40.79
20151023	12.54	12.72	39.99
20151024	13.13	11.73	39.16
20151025	12.97	11.63	40.17
20151026	13.08	11.16	39.65
20151027	12.09	9.689	39.96
20151028	7.213	31.09	30.02
20151029	6.806	38.26	26.68
20151030	6.49	35.57	31.86
20151031	8.776	49.88	22.61
20151101	8.764	49.87	22.51
20151102	8.648	49.19	22.42
20151103	8.242	46.72	25.56
20151104	17.51	45.34	22.77
20151105	17.94	59.6	14.94
20151106	17.94	59.6	14.94
20151107	17.92	59.57	14.69
20151108	17.9	58.83	14.5
20151109	17.89	58.19	14.3
20151110	17.74	55.23	10.74
20151111	16.46	51.34	10.27
20151112	16.95	50.98	10.18
20151113	16.84	49.22	9.326
20151114	16.62	44.25	4.885
20151115	14.44	38.28	2.644
20151116	15.0	0.2918	0.0174
20151117	16.02	0.2614	0.0174
20151118	15.99	0.228	0.0
20151119	15.99	0.2002	0.0
20151120	15.99	0.2002	0.0
20151121	15.18	0.2002	0.0
20151122	25.26	0.2476	0.0
20151123	21.1	0.2476	0.0
20151124	21.3	0.2312	0.0
20151125	20.72	0.2312	0.0
20151126	20.98	0.2841	0.0
20151127	20.07	0.2841	0.0
20151128	19.54	0.2924	0.0
20151129	19.65	0.2675	0.0
20151130	19.65	0.2675	0.0
20151201	19.65	0.2675	0.0
20151202	19.65	0.2675	0.0
20151203	6.186	0.2675	0.0
20151204	6.179	0.3079	0.0
20151205	5.213	0.3079	0.0
20151206	5.383	0.2835	0.0
20151207	4.946	0.2835	0.0
20151208	5.157	0.3339	0.0
20151209	4.124	0.3339	0.0
20151210	1.08	0.3339	0.0
20151211	1.08	0.3339	0.0
20151212	1.08	0.3339	0.0
20151213	1.08	0.3339	0.0
20151214	1.08	0.3339	0.0
20151215	1.02	0.3339	0.0
20151216	1.028	0.3281	0.0
20151217	0.6621	0.3281	0.0
20151218	0.6709	0.327	0.0
20151219	0.3742	0.327	0.0
20151220	14.53	0.2314	0.0
20151221	14.42	0.2314	0.0
20151222	19.32	0.2737	0.0
20151223	22.51	0.2788	0.0
20151224	22.51	0.2788	0.0
20151225	22.51	0.2788	0.0
20151226	22.51	0.2788	0.0
20151227	22.51	0.2788	0.0
20151228	22.79	0.3208	0.0
20151229	22.78	0.3208	0.0
20151230	22.8	0.31	0.0
20151231	16.92	0.31	0.0
20160101	16.9	0.3316	0.0
20160102	13.28	0.3316	0.0
20160103	2.046	0.3327	0.0
20160104	2.057	0.327	0.0
20160105	2.057	0.327	0.0
20160106	2.057	0.327	0.0
20160107	2.057	0.327	0.0
20160108	0.9098	0.327	0.0
20160109	0.9037	0.3377	0.0
20160110	0.1579	0.3377	0.0
20160111	1.782	0.335	0.0
20160112	1.742	0.335	0.0
20160113	7.612	0.3377	0.0
20160114	7.587	0.3377	0.0
20160115	7.542	0.3377	0.0
20160116	7.574	0.336	0.0
20160117	7.574	0.336	0.0
20160118	7.574	0.336	0.0
20160119	7.574	0.336	0.0
20160120	7.572	0.336	0.0
20160121	7.572	0.3377	0.0
20160122	7.16	0.3377	0.0
20160123	7.172	0.3375	0.0
20160124	0.8156	0.3375	0.0
20160125	2.008	0.3377	0.0
20160126	1.654	0.3377	0.0
20160127	1.446	0.3377	0.0
20160128	1.446	0.3377	0.0
20160129	1.446	0.3377	0.0
20160130	1.446	0.3377	0.0
20160131	1.446	0.3377	0.0
20160201	1.398	0.3377	0.0
20160202	1.398	0.3377	0.0
20160203	1.369	0.3377	0.0
20160204	1.443	0.6528	0.0
20160205	0.09642	0.6528	0.1645
20160206	1.922	0.6528	0.1467
20160207	1.894	1.694	1.074
20160208	1.905	3.166	1.064
20160209	1.89	7.463	1.058
20160210	1.89	7.455	1.242
20160211	1.89	7.452	1.291
20160212	1.89	7.452	1.291
20160213	1.89	7.452	1.309
20160214	1.224	24.61	1.256
20160215	1.208	24.53	1.588
20160216	1.021	40.82	1.315
20160217	0.9672	40.82	1.315
20160218	0.7662	40.73	1.002
20160219	0.7571	40.56	1.057
20160220	0.7503	44.44	0.88
20160221	0.5039	52.01	0.793
20160222	0.4565	51.73	1.248
20160223	0.4565	51.73	1.248
20160224	0.4565	51.63	1.44
20160225	0.4542	49.92	1.642
20160226	0.03481	93.51	0.43
20160227	0.03402	93.07	0.8687
20160228	1.078	93.1	0.738
20160229	1.078	93.09	0.746
20160301	1.026	98.27	0.1568
20160302	1.026	98.27	0.1568
20160303	1.039	98.26	0.1568
20160304	0.73	97.85	0.9206
20160305	0.73	97.58	1.19
20160306	0.73	97.57	1.19
20160307	0.73	97.51	1.19
20160308	0.73	95.88	1.19
20160309	0.1054	96.49	1.762
20160310	0.1047	96.38	1.824
20160311	1.023	96.9	1.346
20160312	1.022	96.74	1.346
20160313	1.022	96.74	1.347
20160314	1.264	96.49	1.363
20160315	14.59	82.96	1.581
20160316	24.14	73.59	1.381
20160317	24.13	73.39	1.519
20160318	24.11	73.27	1.66
20160319	24.11	73.12	1.707
20160320	24.11	70.7	1.696
20160321	33.02	63.7	0.2635
20160322	33.0	59.08	0.2388
20160323	33.57	58.95	0.2124
20160324	33.38	58.48	0.4902
20160325	23.08	69.22	0.285
20160326	22.1	69.59	0.302
20160327	22.11	68.82	0.3009
20160328	18.65	73.25	0.4793
20160329	18.55	73.12	0.4808
20160330	18.35	72.61	1.027
20160331	18.03	72.15	1.358
20160401	17.83	71.21	1.89
20160402	5.946	91.87	0.8322
20160403	5.92	91.82	0.8957
20160404	2.07	95.83	0.8068
20160405	2.061	95.54	1.113
20160406	2.866	94.85	1.008
20160407	3.199	94.51	1.016
20160408	4.401	93.35	0.9783
20160409	5.027	92.72	0.9783
20160410	5.027	92.72	0.9758
20160411	5.027	92.63	1.066
20160412	5.027	92.62	1.057
20160413	5.022	90.73	1.11
20160414	14.14	81.15	0.9985
20160415	14.13	73.72	1.069
20160416	12.77	60.62	0.9546
20160417	12.6	50.86	0.8013
20160418	2.873	94.44	0.8838
20160419	3.043	93.7	1.495
20160420	4.48	92.27	1.623
20160421	1.081	96.82	1.431
20160422	1.081	96.63	1.622
20160423	1.08	96.49	1.77
20160424	1.072	96.16	2.114
20160425	1.053	95.77	2.595
20160426	1.041	96.07	2.338
20160427	1.041	96.07	2.338
20160428	40.3	54.66	4.71
20160429	40.04	53.78	5.846
20160430	52.83	38.98	7.87
20160501	52.83	37.43	9.425
20160502	45.03	43.73	10.92
20160503	44.91	43.83	10.94
20160504	44.9	43.82	10.95
20160505	44.9	43.8	10.96
20160506	44.83	43.37	11.33
20160507	44.83	43.33	11.35
20160508	47.56	40.25	11.69
20160509	47.52	39.66	11.86
20160510	48.89	37.33	12.75
20160511	48.84	36.61	12.57
20160512	48.94	35.41	12.37
20160513	47.74	24.97	12.3
20160514	39.49	27.88	12.88
20160515	39.78	27.57	13.81
20160516	39.68	26.56	13.72
20160517	38.76	22.73	16.5
20160518	38.61	22.06	18.78
20160519	38.07	21.38	20.61
20160520	32.46	29.81	24.47
20160521	31.89	29.33	24.11
20160522	35.55	26.67	30.32
20160523	35.21	26.27	30.32
20160524	34.97	26.03	31.09
20160525	34.5	23.62	30.98
20160526	27.04	26.24	40.99
20160527	26.88	20.74	50.7
20160528	26.66	20.5	51.16
20160529	24.57	18.32	56.01
20160530	22.28	15.24	61.69
20160531	20.03	14.75	64.78
20160601	21.38	13.41	64.79
20160602	18.81	12.01	68.59
20160603	24.85	10.72	63.88
20160604	24.78	10.55	63.97
20160605	28.01	9.428	61.89
20160606	27.54	8.312	62.56
20160607	27.37	6.535	61.9
20160608	28.15	6.339	61.25
20160609	28.09	5.384	61.08
20160610	26.26	4.715	62.81
20160611	25.1	4.095	63.9
20160612	26.3	4.138	62.47
20160613	26.86	3.203	55.77
20160614	26.69	2.77	54.93
20160615	33.38	3.08	51.1
20160616	32.95	3.031	51.02
20160617	32.81	2.855	49.55
20160618	32.79	2.844	49.6
20160619	32.47	2.832	49.57
20160620	32.47	2.832	49.31
20160621	32.1	2.427	38.53
20160622	31.68	1.473	10.82
20160623	30.12	1.384	18.82
20160624	27.59	1.111	27.61
20160625	25.36	0.9559	37.04
20160626	1.095	0.04766	68.1
20160627	0.9419	0.02681	83.11
20160628	0.9382	0.02681	83.0
20160629	9.328	0.3888	79.51
20160630	7.089	0.1155	84.19
20160701	7.701	0.508	84.3
20160702	7.006	0.4921	85.81
20160703	6.15	0.4586	87.63
20160704	5.265	0.5635	89.21
20160705	5.207	0.5635	89.2
20160706	7.12	0.5882	87.14
20160707	7.668	1.443	84.94
20160708	6.533	1.385	85.07
20160709	7.493	1.325	84.25
20160710	6.821	1.296	83.61
20160711	6.286	1.183	79.41
20160712	3.754	0.5218	89.58
20160713	3.163	0.5588	90.58
20160714	4.596	0.8298	86.94
20160715	4.382	0.5536	84.12
20160716	4.365	0.5636	84.11
20160717	4.107	0.553	84.94
20160718	5.764	0.3977	83.35
20160719	5.825	0.4409	83.5
20160720	5.044	0.3822	85.65
20160721	2.49	0.1652	95.94
20160722	0.1505	0.05613	99.23
20160723	0.7514	0.2648	98.44
20160724	0.7079	0.2101	98.51
20160725	1.286	0.1698	97.96
20160726	1.71	0.2007	97.54
20160727	1.681	0.2007	97.59
20160728	1.676	0.2173	97.58
20160729	1.435	0.208	97.85
20160730	1.252	0.2192	98.06
20160731	1.95	0.2309	97.33
20160801	1.944	0.227	97.26
20160802	3.228	0.1681	94.5
20160803	3.158	0.159	91.3
20160804	2.262	0.4874	93.5
20160805	0.9915	0.3311	96.54
20160806	1.957	0.41	94.12
20160807	3.137	0.3843	92.82
20160808	3.127	0.3843	92.84
20160809	3.11	0.407	91.74
20160810	1.938	0.2048	91.18
20160811	3.702	0.1875	88.8
20160812	4.092	0.2176	88.4
20160813	3.197	0.1806	92.2
20160814	4.259	0.1497	92.4
20160815	3.161	0.1069	93.33
20160816	1.265	0.211	94.63
20160817	0.1754	0.05534	99.15
20160818	0.2979	0.2087	99.0
20160819	0.8524	0.2007	98.46
20160820	0.442	0.1366	98.96
20160821	0.4979	0.1748	98.86
20160822	0.05911	0.03089	99.53
20160823	1.918	0.1925	97.51
20160824	1.678	0.2562	97.7
20160825	1.662	0.2562	97.71
20160826	3.571	0.2088	95.83
20160827	3.45	0.2018	95.96
20160828	7.124	0.2573	92.23
20160829	6.785	0.2687	92.51
20160830	6.905	0.4056	92.24
20160831	7.229	0.3861	91.93
20160901	7.228	0.3861	91.89
20160902	7.206	0.4104	91.43
20160903	5.202	0.2206	93.74
20160904	6.091	0.4627	60.84
20160905	8.246	2.127	67.0
20160906	7.452	1.838	73.34
20160907	8.748	9.336	66.66
20160908	7.735	7.908	69.79
20160909	7.73	7.604	69.83
20160910	4.074	1.828	85.65
20160911	4.607	1.791	85.75
20160912	5.152	2.091	85.51
20160913	2.644	0.9792	92.19
20160914	2.608	0.9971	91.31
20160915	2.493	0.9568	92.24
20160916	1.453	0.2654	97.89
20160917	1.149	0.2894	98.18
20160918	1.035	0.2639	98.32
20160919	2.124	4.888	92.6
20160920	1.991	4.571	93.06
20160921	1.813	0.7577	97.08
20160922	0.3013	0.1754	99.18
20160923	1.222	0.2585	98.17
20160924	2.443	0.238	96.97
20160925	2.437	0.238	96.97
20160926	2.262	0.2556	97.09
20160927	4.999	0.2356	91.11
20160928	5.098	3.179	87.09
20160929	6.208	3.161	86.65
20160930	9.095	3.925	83.01
20161001	10.53	4.654	80.69
20161002	9.785	5.851	81.57
20161003	10.72	13.65	69.66
20161004	9.863	30.82	56.73
20161005	14.0	27.22	56.49
20161006	14.29	27.01	56.44
20161007	13.56	22.94	61.23
20161008	9.133	14.88	74.08
20161009	8.7	3.812	86.66
20161010	3.776	3.2	92.33
20161011	10.08	2.853	86.4
20161012	12.33	2.511	84.46
20161013	12.76	2.422	83.85
20161014	12.77	2.267	83.92
20161015	5.287	2.126	90.1
20161016	13.16	1.998	82.97
20161017	17.16	3.114	78.14
20161018	11.97	5.258	81.23
20161019	12.93	6.525	79.39
20161020	3.698	3.584	91.77
20161021	10.37	6.617	82.22
20161022	4.787	5.159	89.23
20161023	14.75	7.734	76.75
20161024	25.88	7.978	65.39
20161025	24.91	11.65	62.68
20161026	11.5	9.945	77.86
20161027	11.58	12.68	74.97
20161028	17.67	18.32	63.22
20161029	28.32	23.33	47.66
20161030	23.44	33.04	42.26
20161031	29.62	44.96	23.58
20161101	25.0	44.14	28.6
20161102	24.45	43.63	29.26
20161103	25.44	50.25	21.29
20161104	27.03	54.35	15.52
20161105	23.95	51.62	21.32
20161106	43.86	43.46	9.478
20161107	43.84	43.37	9.48
20161108	50.21	39.16	6.929
20161109	50.33	38.33	6.53
20161110	53.01	35.86	5.634
20161111	53.54	32.2	5.019
20161112	52.98	30.2	3.944
20161113	52.71	29.08	3.528
20161114	52.63	26.1	3.288
20161115	52.58	20.58	2.929
20161116	51.74	4.073	0.5431
20161117	49.7	3.217	0.512
20161118	50.44	0.3255	0.0
20161119	46.61	0.3255	0.0
20161120	46.56	0.3255	0.0
20161121	41.34	0.3255	0.0
20161122	20.34	0.3319	0.0
20161123	24.75	0.323	0.0
20161124	24.72	0.323	0.0
20161125	24.8	0.3272	0.0
20161126	24.41	0.3272	0.0
20161127	27.25	0.3368	0.0
20161128	29.82	0.3322	0.0
20161129	28.78	0.3322	0.0
20161130	29.45	0.3338	0.0
20161201	29.45	0.3338	0.0
20161202	28.8	0.3338	0.0
20161203	24.76	0.3338	0.0
20161204	23.05	0.3364	0.0
20161205	23.23	0.3363	0.0
20161206	23.17	0.3363	0.0
20161207	23.18	0.3368	0.0
20161208	19.88	0.3368	0.0
20161209	13.15	0.3377	0.0
20161210	13.32	0.3377	0.0
20161211	11.22	0.3377	0.0
20161212	11.43	0.3371	0.0
20161213	11.43	0.3371	0.0
20161214	13.12	0.3377	0.0
20161215	7.121	0.3377	0.0
20161216	11.59	0.2913	0.0
20161217	24.45	0.2248	0.0
20161218	24.43	0.2248	0.0
20161219	24.43	0.2248	0.0
20161220	23.2	0.2248	0.0
20161221	30.36	0.1729	0.0
20161222	33.15	0.1905	0.0
20161223	32.99	0.1905	0.0
20161224	44.37	0.2461	0.0
20161225	46.2	0.2469	0.0
20161226	47.53	0.2872	0.0
20161227	48.45	0.2783	0.0
20161228	45.54	0.2747	0.0
20161229	45.63	0.2858	0.0
20161230	45.82	0.2882	0.0
20161231	45.8	0.3154	0.0
20170101	29.7	0.2944	0.0
20170102	28.08	0.2943	0.0
20170103	32.52	0.3178	0.0
20170104	32.77	0.307	0.0
20170105	32.54	0.3203	0.0
20170106	29.94	0.3192	0.0
20170107	29.92	0.3358	0.0
20170108	28.21	0.3256	0.0
20170109	29.44	0.3256	0.0
20170110	26.38	0.3377	0.0
20170111	20.46	0.336	0.0
20170112	17.16	0.336	0.0
20170113	20.46	0.336	0.0
20170114	20.41	0.336	0.0
20170115	18.63	0.3377	0.0
20170116	16.98	0.3364	0.0
20170117	15.01	0.3377	0.0
20170118	11.43	0.3377	0.0
20170119	11.43	0.3377	0.0
20170120	14.69	0.3377	0.0
20170121	15.62	0.3377	0.0
20170122	12.94	0.3377	0.0
20170123	11.8	0.3377	0.0
20170124	11.62	0.3377	0.0
20170125	29.86	0.3219	0.0
20170126	31.47	0.3219	0.0
20170127	53.67	0.1605	0.0
20170128	54.67	0.267	0.0
20170129	54.73	0.2897	0.0
20170130	58.48	0.2913	0.0
20170131	65.15	0.3161	0.0
20170201	72.33	0.3084	0.0
20170202	72.31	0.3147	0.0
20170203	60.13	4.568	0.01991
20170204	48.21	4.514	0.01991
20170205	35.45	13.89	0.8068
20170206	16.91	63.75	0.6701
20170207	3.415	90.64	0.3667
20170208	3.876	91.1	0.5733
20170209	4.118	93.17	0.3736
20170210	4.11	93.14	0.4046
20170211	3.008	94.68	0.4843
20170212	7.387	90.32	0.478
20170213	34.11	63.23	0.4743
20170214	43.25	54.13	0.5962
20170215	43.19	53.82	0.5851
20170216	43.1	53.36	0.5849
20170217	41.17	53.07	0.6212
20170218	54.67	28.6	0.2333
20170219	45.65	41.59	0.2461
20170220	32.98	47.19	0.2659
20170221	28.02	51.66	0.1743
20170222	22.57	63.62	0.462
20170223	22.29	63.55	0.4396
20170224	21.85	63.47	0.4416
20170225	7.705	76.19	1.179
20170226	5.033	79.08	1.079
20170227	1.31	93.23	0.3222
20170228	1.083	93.81	0.2562
20170301	0.7902	91.96	0.4053
20170302	0.6495	93.89	0.2878
20170303	0.2946	95.05	0.4297
20170304	0.4965	94.27	0.5685
20170305	0.5316	94.16	0.4951
20170306	0.5073	97.53	0.1991
20170307	0.516	97.26	0.199
20170308	0.3725	98.13	0.1529
20170309	0.3945	97.96	0.1351
20170310	0.4275	97.32	0.5368
20170311	0.4089	97.15	0.5004
20170312	0.4125	96.85	0.5627
20170313	0.391	94.65	0.5509
20170314	0.3658	68.23	0.5335
20170315	0.3343	49.37	0.3868
20170316	1.597	50.51	0.4707
20170317	2.053	65.61	0.4653
20170318	1.513	71.55	0.3662
20170319	1.721	71.86	0.3333
20170320	1.721	69.5	0.3333
20170321	1.715	70.13	0.3176
20170322	0.2419	82.58	0.1624
20170323	0.1848	79.16	0.1624
20170324	0.1615	82.54	0.2919
20170325	0.1182	80.31	0.3598
20170326	1.367	78.67	0.3498
20170327	3.705	76.89	0.3388
20170328	12.88	69.23	0.1612
20170329	13.47	54.88	0.1486
20170330	13.41	53.32	0.1406
20170331	12.85	41.38	0.06961
20170401	11.66	41.41	0.02352
20170402	3.208	74.48	0.01003
20170403	3.523	73.48	0.01003
20170404	15.71	64.44	0.01003
20170405	32.86	52.33	0.07055
20170406	32.38	52.18	0.09626
20170407	39.24	44.91	0.1264
20170408	16.67	79.71	0.01725
20170409	22.41	72.86	0.01725
20170410	22.47	72.92	0.01725
20170411	22.88	72.0	0.01725
20170412	19.78	73.62	0.007839
20170413	8.848	86.66	0.003919
20170414	5.979	89.37	0.003919
20170415	7.396	62.25	0.003919
20170416	7.252	62.84	0.003919
20170417	5.494	77.54	0.0
20170418	5.445	77.54	0.0
20170419	5.412	75.84	0.0
20170420	5.422	71.85	0.0
20170421	3.995	70.6	0.0
20170422	2.329	65.23	0.01317
20170423	0.417	85.91	0.001411
20170424	0.4893	69.24	0.001411
20170425	1.208	88.27	0.001411
20170426	3.046	95.31	0.001411
20170427	2.6	96.18	0.001411
20170428	0.4078	99.21	0.005331
20170429	0.6886	98.93	0.005801
20170430	0.7403	98.87	0.005801
20170501	1.661	97.93	0.00439
20170502	2.459	97.11	0.00439
20170503	9.201	90.33	0.008309
20170504	10.82	88.66	0.008309
20170505	57.46	41.85	0.01458
20170506	58.96	15.13	0.01411
20170507	61.97	15.45	0.0417
20170508	65.07	17.44	0.09015
20170509	59.49	24.96	0.09799
20170510	58.96	20.71	0.09407
20170511	40.88	51.32	0.1077
20170512	28.45	55.7	0.2189
20170513	21.69	68.15	0.2109
20170514	13.08	84.07	0.364
20170515	25.84	73.09	0.4708
20170516	19.92	79.01	0.4649
20170517	27.39	71.55	0.463
20170518	35.61	63.06	0.7005
20170519	65.37	33.26	0.6947
20170520	68.86	29.67	0.6451
20170521	71.43	26.88	0.5586
20170522	69.39	14.82	0.3252
20170523	69.05	14.6	0.3894
20170524	67.86	15.61	0.3887
20170525	65.62	15.15	0.8427
20170526	62.0	20.22	1.434
20170527	60.33	28.4	3.876
20170528	63.96	24.45	3.843
20170529	63.13	25.35	3.789
20170530	62.6	24.61	3.769
20170531	60.99	26.57	3.725
20170601	61.2	25.2	3.792
20170602	60.34	26.29	4.618
20170603	33.66	53.15	6.468
20170604	44.34	42.42	6.676
20170605	42.58	44.11	6.604
20170606	57.51	28.95	6.751
20170607	42.82	42.39	10.74
20170608	45.82	36.63	15.66
20170609	45.84	32.99	19.48
20170610	40.36	31.2	24.01
20170611	38.78	31.02	25.78
20170612	32.19	34.76	27.97
20170613	35.02	29.78	30.68
20170614	35.82	23.6	32.69
20170615	35.63	20.64	32.79
20170616	35.38	18.42	32.73
20170617	33.62	18.42	34.99
20170618	34.61	15.1	34.29
20170619	33.95	11.79	34.31
20170620	33.97	8.735	32.58
20170621	33.66	4.253	18.27
20170622	32.77	5.36	22.84
20170623	30.26	6.19	36.78
20170624	28.3	6.539	36.63
20170625	29.66	5.235	36.23
20170626	30.3	4.539	35.05
20170627	29.87	3.981	33.62
20170628	29.08	4.298	37.94
20170629	27.97	3.381	41.82
20170630	25.74	2.4	52.87
20170701	24.9	2.506	52.66
20170702	23.98	2.403	56.12
20170703	24.52	1.457	54.76
20170704	24.73	1.434	54.71
20170705	23.64	1.006	54.03
20170706	22.93	1.101	54.54
20170707	22.45	1.518	40.25
20170708	22.44	1.391	37.93
20170709	22.18	1.328	40.84
20170710	20.87	1.244	41.57
20170711	17.78	1.802	60.93
20170712	19.39	1.33	59.77
20170713	19.41	1.234	58.96
20170714	18.35	1.35	53.37
20170715	17.97	1.912	59.29
20170716	17.96	1.754	53.0
20170717	16.8	1.776	52.35
20170718	16.3	3.909	25.33
20170719	15.97	3.587	27.7
20170720	16.36	3.468	27.79
20170721	15.37	3.215	41.15
20170722	15.05	0.8853	58.99
20170723	9.683	0.5385	84.25
20170724	10.36	0.4719	84.25
20170725	5.916	0.3082	92.13
20170726	7.33	0.2148	91.14
20170727	7.82	0.1991	90.85
20170728	6.456	0.1726	92.31
20170729	4.425	0.1464	94.13
20170730	6.651	0.8239	91.11
20170731	9.265	0.7085	88.54
20170801	10.37	0.7011	87.02
20170802	10.29	0.7536	86.56
20170803	10.39	0.6958	83.36
20170804	8.074	0.4747	78.78
20170805	8.74	0.6284	55.77
20170806	8.119	0.5896	61.81
20170807	8.254	7.209	62.32
20170808	8.239	1.888	81.75
20170809	8.231	1.812	82.08
20170810	8.045	2.268	80.89
20170811	6.759	1.467	84.81
20170812	7.296	1.767	83.42
20170813	7.593	1.348	82.31
20170814	7.764	0.9763	81.15
20170815	9.518	1.129	66.23
20170816	5.49	0.5842	86.79
20170817	7.273	0.4854	85.38
20170818	7.061	0.4658	83.47
20170819	6.892	0.2861	85.09
20170820	7.201	0.3234	79.09
20170821	7.337	0.265	78.92
20170822	6.359	0.2007	76.62
20170823	6.481	0.1842	49.97
20170824	8.329	0.1159	43.09
20170825	11.21	1.628	37.9
20170826	12.19	2.204	6.216
20170827	13.32	1.523	31.11
20170828	12.65	1.44	32.44
20170829	13.11	1.688	31.54
20170830	13.12	1.682	31.74
20170831	12.77	2.189	31.08
20170901	12.49	1.334	31.14
20170902	11.13	0.9383	33.83
20170903	8.449	0.7372	15.65
20170904	2.759	0.314	93.48
20170905	3.676	0.1875	93.48
20170906	4.447	0.1877	92.78
20170907	2.275	0.293	95.75
20170908	4.141	0.1805	93.99
20170909	4.033	0.1852	93.94
20170910	7.058	0.6343	90.71
20170911	6.882	0.983	89.59
20170912	8.315	4.901	83.83
20170913	8.489	4.899	83.63
20170914	7.338	3.861	53.97
20170915	7.056	4.393	48.72
20170916	9.151	4.35	49.51
20170917	9.277	3.984	49.08
20170918	8.639	3.269	50.39
20170919	5.226	0.8187	67.0
20170920	6.927	0.8051	72.75
20170921	5.535	1.125	74.53
20170922	7.566	0.3814	80.95
20170923	7.265	1.238	80.04
20170924	5.098	0.2566	92.23
20170925	6.192	0.2079	91.68
20170926	3.706	0.241	94.13
20170927	1.322	0.2153	97.33
20170928	1.172	0.4068	97.21
20170929	1.8	0.2439	96.76
20170930	2.474	0.2905	96.29
20171001	1.224	0.3289	97.49
20171002	2.245	0.2582	96.3
20171003	2.286	1.885	94.55
20171004	7.586	1.639	88.69
20171005	7.448	1.443	88.76
20171006	10.4	1.375	85.58
20171007	11.04	1.685	83.37
20171008	9.547	3.844	57.84
20171009	7.047	3.619	70.84
20171010	4.87	5.831	76.24
20171011	8.252	7.82	72.96
20171012	9.924	10.66	69.16
20171013	4.554	19.2	70.69
20171014	7.511	20.83	64.41
20171015	6.328	24.38	61.23
20171016	13.59	22.94	54.96
20171017	12.13	39.99	41.95
20171018	18.8	37.17	37.73
20171019	21.11	39.91	33.42
20171020	11.07	65.25	18.53
20171021	12.56	62.83	20.55
20171022	7.164	71.43	17.46
20171023	36.99	56.28	5.342
20171024	37.13	58.1	3.621
20171025	25.45	65.91	7.682
20171026	22.9	62.25	13.7
20171027	22.86	62.12	13.64
20171028	22.1	64.6	11.66
20171029	15.03	74.38	9.15
20171030	18.28	77.24	3.259
20171031	11.29	85.22	2.373
20171101	13.81	83.65	1.407
20171102	13.12	83.47	2.282
20171103	16.45	80.63	2.046
20171104	19.82	75.75	3.555
20171105	18.72	77.42	2.857
20171106	15.33	80.84	2.463
20171107	15.79	77.19	2.347
20171108	15.28	73.54	2.341
20171109	14.44	59.3	1.839
20171110	13.76	51.84	1.596
20171111	13.85	28.62	0.02414
20171112	17.57	14.58	0.003763
20171113	17.97	0.335	0.0
20171114	16.9	0.3347	0.0
20171115	16.52	0.3377	0.0
20171116	15.93	0.3369	0.0
20171117	16.77	0.3346	0.0
20171118	15.8	0.3375	0.0
20171119	11.13	0.3375	0.0
20171120	11.01	0.3377	0.0
20171121	19.63	0.3377	0.0
20171122	19.76	0.3377	0.0
20171123	21.26	0.3377	0.0
20171124	20.65	0.3377	0.0
20171125	20.85	0.3377	0.0
20171126	20.88	0.3377	0.0
20171127	20.89	0.3377	0.0
20171128	19.48	0.3377	0.0
20171129	20.27	0.3374	0.0
20171130	14.55	0.3377	0.0
20171201	17.38	0.3369	0.0
20171202	16.91	0.3369	0.0
20171203	17.13	0.3377	0.0
20171204	17.12	0.3377	0.0
20171205	17.4	0.3377	0.0
20171206	16.41	0.3377	0.0
20171207	16.36	0.3374	0.0
20171208	7.72	0.3374	0.0
20171209	7.744	0.3377	0.0
20171210	7.418	0.3377	0.0
20171211	8.336	0.3377	0.0
20171212	6.733	0.3377	0.0
20171213	16.01	0.3377	0.0
20171214	15.96	0.3377	0.0
20171215	15.95	0.3377	0.0
20171216	16.02	0.3377	0.0
20171217	17.35	0.3377	0.0
20171218	19.88	0.3375	0.0
20171219	19.88	0.3375	0.0
20171220	18.35	0.3136	0.0
20171221	19.06	0.335	0.0
20171222	20.32	0.3349	0.0
20171223	23.27	0.3368	0.0
20171224	21.22	0.3377	0.0
20171225	13.78	0.3377	0.0
20171226	12.82	0.3377	0.0
20171227	14.59	0.3377	0.0
20171228	14.46	0.3377	0.0
20171229	14.37	0.3377	0.0
20171230	13.64	0.3375	0.0
20171231	13.64	0.3377	0.0
20180101	9.43	0.3377	0.0
20180102	9.769	0.3377	0.0
20180103	8.17	0.3377	0.0
20180104	8.28	0.3377	0.0
20180105	8.074	0.3377	0.0
20180106	11.44	0.3377	0.0
20180107	11.44	0.3377	0.0
20180108	11.5	0.3377	0.0
20180109	11.77	0.3377	0.0
20180110	13.54	0.3377	0.0
20180111	14.54	0.3377	0.0
20180112	14.6	0.3377	0.0
20180113	6.846	0.3377	0.0
20180114	8.571	0.3377	0.0
20180115	8.35	0.3377	0.0
20180116	8.228	0.3375	0.0
20180117	5.707	0.3377	0.0
20180118	5.652	0.3377	0.0
20180119	5.487	0.3377	0.0
20180120	8.551	0.3377	0.0
20180121	8.394	0.3377	0.0
20180122	8.895	0.3377	0.0
20180123	10.64	0.3377	0.0
20180124	10.67	0.3377	0.0
20180125	10.63	0.3377	0.0
20180126	10.7	0.3377	0.0
20180127	9.443	0.3377	0.0
20180128	9.442	0.3377	0.0
20180129	8.407	0.3377	0.0
20180130	7.547	0.3377	0.0
20180131	7.449	0.3377	0.0
20180201	13.11	0.3377	0.0
20180202	13.1	0.3377	0.0
20180203	13.96	0.3377	0.0
20180204	16.04	0.3377	0.0
20180205	16.04	0.3377	0.0
20180206	14.9	13.36	0.7855
20180207	11.18	51.76	1.799
20180208	11.74	50.9	1.75
20180209	4.445	85.07	0.7268
20180210	4.238	86.69	0.6654
20180211	0.9336	93.53	2.749
20180212	0.8422	92.88	3.894
20180213	4.942	91.3	2.387
20180214	1.409	92.17	4.883
20180215	4.3	90.29	3.909
20180216	8.481	89.56	0.9741
20180217	3.179	95.89	0.4445
20180218	3.939	95.0	0.4415
20180219	6.349	91.58	1.534
20180220	11.25	88.01	0.1949
20180221	6.343	93.04	0.1422
20180222	1.35	98.13	0.1046
20180223	7.808	91.49	0.1986
20180224	7.139	92.07	0.179
20180225	13.49	85.7	0.1392
20180226	6.912	91.22	1.132
20180227	9.005	89.99	0.2085
20180228	10.54	88.13	0.1654
20180301	10.36	85.88	0.2339
20180302	10.36	85.32	0.2261
20180303	10.34	84.49	0.2987
20180304	12.24	78.48	0.2792
20180305	8.394	82.54	0.4358
20180306	3.195	88.33	0.06914
20180307	10.75	82.06	0.1119
20180308	9.774	82.43	0.1163
20180309	15.15	80.33	0.006428
20180310	10.11	85.38	0.003763
20180311	9.358	86.36	0.0693
20180312	9.416	87.73	0.06303
20180313	9.027	87.82	0.162
20180314	8.998	87.72	0.1701
20180315	5.763	92.81	0.01536
20180316	11.78	87.65	0.009564
20180317	12.92	86.51	0.005174
20180318	11.28	87.98	0.1126
20180319	11.23	87.96	0.1347
20180320	10.35	88.75	0.1311
20180321	10.09	88.93	0.1781
20180322	9.797	88.52	0.1941
20180323	5.783	90.2	0.0301
20180324	10.52	87.98	0.00486
20180325	10.66	87.73	0.00486
20180326	10.72	87.6	0.001097
20180327	9.123	88.95	0.1441
20180328	9.643	88.42	0.1637
20180329	8.879	88.67	0.2748
20180330	8.203	82.29	0.3322
20180331	6.303	36.82	0.3313
20180401	3.657	48.37	0.3713
20180402	2.128	82.85	0.1066
20180403	0.3938	94.9	0.02022
20180404	1.238	95.3	0.01881
20180405	1.688	95.52	0.07808
20180406	1.79	95.29	0.07808
20180407	1.664	95.42	0.1055
20180408	0.3101	98.16	0.04703
20180409	1.053	97.13	0.1202
20180410	1.515	79.34	0.1123
20180411	1.501	77.19	0.1115
20180412	1.337	80.32	0.04139
20180413	1.57	82.28	0.04139
20180414	12.3	86.43	0.002195
20180415	13.22	85.6	0.002195
20180416	29.61	69.81	0.0
20180417	16.76	82.88	0.02226
20180418	9.142	90.48	0.05472
20180419	14.01	85.61	0.0624
20180420	52.26	47.36	0.05942
20180421	63.35	36.27	0.05519
20180422	67.73	31.89	0.05236
20180423	56.67	42.76	0.2372
20180424	61.2	38.19	0.2099
20180425	60.59	25.66	0.1682
20180426	59.69	28.7	0.2502
20180427	58.6	28.44	0.2502
20180428	60.17	25.65	0.2443
20180429	63.41	22.41	0.3612
20180430	62.32	12.13	0.2541
20180501	50.11	27.16	2.545
20180502	44.41	37.8	2.603
20180503	48.64	34.39	3.674
20180504	52.23	35.77	5.412
20180505	49.53	38.0	5.509
20180506	59.89	30.73	7.184
20180507	59.96	30.66	7.184
20180508	48.96	39.15	9.913
20180509	40.96	45.0	12.36
20180510	44.15	36.72	18.24
20180511	43.13	35.5	20.04
20180512	41.06	35.46	22.49
20180513	40.24	35.41	23.13
20180514	28.3	38.89	32.24
20180515	30.23	34.07	34.81
20180516	30.28	28.2	40.14
20180517	23.86	28.7	45.46
20180518	28.42	20.1	45.61
20180519	27.83	18.58	46.27
20180520	28.56	16.56	45.74
20180521	28.49	14.4	45.31
20180522	29.11	12.46	44.27
20180523	31.73	10.46	41.34
20180524	31.7	3.881	22.85
20180525	27.4	1.588	47.36
20180526	27.32	2.846	50.18
20180527	28.44	2.34	49.47
20180528	28.36	2.122	50.64
20180529	28.05	2.097	50.68
20180530	24.92	1.981	53.94
20180531	23.27	2.037	57.14
20180601	18.59	3.7	66.17
20180602	18.57	2.976	65.75
20180603	20.66	2.83	63.35
20180604	26.07	1.968	59.81
20180605	26.01	4.239	58.49
20180606	26.5	4.011	57.05
20180607	28.51	3.696	54.13
20180608	32.62	2.903	19.42
20180609	33.26	2.828	16.79
20180610	33.19	2.661	16.76
20180611	32.62	2.406	15.57
20180612	32.49	0.5315	11.04
20180613	32.34	0.518	8.642
20180614	31.17	1.591	14.19
20180615	28.21	2.329	14.4
20180616	25.27	2.289	16.51
20180617	17.46	2.542	69.46
20180618	17.1	2.505	69.3
20180619	17.45	2.608	68.94
20180620	16.98	11.52	60.54
20180621	17.21	12.27	57.55
20180622	16.77	12.07	57.37
20180623	16.14	11.94	56.9
20180624	14.97	10.07	17.08
20180625	15.74	9.989	17.11
20180626	15.71	9.86	17.43
20180627	15.53	1.327	18.1
20180628	15.71	0.288	21.71
20180629	15.71	0.2693	21.96
20180630	14.88	0.2151	26.39
20180701	8.166	2.162	84.24
20180702	6.46	1.145	91.04
20180703	7.474	0.9952	90.25
20180704	8.235	0.9327	89.52
20180705	8.795	0.6742	89.39
20180706	8.725	0.698	89.38
20180707	8.696	0.698	89.2
20180708	6.686	0.393	90.41
20180709	6.552	0.2899	81.59
20180710	5.225	0.2841	92.47
20180711	2.787	0.2924	95.78
20180712	1.94	0.2689	96.48
20180713	1.462	0.2294	97.55
20180714	2.21	0.1641	96.91
20180715	3.075	0.2041	95.94
20180716	2.483	0.2305	96.54
20180717	1.696	0.1583	97.49
20180718	0.7328	0.0856	98.54
20180719	1.868	0.1922	97.38
20180720	1.463	0.1387	97.61
20180721	2.0	0.1826	97.16
20180722	3.182	0.1568	96.09
20180723	3.346	0.1825	95.86
20180724	3.313	0.1703	95.74
20180725	3.657	0.2043	94.49
20180726	2.871	0.1687	93.53
20180727	2.355	0.187	95.85
20180728	0.5152	0.2582	98.19
20180729	0.841	0.2013	98.26
20180730	0.7999	0.2239	98.29
20180731	0.5653	0.2292	98.6
20180801	0.3658	0.0417	99.08
20180802	2.188	0.06114	97.18
20180803	3.482	0.1747	95.66
20180804	3.379	0.1875	95.51
20180805	2.889	0.1676	94.1
20180806	3.127	0.1983	93.54
20180807	3.811	0.1356	88.26
20180808	4.054	0.1685	87.35
20180809	4.05	0.3316	85.94
20180810	4.918	0.2686	85.67
20180811	4.62	0.7383	86.44
20180812	5.385	0.7436	84.33
20180813	5.416	0.8877	83.85
20180814	6.059	1.167	83.06
20180815	5.619	1.005	46.07
20180816	5.583	0.9476	46.37
20180817	5.25	0.854	46.07
20180818	2.606	0.3618	78.64
20180819	4.264	0.9366	78.28
20180820	4.879	1.813	77.4
20180821	4.564	3.48	80.19
20180822	4.655	1.739	87.32
20180823	3.841	1.72	88.43
20180824	4.909	1.633	87.85
20180825	4.909	1.602	80.53
20180826	4.265	0.999	85.86
20180827	5.027	1.082	86.31
20180828	1.838	0.354	96.22
20180829	1.983	0.2896	95.6
20180830	3.528	0.3498	93.91
20180831	4.162	0.2253	93.47
20180901	3.991	0.2171	94.4
20180902	4.334	0.2795	93.69
20180903	4.663	3.635	89.73
20180904	3.19	2.915	91.09
20180905	2.24	0.2645	96.05
20180906	0.8217	0.04468	98.23
20180907	2.014	0.1942	96.94
20180908	3.042	0.1676	96.1
20180909	1.169	0.2112	98.05
20180910	0.5896	0.1282	98.75
20180911	1.366	1.016	97.08
20180912	3.322	0.4511	95.65
20180913	4.638	0.473	94.14
20180914	4.696	1.229	93.17
20180915	6.367	1.16	90.7
20180916	6.798	1.776	78.54
20180917	7.477	1.54	83.38
20180918	7.636	1.434	80.75
20180919	8.539	9.046	71.09
20180920	7.762	6.64	69.16
20180921	7.34	5.354	73.6
20180922	4.254	3.828	85.67
20180923	6.595	3.69	83.6
20180924	9.352	3.386	75.25
20180925	11.62	4.919	71.76
20180926	11.67	4.471	70.75
20180927	17.38	17.64	55.14
20180928	15.07	26.95	47.72
20180929	16.64	29.68	19.42
20180930	16.8	30.82	18.93
20181001	25.48	28.77	17.77
20181002	25.78	28.84	18.45
20181003	20.54	40.5	17.5
20181004	19.05	39.73	19.85
20181005	18.19	40.58	16.23
20181006	18.73	41.34	16.09
20181007	17.33	49.85	12.55
20181008	14.45	51.45	12.0
20181009	13.29	55.39	11.0
20181010	12.12	50.47	14.98
20181011	35.01	33.25	11.68
20181012	26.55	38.19	26.03
20181013	31.11	33.31	24.51
20181014	32.22	31.07	24.47
20181015	26.05	31.18	33.1
20181016	22.87	22.41	46.63
20181017	20.09	21.9	50.14
20181018	20.55	20.76	53.41
20181019	19.98	31.05	43.0
20181020	18.45	39.79	36.46
20181021	19.49	46.53	30.11
20181022	17.81	45.05	31.77
20181023	24.26	38.93	34.41
20181024	10.84	60.49	27.73
20181025	43.22	42.09	14.09
20181026	54.81	37.5	7.221
20181027	41.86	50.41	7.314
20181028	37.86	47.67	14.06
20181029	31.69	55.22	12.7
20181030	52.34	43.03	4.293
20181031	60.27	36.89	2.479
20181101	33.42	61.59	4.585
20181102	38.86	56.26	4.338
20181103	34.26	57.14	7.824
20181104	50.05	41.55	6.98
20181105	42.65	48.16	7.634
20181106	37.12	49.21	7.931
20181107	31.95	45.92	8.404
20181108	33.25	33.27	6.933
20181109	32.91	33.17	6.926
20181110	30.3	25.64	4.014
20181111	29.26	25.39	3.979
20181112	29.41	15.45	1.697
20181113	28.54	5.125	0.9216
20181114	21.24	0.08341	0.0
20181115	18.58	0.09281	0.0
20181116	23.65	0.01615	0.0
20181117	23.81	0.01395	0.0
20181118	36.45	0.06773	0.0
20181119	41.21	0.07149	0.0
20181120	41.12	0.1342	0.0
20181121	41.08	0.1297	0.0
20181122	41.2	0.2632	0.0
20181123	41.22	0.1935	0.0
20181124	41.53	0.1891	0.0
20181125	37.25	0.2741	0.0
20181126	20.79	0.2741	0.0
20181127	18.55	0.2742	0.0
20181128	18.76	0.3059	0.0
20181129	18.83	0.3057	0.0
20181130	15.67	0.2886	0.0
20181201	13.29	0.2689	0.0
20181202	12.96	0.2947	0.0
20181203	13.02	0.2936	0.0
20181204	12.99	0.3363	0.0
20181205	13.01	0.3195	0.0
20181206	16.58	0.2682	0.0
20181207	14.48	0.3096	0.0
20181208	25.44	0.2891	0.0
20181209	25.28	0.2891	0.0
20181210	33.92	0.331	0.0
20181211	33.92	0.3308	0.0
20181212	34.97	0.3203	0.0
20181213	32.01	0.3023	0.0
20181214	32.02	0.3189	0.0
20181215	27.93	0.3189	0.0
20181216	30.13	0.3377	0.0
20181217	40.84	0.3332	0.0
20181218	47.36	0.2979	0.0
20181219	45.87	0.3372	0.0
20181220	49.19	0.3015	0.0
20181221	49.12	0.3018	0.0
20181222	53.46	0.336	0.0
20181223	53.48	0.336	0.0
20181224	53.91	0.33	0.0
20181225	53.5	0.3159	0.0
20181226	53.49	0.3374	0.0
20181227	51.63	0.3374	0.0
20181228	51.65	0.3377	0.0
20181229	41.41	0.3377	0.0
20181230	44.07	0.3358	0.0
20181231	28.68	0.3377	0.0
20190101	29.5	0.3339	0.0
20190102	29.39	0.3339	0.0
20190103	28.83	0.3377	0.0
20190104	28.68	0.3377	0.0
20190105	28.12	0.3374	0.0
20190106	36.42	0.3018	0.0
20190107	39.93	0.3258	0.0
20190108	24.83	0.3264	0.0
20190109	29.74	0.3377	0.0
20190110	30.63	0.3341	0.0
20190111	31.98	0.3364	0.0
20190112	31.75	0.3377	0.0
20190113	41.36	0.3377	0.0
20190114	38.74	0.3377	0.0
20190115	39.79	0.3377	0.0
20190116	39.32	0.3377	0.0
20190117	38.08	0.3361	0.0
20190118	36.14	0.3377	0.0
20190119	36.1	0.3377	0.0
20190120	23.6	0.3377	0.0
20190121	23.64	0.3377	0.0
20190122	16.7	0.3377	0.0
20190123	16.74	0.3377	0.0
20190124	13.38	0.3377	0.0
20190125	8.658	0.3377	0.0
20190126	7.352	0.3377	0.0
20190127	11.69	0.3377	0.0
20190128	11.53	0.3377	0.0
20190129	12.61	0.3377	0.0
20190130	13.5	0.3377	0.0
20190131	13.58	0.3377	0.0
20190201	13.34	0.3377	0.0
20190202	13.63	0.3377	0.0
20190203	14.59	0.3377	0.0
20190204	13.83	8.047	0.007839
20190205	7.197	37.76	0.2389
20190206	13.32	51.12	0.5628
20190207	11.25	56.87	1.98
20190208	24.89	66.34	1.03
20190209	9.409	87.65	0.5823
20190210	21.43	76.11	0.5415
20190211	26.96	70.89	0.4884
20190212	21.53	75.74	1.048
20190213	19.22	77.77	1.287
20190214	15.93	80.13	1.821
20190215	18.63	77.41	1.628
20190216	19.33	71.52	1.583
20190217	11.87	81.86	1.697
20190218	21.78	71.18	1.5
20190219	21.58	70.44	1.384
20190220	21.98	67.63	1.683
20190221	10.77	79.44	1.424
20190222	21.37	66.02	1.031
20190223	41.53	50.81	0.8232
20190224	49.55	44.15	0.5417
20190225	52.22	41.07	1.106
20190226	62.23	32.92	0.8435
20190227	56.8	35.51	0.6586
20190228	69.52	23.4	0.6376
20190301	68.2	25.5	0.5592
20190302	62.46	32.01	0.3666
20190303	52.22	39.66	0.3432
20190304	50.95	39.94	0.3002
20190305	50.55	39.82	0.2991
20190306	48.99	39.02	0.2991
20190307	31.56	57.07	0.1563
20190308	25.59	62.58	0.09109
20190309	22.94	61.29	0.08733
20190310	7.71	77.53	0.04264
20190311	6.067	84.81	0.02618
20190312	6.475	85.46	0.2678
20190313	6.169	85.42	0.2678
20190314	5.046	86.39	0.4489
20190315	4.683	85.74	0.4802
20190316	4.586	86.09	0.5051
20190317	2.951	88.46	0.196
20190318	2.097	82.82	0.18
20190319	1.701	80.98	0.09767
20190320	1.48	81.91	0.1786
20190321	1.009	79.54	0.1938
20190322	0.8314	83.43	0.2485
20190323	1.285	83.73	0.3369
20190324	1.534	75.24	0.3261
20190325	4.584	67.6	0.3128
20190326	5.841	73.27	0.2499
20190327	5.365	73.36	0.264
20190328	9.226	63.5	0.2759
20190329	9.882	54.52	0.2137
20190330	12.27	49.67	0.1358
20190331	12.16	48.84	0.1631
20190401	11.01	53.47	0.1425
20190402	10.55	39.13	0.1228
20190403	10.63	37.21	0.08309
20190404	7.516	50.81	0.1019
20190405	17.99	76.79	0.003919
20190406	8.497	90.9	0.0
20190407	11.07	88.34	0.0
20190408	10.12	89.21	0.07024
20190409	3.094	96.33	0.007839
20190410	2.493	97.01	0.0
20190411	3.215	96.26	0.0
20190412	3.222	96.02	0.0
20190413	3.347	89.59	0.0
20190414	5.524	86.5	0.003919
20190415	16.62	78.2	0.003919
20190416	16.87	79.68	0.003919
20190417	24.28	65.68	0.003919
20190418	24.27	65.67	0.007839
20190419	25.43	64.56	0.007839
20190420	31.54	58.79	0.007839
20190421	74.7	21.66	0.02885
20190422	57.82	39.96	0.01474
20190423	68.63	30.23	0.1055
20190424	73.27	25.51	0.09924
20190425	52.28	46.48	0.3089
20190426	15.4	0.003292	84.29
20190427	52.33	24.72	22.64
20190428	54.22	42.21	3.266
20190429	60.5	36.07	3.126
20190430	60.93	35.59	3.172
20190501	68.41	28.35	2.943
20190502	68.02	28.64	3.039
20190503	71.51	25.29	1.524
20190504	68.45	28.55	1.168
20190505	63.8	28.53	1.149
20190506	64.59	26.02	1.208
20190507	63.61	27.01	1.208
20190508	62.68	26.44	1.204
20190509	48.79	44.92	1.792
20190510	59.69	33.94	1.744
20190511	56.19	36.51	4.255
20190512	56.53	35.04	4.131
20190513	58.63	30.92	3.837
20190514	58.33	30.75	4.082
20190515	58.29	30.8	4.398
20190516	58.57	25.25	4.058
20190517	51.82	31.63	7.698
20190518	51.21	25.58	12.25
20190519	43.72	32.77	14.79
20190520	43.58	32.21	16.2
20190521	40.38	34.35	18.15
20190522	41.31	30.79	20.46
20190523	43.54	27.07	22.48
20190524	42.02	24.8	22.62
20190525	43.64	21.35	22.41
20190526	43.35	16.32	21.4
20190527	43.24	16.95	21.45
20190528	42.84	16.75	21.28
20190529	42.82	15.26	20.39
20190530	42.4	7.073	11.71
20190531	41.15	7.49	12.3
20190601	39.39	6.75	11.68
20190602	39.53	7.011	11.66
20190603	35.9	10.33	23.0
20190604	37.16	8.858	22.78
20190605	34.53	10.89	29.26
20190606	34.13	11.04	33.99
20190607	32.98	10.27	36.45
20190608	33.01	9.434	36.63
20190609	32.63	9.212	37.46
20190610	32.01	4.967	31.14
20190611	30.83	4.928	33.49
20190612	29.69	4.44	33.12
20190613	5.267	0.004076	94.43
20190614	16.29	1.352	82.05
20190615	18.04	1.113	80.55
20190616	20.6	0.7	78.39
20190617	19.67	1.258	78.77
20190618	20.87	1.448	77.38
20190619	20.85	1.451	77.4
20190620	20.31	1.568	70.5
20190621	20.66	1.661	69.5
20190622	21.23	1.392	67.25
20190623	20.51	5.845	56.97
20190624	20.15	5.504	30.22
20190625	18.28	4.509	40.57
20190626	18.27	4.509	39.63
20190627	15.87	2.67	33.84
20190628	15.61	2.46	36.25
20190629	14.41	2.317	42.3
20190630	4.006	0.07823	56.67
20190701	4.006	0.07776	56.06
20190702	1.663	0.04688	58.56
20190703	1.592	0.04343	77.53
20190704	15.53	0.03449	72.02
20190705	18.28	0.2167	72.07
20190706	18.32	0.2272	71.77
20190707	17.18	0.1938	71.63
20190708	13.43	1.471	79.31
20190709	11.21	1.049	84.69
20190710	13.0	0.7935	82.08
20190711	11.98	0.8127	83.58
20190712	10.65	0.6577	85.64
20190713	6.324	0.5914	90.9
20190714	8.292	0.5396	88.92
20190715	8.459	0.2378	88.17
20190716	11.41	0.1643	82.52
20190717	13.21	0.154	80.68
20190718	11.81	0.4812	83.72
20190719	7.313	0.2957	89.24
20190720	6.282	0.4231	88.19
20190721	7.205	0.3567	87.97
20190722	7.277	0.3636	89.71
20190723	6.542	0.4517	90.7
20190724	6.428	0.4517	90.73
20190725	5.75	0.3666	89.4
20190726	1.479	0.1372	97.17
20190727	0.1803	0.02634	99.1
20190728	0.08372	0.01254	99.32
20190729	0.05236	0.004233	99.39
20190730	0.02681	0.0	99.46
20190731	0.02289	0.0	99.52
20190801	1.099	0.2595	98.28
20190802	1.911	0.1152	97.59
20190803	2.909	0.2044	96.46
20190804	2.273	0.261	97.03
20190805	3.253	0.151	96.17
20190806	1.441	0.1017	97.98
20190807	2.435	0.1565	96.88
20190808	2.403	0.1475	96.72
20190809	3.557	0.1511	95.45
20190810	6.049	0.08936	92.81
20190811	6.11	0.1121	92.3
20190812	4.003	0.09313	86.65
20190813	4.467	0.1497	72.69
20190814	5.323	2.774	70.84
20190815	6.339	2.748	69.66
20190816	6.481	2.836	68.99
20190817	6.269	0.5581	87.62
20190818	5.795	1.117	87.83
20190819	6.215	1.126	84.99
20190820	5.826	1.064	85.58
20190821	4.745	1.938	89.2
20190822	6.457	1.849	87.65
20190823	6.166	1.57	89.03
20190824	5.467	1.211	77.05
20190825	5.839	1.13	73.56
20190826	6.735	1.11	73.81
20190827	7.106	1.163	72.66
20190828	2.151	0.3175	91.99
20190829	3.251	0.269	91.02
20190830	3.274	0.2697	88.43
20190831	3.798	0.4542	90.76
20190901	1.785	0.1525	96.14
20190902	4.234	0.2374	93.65
20190903	6.241	0.2508	92.4
20190904	5.206	2.118	90.86
20190905	5.508	2.029	90.65
20190906	7.257	1.949	89.04
20190907	7.688	1.817	88.83
20190908	9.595	1.568	78.23
20190909	4.55	1.015	91.73
20190910	4.448	0.7002	90.41
20190911	2.994	0.3441	92.88
20190912	5.389	0.5249	90.29
20190913	5.743	1.739	89.24
20190914	7.362	5.935	82.64
20190915	11.19	5.458	78.41
20190916	6.186	2.844	82.58
20190917	6.585	2.664	81.56
20190918	9.983	12.01	64.29
20190919	12.81	27.07	49.98
20190920	14.52	28.33	47.1
20190921	12.63	40.25	36.18
20190922	13.13	42.2	35.76
20190923	12.5	43.03	21.12
20190924	9.077	46.62	37.4
20190925	13.9	41.12	36.75
20190926	14.15	26.9	52.33
20190927	15.04	12.61	70.67
20190928	9.747	8.585	80.46
20190929	10.54	8.643	79.49
20190930	11.43	8.905	78.21
20191001	15.44	9.53	71.15
20191002	16.71	18.52	61.98
20191003	16.49	18.14	61.95
20191004	14.03	32.45	50.3
20191005	13.53	31.29	29.91
20191006	20.27	26.95	27.46
20191007	17.15	33.69	28.98
20191008	15.83	39.46	30.72
20191009	18.1	36.51	29.75
20191010	16.53	48.92	25.53
20191011	12.07	43.31	30.5
20191012	16.57	45.73	25.27
20191013	17.0	46.12	24.96
20191014	45.22	45.46	4.617
20191015	36.23	57.22	5.237
20191016	45.8	48.27	5.316
20191017	23.47	51.12	24.71
20191018	28.91	50.89	19.53
20191019	23.15	64.77	11.5
20191020	49.68	47.54	2.237
20191021	56.39	41.21	1.663
20191022	53.53	44.0	1.629
20191023	48.64	47.43	2.521
20191024	48.02	45.39	2.046
20191025	39.24	54.9	1.345
20191026	16.46	56.87	26.37
20191027	13.61	70.75	15.31
20191028	40.67	53.91	5.123
20191029	37.2	57.91	4.587
20191030	42.43	56.72	0.5434
20191031	32.77	65.95	0.9807
20191101	35.54	63.2	0.9567
20191102	40.05	58.38	0.8835
20191103	13.73	84.93	0.5694
20191104	15.32	82.83	0.7569
20191105	18.38	79.43	1.087
20191106	28.06	67.57	0.8687
20191107	31.63	64.76	0.7121
20191108	31.54	64.31	0.6948
20191109	40.23	53.56	0.4674
20191110	40.13	41.86	0.3984
20191111	46.89	27.99	0.253
20191112	46.89	16.6	0.1039
20191113	48.15	14.51	0.06726
20191114	49.42	0.3349	0.0
20191115	49.46	0.3341	0.0
20191116	48.15	0.3341	0.0
20191117	48.18	0.3372	0.0
20191118	43.37	0.3343	0.0
20191119	44.68	0.3302	0.0
20191120	41.62	0.3371	0.0
20191121	39.43	0.3299	0.0
20191122	39.23	0.3308	0.0
20191123	38.42	0.3325	0.0
20191124	38.27	0.3325	0.0
20191125	19.58	0.3358	0.0
20191126	17.34	0.3253	0.0
20191127	22.18	0.3332	0.0
20191128	24.81	0.3332	0.0
20191129	36.18	0.3377	0.0
20191130	39.0	0.3377	0.0
20191201	39.58	0.3369	0.0
20191202	37.5	0.3377	0.0
20191203	32.23	0.3374	0.0
20191204	34.27	0.3054	0.0
20191205	62.91	0.2908	0.0
20191206	64.31	0.2908	0.0
20191207	60.26	0.3136	0.0
20191208	62.03	0.3071	0.0
20191209	62.18	0.3194	0.0
20191210	61.31	0.3194	0.0
20191211	60.03	0.3374	0.0
20191212	45.12	0.3363	0.0
20191213	44.15	0.3374	0.0
20191214	42.57	0.3377	0.0
20191215	18.38	0.3377	0.0
20191216	4.76	0.3377	0.0
20191217	6.735	0.3369	0.0
20191218	6.659	0.3369	0.0
20191219	7.743	0.3377	0.0
20191220	7.424	0.3377	0.0
20191221	7.927	0.3377	0.0
20191222	7.808	0.3377	0.0
20191223	7.801	0.3377	0.0
20191224	6.574	0.3377	0.0
20191225	6.6	0.3377	0.0
20191226	4.594	0.3377	0.0
20191227	5.982	0.3375	0.0
20191228	5.843	0.3375	0.0
20191229	11.42	0.3352	0.0
20191230	12.45	0.3352	0.0
20191231	23.83	0.3377	0.0
20200101	27.48	0.3377	0.0
20200102	28.47	0.3377	0.0
20200103	29.6	0.3223	0.0
20200104	36.47	0.3316	0.0
20200105	35.99	0.3316	0.0
20200106	35.96	0.3371	0.0
20200107	36.04	0.3269	0.0
20200108	35.54	0.336	0.0
20200109	34.42	0.336	0.0
20200110	30.9	0.3372	0.0
20200111	27.1	0.3372	0.0
20200112	17.56	0.3377	0.0
20200113	9.044	0.3377	0.0
20200114	8.298	0.3377	0.0
20200115	8.29	0.3377	0.0
20200116	9.646	0.3377	0.0
20200117	11.75	0.3377	0.0
20200118	11.94	0.3377	0.0
20200119	11.22	0.3377	0.0
20200120	10.15	0.3377	0.0
20200121	10.06	0.3377	0.0
20200122	11.13	0.3375	0.0
20200123	11.06	0.3375	0.0
20200124	11.89	0.3377	0.0
20200125	10.79	0.3377	0.0
20200126	11.31	0.3377	0.0
20200127	11.31	0.3377	0.0
20200128	11.25	0.3377	0.0
20200129	10.57	0.3377	0.0
20200130	10.55	0.3377	0.0
20200131	7.63	0.3377	0.0
20200201	6.447	0.3377	0.0
20200202	2.417	0.3377	0.0
20200203	1.793	0.3377	0.0
20200204	1.489	0.3377	0.0
20200205	0.7551	16.58	0.1466
20200206	0.3681	34.52	0.9476
20200207	0.2841	49.47	1.537
20200208	1.88	54.49	1.298
20200209	2.027	63.59	1.289
20200210	2.221	63.46	1.289
20200211	0.695	73.98	1.86
20200212	0.536	78.05	1.972
20200213	0.7764	83.43	1.251
20200214	0.5362	79.29	1.75
20200215	1.1	76.51	1.404
20200216	1.113	73.63	1.355
20200217	0.5025	86.29	1.867
20200218	0.4092	87.91	2.865
20200219	0.1872	93.15	2.41
20200220	0.1759	90.67	2.402
20200221	0.09579	92.42	2.131
20200222	0.04703	93.13	1.763
20200223	0.03496	93.8	2.614
20200224	0.06381	92.09	2.248
20200225	0.2896	90.69	2.168
20200226	0.2897	85.91	1.845
20200227	0.309	86.11	1.805
20200228	0.3158	73.92	1.558
20200229	0.4315	66.05	1.522
20200301	0.2236	80.44	0.4622
20200302	0.222	77.36	1.276
20200303	0.1119	73.11	1.152
20200304	0.1166	85.31	0.608
20200305	0.3956	85.05	0.6146
20200306	0.3471	86.55	0.7837
20200307	0.3001	87.08	0.7877
20200308	0.2828	90.26	0.3052
20200309	0.3311	89.14	0.2943
20200310	1.76	83.2	0.4023
20200311	1.377	67.46	0.3518
20200312	1.264	70.54	0.3361
20200313	1.099	70.66	0.3631
20200314	0.782	76.09	0.2472
20200315	0.7833	64.22	0.4073
20200316	0.619	69.74	0.3846
20200317	0.1173	63.65	0.3015
20200318	0.1654	64.63	0.3303
20200319	0.7366	72.14	0.3517
20200320	0.7626	68.98	0.3691
20200321	0.7544	58.57	0.3691
20200322	0.7922	55.27	0.251
20200323	0.8976	52.43	0.2554
20200324	8.532	53.44	0.2429
20200325	8.483	62.71	0.2839
20200326	8.096	52.8	0.5691
20200327	8.63	49.91	0.5519
20200328	25.85	43.67	0.315
20200329	25.47	46.81	0.2874
20200330	25.43	47.77	0.2651
20200331	24.46	46.37	0.2545
20200401	20.66	57.35	0.1767
20200402	19.82	57.03	0.09046
20200403	9.587	79.66	0.0196
20200404	8.129	81.62	0.03496
20200405	8.444	82.27	0.03543
20200406	9.403	80.69	0.03528
20200407	9.478	80.09	0.03528
20200408	10.72	73.49	0.07541
20200409	16.98	68.01	0.06977
20200410	19.91	52.53	0.0508
20200411	23.05	47.65	0.02665
20200412	23.17	37.83	0.02587
20200413	21.6	41.06	0.05848
20200414	21.58	41.06	0.05848
20200415	20.61	28.2	0.04437
20200416	16.55	52.34	0.1253
20200417	15.02	56.07	0.1005
20200418	13.78	55.33	0.1043
20200419	20.98	51.86	0.09626
20200420	26.02	46.2	0.07964
20200421	32.22	59.3	0.0475
20200422	35.64	56.19	0.05487
20200423	38.0	52.14	0.03763
20200424	29.82	63.41	0.05472
20200425	34.05	59.54	0.04688
20200426	34.01	59.56	0.0508
20200427	36.75	55.12	0.04264
20200428	20.49	70.17	0.02132
20200429	24.7	73.72	0.0
20200430	21.2	77.39	0.0
20200501	21.21	73.02	0.0
20200502	20.55	72.02	0.0
20200503	31.62	62.15	0.0
20200504	40.62	54.01	0.0
20200505	43.59	49.78	0.0
20200506	43.48	34.2	0.0
20200507	38.15	28.81	0.02603
20200508	37.42	30.35	0.02916
20200509	36.84	24.34	0.03763
20200510	17.79	70.88	0.006114
20200511	26.28	61.85	0.003606
20200512	28.48	59.7	0.006898
20200513	22.6	73.49	0.01474
20200514	20.54	75.91	0.01631
20200515	21.15	75.29	0.01631
20200516	22.04	74.74	0.01254
20200517	22.33	73.58	0.01254
20200518	17.26	79.79	0.05895
20200519	17.95	80.64	0.04453
20200520	17.84	80.09	0.06193
20200521	58.17	38.87	0.2311
20200522	47.34	51.99	0.2378
20200523	67.63	31.64	0.3526
20200524	68.91	30.22	0.4929
20200525	63.98	34.98	0.6522
20200526	64.35	34.55	0.6506
20200527	63.84	34.75	0.9463
20200528	65.95	32.65	0.9313
20200529	66.59	31.68	0.9046
20200530	63.89	31.24	0.8938
20200531	62.83	28.59	1.978
20200601	55.62	33.83	3.751
20200602	59.25	30.26	3.7
20200603	53.95	33.35	3.867
20200604	55.09	32.31	4.76
20200605	51.93	34.91	7.089
20200606	51.54	34.13	7.629
20200607	48.77	30.42	14.95
20200608	45.98	27.73	16.64
20200609	46.2	26.91	16.79
20200610	40.68	32.3	18.88
20200611	40.78	30.45	19.52
20200612	40.43	26.2	24.01
20200613	35.88	24.75	34.68
20200614	36.23	23.5	33.86
20200615	35.66	22.47	33.97
20200616	31.85	24.17	39.66
20200617	32.14	16.54	48.72
20200618	28.8	19.17	49.89
20200619	27.65	17.06	51.06
20200620	23.37	16.21	57.75
20200621	23.15	12.1	63.47
20200622	23.65	10.03	65.2
20200623	22.02	9.221	66.91
20200624	23.99	8.472	65.3
20200625	23.32	6.902	65.47
20200626	24.17	5.383	64.78
20200627	19.18	6.113	68.75
20200628	19.44	4.53	71.78
20200629	20.07	3.488	72.13
20200630	21.13	2.899	70.28
20200701	20.73	4.273	67.33
20200702	23.71	4.863	63.98
20200703	21.12	2.672	69.29
20200704	23.0	3.476	64.98
20200705	22.94	2.941	60.59
20200706	22.31	1.52	65.53
20200707	22.11	1.505	65.88
20200708	22.49	1.335	65.14
20200709	22.0	1.128	65.74
20200710	21.87	0.8664	62.53
20200711	21.66	0.7424	62.61
20200712	21.57	0.7176	61.94
20200713	19.3	0.0878	26.4
20200714	16.76	0.05205	55.75
20200715	15.13	0.04939	61.37
20200716	12.66	0.04719	71.64
20200717	14.31	0.2944	69.16
20200718	8.036	0.2096	77.37
20200719	7.922	0.2096	77.92
20200720	7.814	0.2096	77.23
20200721	7.597	0.209	67.02
20200722	7.393	0.209	58.85
20200723	9.846	0.2819	40.55
20200724	7.953	0.15	40.0
20200725	7.571	0.09031	13.55
20200726	6.416	0.05174	49.06
20200727	5.076	0.04453	74.68
20200728	5.072	0.04453	74.74
20200729	5.558	0.117	77.67
20200730	2.667	0.08278	88.04
20200731	1.148	0.0243	95.41
20200801	3.149	0.2614	95.16
20200802	2.692	0.1646	95.74
20200803	2.803	0.1171	96.14
20200804	3.478	0.1925	95.42
20200805	6.009	0.1947	92.92
20200806	1.813	0.1416	97.32
20200807	2.752	0.233	96.32
20200808	2.301	0.1742	96.8
20200809	5.325	0.1703	93.69
20200810	5.833	0.1972	92.1
20200811	7.403	0.1847	91.35
20200812	5.62	0.1513	93.14
20200813	6.959	0.1568	91.31
20200814	7.085	0.399	90.51
20200815	6.729	1.574	88.62
20200816	10.99	1.441	84.73
20200817	11.21	1.569	84.41
20200818	10.75	1.487	56.52
20200819	4.344	1.269	82.71
20200820	4.921	1.277	82.05
20200821	4.582	0.936	87.44
20200822	4.744	0.2994	86.02
20200823	5.602	1.734	83.58
20200824	5.472	1.67	83.4
20200825	5.886	1.137	84.73
20200826	6.051	1.109	68.84
20200827	6.191	1.037	75.98
20200828	7.222	1.082	54.02
20200829	6.93	0.9092	60.37
20200830	5.479	0.4711	69.49
20200831	6.046	0.51	69.81
20200901	7.198	0.4407	60.77
20200902	7.384	0.8951	60.22
20200903	2.536	0.3728	94.55
20200904	4.166	0.4227	92.54
20200905	3.714	0.3612	92.91
20200906	5.885	0.3463	89.93
20200907	4.82	0.3216	91.72
20200908	4.921	0.2595	92.32
20200909	6.811	0.3187	90.41
20200910	6.859	0.2236	70.95
20200911	7.178	0.666	69.85
20200912	7.602	1.229	66.01
20200913	6.817	0.8225	76.25
20200914	7.526	1.841	69.35
20200915	6.865	2.242	54.86
20200916	7.737	3.465	57.64
20200917	7.631	3.435	55.33
20200918	13.33	14.08	44.44
20200919	14.67	17.02	47.87
20200920	17.36	21.56	36.26
20200921	17.74	29.69	35.28
20200922	17.27	25.62	40.05
20200923	17.31	25.71	38.43
20200924	15.64	15.36	58.86
20200925	15.5	14.47	58.97
20200926	18.36	14.11	57.12
20200927	8.632	22.74	66.53
20200928	18.22	12.6	67.28
20200929	15.23	9.545	73.32
20200930	17.24	8.711	72.15
20201001	11.44	5.234	81.13
20201002	10.88	3.589	83.81
20201003	10.6	2.935	85.19
20201004	8.692	5.753	80.53
20201005	4.346	1.904	88.96
20201006	6.855	2.878	85.53
20201007	7.263	6.512	81.52
20201008	7.377	10.23	73.96
20201009	7.344	10.25	73.9
20201010	7.535	13.34	71.36
20201011	7.212	12.05	70.05
20201012	9.074	13.9	51.76
20201013	6.858	18.23	55.61
20201014	11.05	24.05	47.4
20201015	12.89	30.58	38.63
20201016	13.35	34.1	33.11
20201017	14.2	33.58	29.87
20201018	19.1	54.66	14.89
20201019	23.43	60.26	8.631
20201020	24.74	72.26	1.396
20201021	16.6	78.26	3.786
20201022	28.57	67.32	2.641
20201023	28.46	67.21	2.563
20201024	30.88	64.56	2.521
20201025	19.71	74.97	2.911
20201026	20.17	74.09	2.849
20201027	21.56	52.52	2.276
20201028	27.44	25.87	0.6566
20201029	23.32	24.5	0.6531
20201030	28.97	16.62	0.5131
20201031	27.37	13.64	0.4649
20201101	27.43	0.227	0.0
20201102	30.82	0.1922	0.0
20201103	38.86	0.1014	0.0
20201104	37.09	0.1055	0.0
20201105	39.1	0.198	0.0
20201106	27.04	0.1966	0.0
20201107	29.63	0.2146	0.0
20201108	29.6	0.1916	0.0
20201109	29.65	0.2057	0.0
20201110	21.5	0.2069	0.0
20201111	24.56	0.2098	0.0
20201112	23.98	0.2002	0.0
20201113	24.26	0.2049	0.0
20201114	23.3	0.2563	0.0
20201115	20.38	0.2218	0.0
20201116	19.63	0.2095	0.0
20201117	27.1	0.2312	0.0
20201118	25.81	0.2312	0.0
20201119	30.84	0.2665	0.0
20201120	30.92	0.2443	0.0
20201121	30.68	0.2443	0.0
20201122	30.67	0.2447	0.0
20201123	30.48	0.2447	0.0
20201124	25.36	0.3046	0.0
20201125	26.17	0.294	0.0
20201126	23.63	0.294	0.0
20201127	16.06	0.2784	0.0
20201128	16.06	0.2784	0.0
20201129	16.95	0.3114	0.0
20201130	17.04	0.3114	0.0
20201201	13.33	0.3176	0.0
20201202	10.15	0.3035	0.0
20201203	10.15	0.3035	0.0
20201204	5.822	0.3034	0.0
20201205	5.822	0.3034	0.0
20201206	17.59	0.3285	0.0
20201207	18.35	0.3184	0.0
20201208	17.87	0.3184	0.0
20201209	17.21	0.3021	0.0
20201210	17.21	0.3021	0.0
20201211	19.41	0.3297	0.0
20201212	19.41	0.3297	0.0
20201213	17.56	0.333	0.0
20201214	19.28	0.3134	0.0
20201215	19.28	0.3134	0.0
20201216	18.68	0.3137	0.0
20201217	18.68	0.3137	0.0
20201218	25.12	0.3366	0.0
20201219	26.27	0.331	0.0
20201220	26.13	0.331	0.0
20201221	28.35	0.2999	0.0
20201222	28.35	0.2999	0.0
20201223	28.51	0.336	0.0
20201224	28.51	0.336	0.0
20201225	26.31	0.3364	0.0
20201226	29.11	0.3286	0.0
20201227	29.11	0.3286	0.0
20201228	25.72	0.3289	0.0
20201229	25.8	0.3375	0.0
20201230	25.43	0.3361	0.0
20201231	25.53	0.3346	0.0
20210101	24.68	0.3343	0.0
20210102	30.53	0.3195	0.0
20210103	30.54	0.3197	0.0
20210104	31.23	0.3288	0.0
20210105	31.32	0.3288	0.0
20210106	32.56	0.3343	0.0
20210107	32.47	0.3343	0.0
20210108	33.54	0.328	0.0
20210109	30.84	0.3278	0.0
20210110	32.36	0.3372	0.0
20210111	32.82	0.3371	0.0
20210112	33.14	0.336	0.0
20210113	31.6	0.3366	0.0
20210114	33.6	0.3228	0.0
20210115	32.77	0.3236	0.0
20210116	32.63	0.3299	0.0
20210117	32.29	0.3299	0.0
20210118	31.17	0.335	0.0
20210119	32.5	0.3255	0.0
20210120	32.37	0.3255	0.0
20210121	28.77	0.3255	0.0
20210122	32.8	0.336	0.0
20210123	33.86	0.3354	0.0
20210124	34.1	0.3368	0.0
20210125	33.97	0.3374	0.0
20210126	37.6	0.3259	0.0
20210127	37.6	0.3263	0.0
20210128	39.0	0.336	0.0
20210129	38.92	0.336	0.0
20210130	38.81	0.3377	0.0
20210131	39.57	0.3341	0.0
20210201	39.6	0.3347	0.0
20210202	38.23	0.3347	0.0
20210203	38.44	0.3344	0.0
20210204	37.22	6.309	0.0
20210205	37.34	6.311	0.0
20210206	37.13	6.312	0.0
20210207	33.13	30.28	0.9353
20210208	33.26	30.01	0.9137
20210209	37.92	26.25	0.6978
20210210	37.85	26.23	0.6959
20210211	37.79	24.41	0.6881
20210212	35.23	32.31	0.7337
20210213	34.19	31.74	3.101
20210214	32.96	16.29	2.53
20210215	18.46	55.87	1.768
20210216	28.66	46.94	0.9634
20210217	28.12	63.73	0.2994
20210218	19.52	76.97	0.1398
20210219	32.1	63.88	0.1231
20210220	30.33	65.43	0.293
20210221	34.34	61.61	0.7245
20210222	34.41	59.53	0.7132
20210223	30.63	65.6	0.6632
20210224	30.4	63.88	1.339
20210225	31.46	44.25	1.317
20210226	30.24	42.84	4.159
20210227	29.99	39.9	4.146
20210228	23.31	31.89	3.94
20210301	44.25	29.12	2.585
20210302	38.0	27.9	2.413
20210303	35.58	24.62	2.492
20210304	35.35	24.52	2.994
20210305	51.34	16.96	1.034
20210306	51.38	16.95	1.034
20210307	42.5	26.42	1.445
20210308	37.38	23.27	1.4
20210309	35.75	21.74	1.253
20210310	35.32	20.48	1.147
20210311	35.24	20.42	1.129
20210312	16.01	60.12	0.8546
20210313	15.56	62.56	0.7812
20210314	15.56	62.67	0.7707
20210315	15.96	62.32	0.878
20210316	15.57	62.17	0.8555
20210317	21.14	54.91	0.2965
20210318	19.97	55.75	0.2799
20210319	19.88	51.06	0.2494
20210320	19.96	50.66	0.2494
20210321	19.89	50.14	0.3057
20210322	19.74	49.71	0.2748
20210323	19.42	50.92	0.3449
20210324	8.246	77.63	0.3645
20210325	7.045	65.71	0.5103
20210326	7.045	65.62	0.4946
20210327	8.536	64.8	0.4689
20210328	8.527	64.69	0.5238
20210329	8.525	64.65	0.5691
20210330	8.585	64.25	0.5788
20210331	11.03	61.17	0.5796
20210401	10.97	60.53	0.5617
20210402	12.04	27.17	0.3564
20210403	11.75	25.91	0.3564
20210404	13.01	20.72	0.262
20210405	12.85	19.1	0.1993
20210406	13.15	18.74	0.1908
20210407	12.51	9.882	0.09893
20210408	12.48	9.865	0.2618
20210409	11.31	8.475	0.2397
20210410	6.76	76.86	0.148
20210411	6.651	77.74	0.1446
20210412	8.707	76.92	0.1372
20210413	8.7	76.91	0.161
20210414	10.92	75.34	0.1817
20210415	10.92	75.3	0.2091
20210416	10.65	75.18	0.2112
20210417	10.45	68.37	0.2269
20210418	9.131	87.83	0.07024
20210419	8.512	88.8	0.138
20210420	8.51	88.68	0.254
20210421	8.499	88.68	0.254
20210422	8.49	88.43	0.5178
20210423	9.389	87.43	0.6314
20210424	24.78	72.16	0.5838
20210425	24.76	71.93	0.6229
20210426	24.75	71.61	0.5991
20210427	24.15	46.66	0.4501
20210428	24.15	46.66	0.4501
20210429	24.19	39.89	0.2921
20210430	24.02	31.98	0.22
20210501	14.75	29.54	0.1576
20210502	11.17	3.519	0.04986
20210503	11.17	3.519	0.1356
20210504	10.94	1.848	0.2753
20210505	6.936	85.21	0.5879
20210506	6.371	85.47	1.015
20210507	6.371	85.47	1.015
20210508	10.79	81.17	0.9247
20210509	10.79	81.17	0.9241
20210510	10.75	80.63	1.506
20210511	51.58	43.97	1.385
20210512	51.55	42.35	1.447
20210513	53.61	32.62	1.186
20210514	56.68	29.89	1.154
20210515	56.43	28.91	1.139
20210516	56.29	27.8	3.042
20210517	55.72	16.91	4.032
20210518	40.29	17.38	3.242
20210519	48.92	23.99	6.063
20210520	49.53	23.87	6.055
20210521	49.7	23.78	6.251
20210522	49.7	23.78	6.251
20210523	49.34	22.19	13.75
20210524	49.32	22.13	13.9
20210525	49.77	23.16	14.64
20210526	44.11	11.85	16.57
20210527	38.15	18.5	19.77
20210528	37.98	18.37	20.12
20210529	37.72	17.59	23.04
20210530	36.36	22.31	22.66
20210531	36.34	22.3	22.56
20210601	38.64	24.38	28.85
20210602	36.99	18.39	39.11
20210603	30.89	25.07	40.56
20210604	30.54	22.72	44.03
20210605	31.24	21.27	44.34
20210606	27.98	21.76	46.8
20210607	27.98	21.74	46.82
20210608	26.86	18.41	48.96
20210609	25.84	16.5	51.75
20210610	25.04	14.75	52.9
20210611	24.8	14.01	51.85
20210612	24.09	10.69	50.98
20210613	19.07	7.84	47.97
20210614	19.02	7.796	48.76
20210615	23.21	6.777	44.43
20210616	18.71	1.251	16.83
20210617	18.39	0.8566	17.78
20210618	18.83	0.8568	17.96
20210619	17.63	0.6961	39.09
20210620	17.14	0.6732	43.63
20210621	17.05	0.6348	42.8
20210622	14.46	0.6323	42.69
20210623	13.47	0.5763	61.75
20210624	8.38	0.3078	64.57
20210625	11.74	0.3664	64.15
20210626	11.17	0.2748	60.6
20210627	10.83	0.2104	61.02
20210628	10.72	0.2104	61.58
20210629	13.17	0.2424	61.69
20210630	13.73	0.1353	43.32
20210701	14.87	0.1438	37.97
20210702	7.32	0.4427	81.17
20210703	5.344	0.3899	89.27
20210704	4.026	0.5124	93.61
20210705	4.692	0.2438	93.85
20210706	5.416	0.2046	93.33
20210707	5.382	0.3379	93.25
20210708	5.648	0.4191	92.81
20210709	7.113	0.3504	91.24
20210710	4.053	0.2179	94.47
20210711	4.644	0.2044	93.57
20210712	5.228	0.2215	91.89
20210713	6.214	0.1362	87.93
20210714	1.734	0.08137	95.0
20210715	4.583	0.4675	91.76
20210716	5.528	0.487	90.79
20210717	5.967	0.6633	79.96
20210718	6.302	0.8541	82.12
20210719	6.492	1.12	83.51
20210720	7.519	1.068	82.7
20210721	9.957	1.003	49.42
20210722	10.2	0.7505	50.5
20210723	10.39	0.7916	50.34
20210724	10.35	0.693	43.65
20210725	10.14	1.608	25.19
20210726	4.156	0.3683	75.64
20210727	1.687	0.2129	93.84
20210728	0.7405	0.06114	96.28
20210729	1.162	0.1544	95.8
20210730	1.814	0.1552	95.15
20210731	2.808	0.1209	94.19
20210801	0.2145	0.0	0.004233
20210802	3.979	1.405	18.02
20210803	2.848	1.108	40.55
20210804	2.844	1.108	41.84
20210805	3.134	1.119	42.41
20210806	3.542	0.2171	86.21
20210807	0.7884	0.02853	96.41
20210808	0.1207	0.01207	98.97
20210809	0.09595	0.002979	98.91
20210810	0.1712	0.002038	98.69
20210811	2.198	1.033	95.57
20210812	2.178	1.033	95.5
20210813	2.002	0.9419	94.96
20210814	2.804	0.7414	92.95
20210815	2.036	0.3821	58.24
20210816	1.988	0.3724	62.61
20210817	1.674	0.3186	65.35
20210818	1.021	0.1246	63.92
20210819	1.428	0.6284	65.51
20210820	1.39	0.6284	63.54
20210821	2.904	0.4997	58.32
20210822	2.795	0.4997	39.81
20210823	2.492	0.4448	38.6
20210824	4.296	0.5011	24.37
20210825	4.084	0.4892	38.94
20210826	0.3993	0.01066	96.34
20210827	0.182	0.0185	98.29
20210828	1.622	0.1637	96.7
20210829	1.803	0.1645	96.52
20210830	1.803	0.1645	96.38
20210831	2.06	0.4907	95.87
20210901	12.89	1.572	84.03
20210902	13.64	9.663	69.87
20210903	15.54	12.95	16.98
20210904	16.39	13.71	27.94
20210905	17.08	13.36	27.44
20210906	16.94	13.16	28.35
20210907	14.98	23.78	22.43
20210908	14.74	23.03	22.45
20210909	14.14	14.85	31.47
20210910	12.89	10.27	37.79
20210911	8.63	3.592	82.32
20210912	7.442	3.459	83.74
20210913	11.42	3.392	79.94
20210914	13.57	7.309	73.64
20210915	11.68	13.96	70.5
20210916	10.64	14.25	72.15
20210917	10.91	14.66	71.38
20210918	7.398	8.496	79.95
20210919	9.812	5.227	80.87
20210920	7.393	5.023	84.08
20210921	7.2	4.819	84.4
20210922	8.413	6.947	81.06
20210923	10.8	6.182	78.94
20210924	10.9	6.113	78.77
20210925	18.03	4.57	72.18
20210926	18.13	4.765	69.83
20210927	15.43	3.735	49.76
20210928	13.18	2.842	41.02
20210929	13.12	1.143	36.13
20210930	5.489	0.8272	79.67
20211001	0.0	0.0	85.02
20211002	0.0	0.0	85.81
20211003	0.0	0.0	85.61
20211004	0.001411	0.0	84.37
20211005	4.45	1.208	83.05
20211006	3.452	1.053	84.02
20211007	3.446	1.053	65.62
20211008	3.431	1.053	50.49
20211009	3.477	1.023	40.82
20211010	2.968	0.9725	43.12
20211011	2.966	0.9725	40.9
20211012	2.204	1.58	37.82
20211013	2.125	1.418	31.77
20211014	4.39	5.562	30.4
20211015	5.806	17.33	27.29
20211016	5.835	24.03	26.09
20211017	8.965	24.0	22.28
20211018	8.965	24.0	22.12
20211019	21.87	72.08	3.121
20211020	21.63	72.52	2.6
20211021	21.84	72.57	2.667
20211022	23.64	70.39	2.455
20211023	23.62	72.17	2.709
20211024	23.74	71.96	2.699
20211025	24.87	70.98	2.558
20211026	16.24	73.09	1.206
20211027	16.61	72.65	1.15
20211028	9.954	80.65	2.32
20211029	8.722	81.98	6.148
20211030	7.543	76.46	5.921
20211031	7.229	79.32	7.268
20211101	6.553	78.98	8.431
20211102	6.967	74.49	10.42
20211103	6.891	74.39	10.42
20211104	8.271	69.21	10.08
20211105	7.687	50.74	8.755
20211106	9.245	54.69	8.151
20211107	26.35	34.88	3.825
20211108	28.4	30.79	3.134
20211109	27.86	13.77	0.3965
20211110	28.37	13.59	0.3863
20211111	26.14	12.14	0.3487
20211112	26.24	11.64	0.1513
20211113	25.89	1.254	0.0
20211114	15.93	0.3159	0.0
20211115	10.41	0.3056	0.0
20211116	8.59	0.2731	0.0
20211117	8.57	0.2668	0.0
20211118	10.43	0.3104	0.0
20211119	10.99	0.309	0.0
20211120	10.87	0.3203	0.0
20211121	11.78	0.3154	0.0
20211122	26.7	0.3015	0.0
20211123	24.83	0.3018	0.0
20211124	27.22	0.335	0.0
20211125	25.97	0.3328	0.0
20211126	25.16	0.3325	0.0
20211127	24.76	0.3325	0.0
20211128	26.37	0.3281	0.0
20211129	24.81	0.3281	0.0
20211130	27.27	0.328	0.0
20211201	26.89	0.1091	0.0
20211202	26.84	0.3364	0.0
20211203	26.81	0.3358	0.0
20211204	31.32	0.3341	0.0
20211205	31.04	0.3341	0.0
20211206	34.48	0.3375	0.0
20211207	34.34	0.3332	0.0
20211208	34.25	0.3332	0.0
20211209	34.1	0.3332	0.0
20211210	34.48	0.3314	0.0
20211211	32.43	0.3314	0.0
20211212	32.44	0.3374	0.0
20211213	25.31	0.3374	0.0
20211214	25.11	0.3377	0.0
20211215	25.19	0.3369	0.0
20211216	25.75	0.3339	0.0
20211217	16.09	0.3343	0.0
20211218	21.1	0.3372	0.0
20211219	19.84	0.3354	0.0
20211220	16.17	0.3354	0.0
20211221	18.3	0.3354	0.0
20211222	19.28	0.335	0.0
20211223	17.57	0.335	0.0
20211224	19.04	0.335	0.0
20211225	16.55	0.05252	0.0
20211226	16.06	0.2775	0.0
20211227	15.64	0.2775	0.0
20211228	9.634	0.2775	0.0
20211229	5.585	0.2775	0.0
20211230	5.418	0.2775	0.0
20211231	3.1	0.3333	0.0
20220101	3.507	0.3333	0.0
20220102	3.459	0.1996	0.0
20220103	5.577	0.1996	0.0
20220104	5.577	0.1996	0.0
20220105	11.02	0.3377	0.0
20220106	11.02	0.3377	0.0
20220107	10.8	0.3377	0.0
20220108	10.98	0.3377	0.0
20220109	10.98	0.3377	0.0
20220110	10.5	0.3377	0.0
20220111	10.5	0.3377	0.0
20220112	4.75	0.3336	0.0
20220113	4.753	0.3336	0.0
20220114	3.12	0.201	0.0
20220115	1.641	0.2165	0.0
20220116	1.641	0.2165	0.0
20220117	3.742	0.3377	0.0
20220118	3.779	0.3377	0.0
20220119	7.762	0.3375	0.0
20220120	17.54	0.3347	0.0
20220121	17.54	0.3347	0.0
20220122	17.11	0.3347	0.0
20220123	17.11	0.3347	0.0
20220124	27.79	0.3195	0.0
20220125	31.19	0.3118	0.0
20220126	30.96	0.1864	0.0
20220127	42.25	0.1863	0.0
20220128	42.25	0.1863	0.0
20220129	42.53	0.3375	0.0
20220130	42.53	0.3375	0.0
20220131	37.26	0.3377	0.0
20220201	35.46	0.3375	0.0
20220202	35.46	0.3375	0.0
20220203	24.89	2.615	0.02148
20220204	24.89	2.615	0.02148
20220205	10.96	16.15	0.1814
20220206	7.041	40.38	0.5356
20220207	6.418	40.32	0.5708
20220208	1.697	40.3	0.5701
20220209	1.676	40.11	1.034
20220210	0.103	77.77	0.5418
20220211	0.09924	76.76	2.612
20220212	0.09908	74.85	3.949
20220213	0.09908	74.33	3.945
20220214	0.09908	74.07	4.311
20220215	0.09767	73.19	5.423
20220216	0.09705	72.98	5.506
20220217	0.3416	74.04	5.176
20220218	0.3446	72.53	5.068
20220219	0.3446	68.35	4.812
20220220	0.3446	68.22	4.984
20220221	0.3404	64.28	4.467
20220222	0.1723	84.65	0.9612
20220223	0.1657	82.84	0.7353
20220224	0.06005	85.55	0.6118
20220225	0.2008	85.76	0.6118
20220226	0.2008	85.76	0.6118
20220227	0.972	85.17	1.017
20220228	0.9714	84.77	0.8856
20220301	1.519	78.18	0.8624
20220302	1.498	57.67	0.8073
20220303	1.483	40.91	1.089
20220304	13.13	38.26	1.016
20220305	13.13	38.25	1.036
20220306	2.935	73.57	0.4992
20220307	2.992	71.27	0.4866
20220308	1.39	76.12	0.3739
20220309	2.54	73.67	0.354
20220310	2.532	73.26	0.2051
20220311	2.432	73.11	0.2051
20220312	2.248	70.51	0.1635
20220313	3.537	71.49	0.1378
20220314	1.386	83.86	0.03935
20220315	1.383	83.13	0.04672
20220316	2.044	97.5	0.007839
20220317	2.044	97.5	0.007839
20220318	5.503	93.87	0.2186
20220319	5.483	93.79	0.2342
20220320	18.66	80.8	0.06789
20220321	27.59	71.75	0.08341
20220322	27.46	71.44	0.5255
20220323	27.35	67.8	0.5254
20220324	27.35	67.78	0.545
20220325	32.2	56.31	0.467
20220326	24.2	67.91	0.639
20220327	22.29	53.6	0.6199
20220328	19.66	73.39	0.1159
20220329	19.55	72.64	0.09485
20220330	19.37	72.39	0.09172
20220331	18.93	71.8	0.4073
20220401	18.65	71.86	0.4043
20220402	18.41	69.9	0.5655
20220403	18.17	69.02	0.5617
20220404	15.42	55.55	0.7667
20220405	15.4	55.55	0.7667
20220406	15.55	55.37	0.7667
20220407	14.9	48.17	0.7413
20220408	14.88	47.98	0.7413
20220409	13.96	42.92	0.6911
20220410	11.28	26.77	0.5425
20220411	0.687	3.472	0.0
20220412	0.687	3.472	0.0196
20220413	0.6448	9.952	0.0381
20220414	0.5307	9.044	0.1261
20220415	0.5307	9.044	0.1261
20220416	1.22	8.811	0.1261
20220417	1.209	8.658	0.1261
20220418	1.178	8.603	0.1362
20220419	1.139	8.498	0.2708
20220420	1.134	8.084	0.7306
20220421	48.96	5.61	0.7107
20220422	48.96	5.61	0.7107
20220423	52.88	39.35	1.02
20220424	53.0	39.23	1.02
20220425	53.0	39.22	1.035
20220426	72.26	22.48	0.7209
20220427	72.25	22.32	0.5026
20220428	69.88	24.43	0.4987
20220429	69.88	24.43	0.4987
20220430	54.54	12.57	0.07588
20220501	47.3	24.86	0.07572
20220502	47.23	24.71	0.06334
20220503	34.43	20.73	0.05252
20220504	34.04	20.55	0.05738
20220505	32.98	18.3	0.006428
20220506	32.56	17.99	0.006428
20220507	34.5	15.7	0.01819
20220508	35.76	5.889	0.01819
20220509	35.76	5.889	0.01819
20220510	28.48	4.413	0.01662
20220511	27.79	3.628	0.01176
20220512	26.95	3.32	0.01176
20220513	32.66	4.064	0.04311
20220514	30.31	3.022	0.2766
20220515	50.41	13.5	0.4427
20220516	50.4	13.5	0.5055
20220517	55.36	12.25	0.4976
20220518	55.35	12.25	0.6288
20220519	29.75	58.96	3.453
20220520	29.81	61.36	5.234
20220521	29.8	61.29	5.177
20220522	35.12	55.29	5.876
20220523	34.94	52.84	10.25
20220524	51.08	36.82	10.12
20220525	38.28	47.0	13.59
20220526	38.28	46.58	13.54
20220527	44.54	38.63	13.37
20220528	44.53	38.49	13.52
20220529	45.82	35.12	13.78
20220530	45.28	27.54	22.28
20220531	32.13	38.6	25.57
20220601	36.01	26.36	25.72
20220602	35.68	24.24	30.56
20220603	35.38	23.82	31.07
20220604	35.28	22.66	32.06
20220605	34.7	22.65	33.4
20220606	26.19	25.49	37.98
20220607	26.09	21.03	37.39
20220608	31.12	15.92	37.98
20220609	30.15	12.85	37.82
20220610	26.55	17.6	40.32
20220611	26.54	17.53	40.25
20220612	26.4	16.7	40.19
20220613	27.53	9.771	21.9
20220614	27.3	9.605	30.27
20220615	25.11	9.337	30.46
20220616	25.01	8.872	29.74
20220617	23.81	2.478	19.12
20220618	23.04	3.928	36.03
20220619	22.4	3.354	37.7
20220620	21.9	2.706	36.94
20220621	21.51	2.088	33.18
20220622	20.99	3.553	37.62
20220623	20.66	3.488	40.43
20220624	19.4	4.784	47.52
20220625	17.5	4.391	68.11
20220626	15.68	4.119	73.13
20220627	13.42	3.702	77.46
20220628	8.746	2.48	86.74
20220629	10.48	2.171	84.57
20220630	9.046	2.018	86.83
20220701	6.165	1.273	90.95
20220702	5.952	0.5934	92.07
20220703	5.504	0.3744	91.96
20220704	6.431	0.7732	90.68
20220705	5.634	0.6155	91.35
20220706	6.176	0.6356	90.77
20220707	6.919	0.5258	89.64
20220708	6.893	0.5174	88.81
20220709	6.226	0.6254	65.24
20220710	5.97	0.5632	69.41
20220711	5.217	0.3879	67.59
20220712	2.786	0.1607	91.84
20220713	2.743	0.148	91.65
20220714	4.208	0.4166	89.47
20220715	4.208	0.4166	89.41
20220716	5.081	0.5144	88.16
20220717	5.081	0.5144	87.46
20220718	5.394	0.6528	86.47
20220719	5.523	0.5241	19.79
20220720	5.515	0.5241	19.91
20220721	5.029	0.2287	19.28
20220722	4.737	0.2051	20.64
20220723	4.778	0.245	27.87
20220724	4.466	0.188	31.83
20220725	4.217	0.06977	31.76
20220726	4.705	0.08278	31.14
20220727	4.705	0.08278	30.95
20220728	5.137	0.1704	30.93
20220729	1.249	0.066	92.42
20220730	0.3261	0.02164	97.81
20220731	1.26	0.01583	96.73
20220801	0.4832	0.005017	98.47
20220802	0.5205	0.005017	98.4
20220803	0.3963	0.005017	98.67
20220804	1.226	0.1017	97.76
20220805	2.052	0.09987	96.38
20220806	0.314	0.03167	97.73
20220807	0.3016	0.03167	97.74
20220808	0.3016	0.03167	95.02
20220809	2.463	0.1533	93.0
20220810	2.462	0.1533	89.64
20220811	2.689	0.8454	88.42
20220812	3.752	0.7852	87.05
20220813	3.744	0.7852	17.56
20220814	3.215	0.6439	29.14
20220815	2.767	0.2869	46.62
20220816	2.825	0.2355	49.48
20220817	3.078	0.7102	49.09
20220818	1.021	0.2383	85.62
20220819	2.208	0.2424	82.92
20220820	2.208	0.2424	82.83
20220821	2.188	0.2424	80.43
20220822	2.036	0.2392	80.25
20220823	1.862	0.2237	78.25
