Date	WetSnow	DrySnow	BareGround
20140920	0.471	0.6333	0.6914
20140921	0.4686	0.3994	59.2
20140922	0.4615	0.3429	68.34
20140923	0.4193	0.3429	68.6
20140924	0.4193	0.3429	69.66
20140925	0.4193	0.3429	69.78
20140926	0.4193	0.3429	69.78
20140927	0.4193	0.3429	70.84
20140928	0.4042	0.2832	79.17
20140929	0.4042	0.2832	79.29
20140930	0.3891	0.2419	82.39
20141001	0.222	0.222	82.8
20141002	0.2124	0.1957	84.96
20141003	0.1957	0.1917	89.04
20141004	14.74	0.003183	80.88
20141005	16.31	0.04933	79.64
20141006	6.126	0.03819	93.53
20141007	5.589	0.03819	94.12
20141008	5.538	0.03819	94.2
20141009	5.517	0.03819	94.22
20141010	4.744	0.03739	95.03
20141011	4.468	0.03739	95.32
20141012	3.926	0.03739	95.92
20141013	3.907	0.03739	95.94
20141014	3.907	0.03739	95.89
20141015	3.813	0.03739	96.0
20141016	3.537	0.03739	96.0
20141017	10.18	12.76	75.36
20141018	10.06	12.7	75.27
20141019	9.898	12.32	75.82
20141020	9.821	12.26	75.95
20141021	9.627	12.08	73.91
20141022	9.248	11.24	74.88
20141023	9.144	11.24	65.72
20141024	8.349	10.76	66.23
20141025	8.349	10.76	65.8
20141026	8.329	10.76	62.34
20141027	8.329	10.76	61.82
20141028	7.78	7.878	61.5
20141029	7.507	7.329	59.2
20141030	7.256	7.042	57.93
20141031	7.199	30.71	46.46
20141101	7.199	30.71	46.46
20141102	6.964	30.68	44.6
20141103	6.884	33.1	43.03
20141104	6.117	32.83	39.98
20141105	6.113	32.77	40.5
20141106	6.113	32.77	40.5
20141107	26.07	27.7	30.0
20141108	26.07	27.62	29.97
20141109	25.91	27.59	29.23
20141110	27.68	26.38	24.88
20141111	27.38	20.15	22.75
20141112	27.38	19.97	22.71
20141113	27.29	19.86	22.21
20141114	28.11	19.51	21.85
20141115	28.05	18.72	21.25
20141116	25.63	0.3015	0.0
20141117	25.63	0.3015	0.0
20141118	17.03	0.3015	0.0
20141119	20.57	0.3055	0.0
20141120	20.48	0.3055	0.0
20141121	17.59	0.3007	0.0
20141122	18.69	0.2466	0.0
20141123	18.69	0.2466	0.0
20141124	18.69	0.2466	0.0
20141125	6.148	0.2466	0.0
20141126	7.843	0.3015	0.0
20141127	7.843	0.3015	0.0
20141128	7.843	0.3015	0.0
20141129	8.395	0.2713	0.0
20141130	5.125	0.2713	0.0
20141201	6.945	0.3	0.0
20141202	6.526	0.3	0.0
20141203	5.844	0.3135	0.0
20141204	6.189	0.2761	0.0
20141205	6.189	0.2761	0.0
20141206	6.189	0.2761	0.0
20141207	4.09	0.2761	0.0
20141208	5.729	0.3079	0.0
20141209	5.729	0.3079	0.0
20141210	4.963	0.3079	0.0
20141211	4.963	0.3079	0.0
20141212	3.679	0.3079	0.0
20141213	3.679	0.3079	0.0
20141214	3.606	0.3079	0.0
20141215	2.836	0.3111	0.0
20141216	3.887	0.3087	0.0
20141217	3.887	0.3087	0.0
20141218	3.887	0.3087	0.0
20141219	2.427	0.3087	0.0
20141220	8.414	0.3135	0.0
20141221	8.414	0.3135	0.0
20141222	8.414	0.3135	0.0
20141223	8.414	0.3135	0.0
20141224	8.414	0.3135	0.0
20141225	8.414	0.3135	0.0
20141226	8.371	0.3135	0.0
20141227	8.002	0.3135	0.0
20141228	8.164	0.3135	0.0
20141229	8.164	0.3135	0.0
20141230	8.164	0.3135	0.0
20141231	2.003	0.3135	0.0
20150101	15.77	0.3071	0.0
20150102	15.77	0.3071	0.0
20150103	15.77	0.3071	0.0
20150104	15.77	0.3135	0.0
20150105	15.77	0.3135	0.0
20150106	15.77	0.3135	0.0
20150107	14.88	0.3135	0.0
20150108	13.87	0.3135	0.0
20150109	13.9	0.3135	0.0
20150110	13.9	0.3135	0.0
20150111	13.9	0.3135	0.0
20150112	0.06047	0.3135	0.0
20150113	0.9627	0.3135	0.0
20150114	0.9627	0.3135	0.0
20150115	0.9484	0.3135	0.0
20150116	1.003	0.3135	0.0
20150117	1.003	0.3135	0.0
20150118	1.003	0.3135	0.0
20150119	0.9977	0.3135	0.0
20150120	0.9571	0.3135	0.0
20150121	1.061	0.3135	0.0
20150122	1.061	0.3135	0.0
20150123	1.061	0.3135	0.0
20150124	0.3342	0.3135	0.0
20150125	0.3342	0.3135	0.0
20150126	0.3342	0.3135	0.0
20150127	0.2482	0.3135	0.0
20150128	0.2482	0.3135	0.0
20150129	0.2482	0.3135	0.0
20150130	4.718	0.3135	0.0
20150131	4.718	0.3135	0.0
20150201	4.701	0.3135	0.0
20150202	4.701	0.3135	0.0
20150203	4.701	0.3135	0.0
20150204	4.701	0.3135	0.0
20150205	4.653	0.3135	0.4225
20150206	4.492	14.24	0.4225
20150207	4.492	14.24	0.4623
20150208	4.492	14.24	0.4623
20150209	4.492	14.24	0.4623
20150210	1.493	14.24	0.4623
20150211	1.458	14.03	1.65
20150212	1.458	14.03	1.65
20150213	0.4304	55.96	0.767
20150214	1.536	68.69	0.6643
20150215	1.536	68.69	0.6643
20150216	1.445	66.47	3.45
20150217	1.419	66.4	3.45
20150218	1.419	66.31	3.543
20150219	1.419	66.31	3.543
20150220	1.419	66.31	3.543
20150221	1.413	66.3	3.563
20150222	1.411	65.17	3.463
20150223	1.303	63.6	5.668
20150224	1.301	58.59	5.668
20150225	1.267	56.45	5.668
20150226	1.287	66.46	3.116
20150227	1.267	64.01	3.077
20150228	1.267	64.01	3.077
20150301	1.238	58.9	2.904
20150302	1.143	68.44	3.129
20150303	1.143	68.4	3.129
20150304	1.142	67.32	4.23
20150305	0.1074	95.05	0.9993
20150306	0.09309	93.93	0.9993
20150307	0.09309	93.93	0.9993
20150308	0.09309	93.93	0.9993
20150309	0.09229	93.52	1.099
20150310	0.1042	93.64	1.099
20150311	0.1042	93.57	1.164
20150312	0.1042	93.57	1.164
20150313	0.0724	92.78	1.104
20150314	1.659	95.51	0.3907
20150315	1.657	94.68	1.082
20150316	1.648	93.25	2.185
20150317	1.648	93.24	2.198
20150318	1.648	93.24	2.198
20150319	2.281	93.49	1.559
20150320	2.208	92.74	2.383
20150321	1.98	93.56	1.85
20150322	1.984	93.55	1.85
20150323	1.984	93.55	1.85
20150324	1.984	93.47	1.929
20150325	1.976	93.47	1.929
20150326	0.4153	97.57	0.1424
20150327	0.2944	90.78	0.1217
20150328	0.2944	90.46	0.1814
20150329	0.2602	90.32	0.1814
20150330	0.2466	89.74	0.1814
20150331	0.2156	83.75	0.1814
20150401	0.2156	82.57	0.2013
20150402	0.2546	84.61	0.1416
20150403	0.2514	84.06	0.1416
20150404	0.2514	81.85	0.1217
20150405	0.2172	80.35	0.1217
20150406	0.1981	61.72	0.1615
20150407	7.077	58.21	0.1615
20150408	7.076	49.3	0.1615
20150409	7.076	49.3	0.1615
20150410	7.776	48.6	0.1607
20150411	7.77	48.56	0.2005
20150412	5.308	50.86	0.0358
20150413	5.268	39.09	0.0358
20150414	5.282	38.91	0.0358
20150415	1.76	69.06	0.0
20150416	1.76	69.06	0.0
20150417	1.76	68.47	0.0
20150418	1.088	68.47	0.0
20150419	1.088	68.47	0.0
20150420	1.088	68.39	0.07956
20150421	1.088	68.39	0.07956
20150422	20.47	58.16	0.09945
20150423	20.43	54.32	0.09945
20150424	10.67	86.83	0.179
20150425	10.67	86.61	0.3978
20150426	2.794	95.26	0.2586
20150427	1.466	97.62	0.2387
20150428	1.466	97.62	0.2387
20150429	1.466	97.34	0.5172
20150430	1.466	97.23	0.6365
20150501	1.915	96.78	0.6349
20150502	1.915	96.78	0.6349
20150503	1.915	96.78	0.6349
20150504	2.178	96.91	0.537
20150505	2.178	96.91	0.537
20150506	49.93	49.28	0.5323
20150507	49.91	48.85	0.9898
20150508	72.11	26.89	0.9731
20150509	74.85	24.17	0.9484
20150510	74.76	22.56	2.655
20150511	74.66	19.28	4.156
20150512	74.64	19.24	4.195
20150513	66.42	27.68	4.174
20150514	66.42	27.68	4.174
20150515	66.41	27.39	4.214
20150516	50.67	42.54	6.655
20150517	50.66	42.44	6.754
20150518	51.69	40.54	7.718
20150519	51.69	40.54	7.718
20150520	52.73	39.29	7.909
20150521	57.39	34.6	7.909
20150522	57.34	34.35	7.929
20150523	57.34	34.15	7.929
20150524	57.32	34.11	7.929
20150525	57.32	34.03	8.009
20150526	57.06	32.06	10.6
20150527	57.0	30.72	10.44
20150528	57.0	30.72	10.44
20150529	56.68	28.24	10.4
20150530	56.62	28.18	10.58
20150531	55.88	26.12	10.46
20150601	46.51	33.92	13.21
20150602	47.51	33.02	13.12
20150603	46.91	31.84	15.62
20150604	46.62	30.39	18.08
20150605	46.53	29.67	18.9
20150606	27.94	30.56	21.89
20150607	27.88	30.23	22.44
20150608	27.38	29.27	26.12
20150609	31.47	25.8	25.63
20150610	31.09	25.42	25.61
20150611	30.35	26.69	29.3
20150612	30.05	23.23	29.95
20150613	29.36	23.74	32.36
20150614	29.58	21.79	31.95
20150615	29.44	21.41	32.55
20150616	29.39	21.2	33.01
20150617	29.19	17.34	32.55
20150618	27.67	16.2	39.36
20150619	26.83	13.42	38.79
20150620	25.51	11.88	49.97
20150621	25.3	11.68	50.92
20150622	24.43	9.45	55.05
20150623	24.37	9.053	54.94
20150624	23.9	8.077	54.59
20150625	22.66	7.936	53.7
20150626	21.46	7.887	57.61
20150627	19.57	6.869	63.86
20150628	18.9	6.665	64.83
20150629	17.28	4.867	67.3
20150630	15.99	7.936	69.59
20150701	11.4	6.445	77.99
20150702	11.4	6.362	77.97
20150703	14.86	5.561	75.08
20150704	14.8	5.538	75.25
20150705	14.8	5.538	75.25
20150706	14.75	5.469	75.25
20150707	14.9	5.051	74.65
20150708	15.08	4.851	74.28
20150709	14.14	4.703	75.29
20150710	13.88	4.339	75.51
20150711	12.61	1.97	76.44
20150712	13.08	0.646	56.47
20150713	6.994	0.5601	88.28
20150714	5.974	0.5092	90.11
20150715	9.579	1.026	86.54
20150716	9.579	1.026	86.54
20150717	10.04	1.035	86.07
20150718	9.612	1.035	86.49
20150719	9.152	1.699	85.55
20150720	9.836	1.632	84.9
20150721	8.8	1.053	86.37
20150722	8.618	0.6795	86.8
20150723	7.181	0.5752	88.91
20150724	8.605	1.272	85.14
20150725	7.927	1.018	83.68
20150726	7.297	0.7972	78.33
20150727	7.887	0.8179	77.76
20150728	5.056	0.2506	88.82
20150729	7.064	0.1933	86.54
20150730	7.01	0.1472	86.43
20150731	6.764	0.1472	86.43
20150801	6.884	0.1074	85.3
20150802	6.838	0.09627	81.61
20150803	6.768	0.09627	76.47
20150804	5.012	0.07002	83.97
20150805	5.396	0.04217	79.53
20150806	5.396	0.04217	79.53
20150807	5.099	0.04217	81.49
20150808	5.632	0.04376	57.42
20150809	3.869	0.04376	70.76
20150810	2.34	0.03023	91.51
20150811	2.34	0.03023	91.51
20150812	3.215	0.0549	93.67
20150813	4.703	0.07161	92.34
20150814	4.561	0.07161	92.51
20150815	1.886	0.02705	96.59
20150816	0.6095	0.01989	98.91
20150817	0.6389	0.0907	99.19
20150818	0.3612	0.04853	99.51
20150819	0.1496	0.03421	99.74
20150820	0.6858	0.1066	99.18
20150821	0.1146	0.06047	99.79
20150822	0.0907	0.04853	99.83
20150823	0.08991	0.04853	99.83
20150824	0.4519	0.1472	99.36
20150825	0.4917	0.1703	99.3
20150826	0.4901	0.1687	99.3
20150827	0.4901	0.1687	99.25
20150828	0.4901	0.1687	99.25
20150829	2.016	0.1289	97.76
20150830	1.835	0.1289	97.93
20150831	1.771	0.1217	97.95
20150901	3.517	0.1249	96.21
20150902	3.517	0.1249	95.7
20150903	3.517	0.1249	95.34
20150904	3.513	0.1249	92.6
20150905	5.378	0.04535	52.35
20150906	5.661	0.2785	64.06
20150907	5.297	0.2602	67.28
20150908	5.254	0.2602	67.17
20150909	5.221	0.2602	65.98
20150910	1.748	0.3556	97.59
20150911	0.4933	0.2626	99.13
20150912	0.1544	0.144	99.65
20150913	0.6381	0.218	99.09
20150914	0.2705	0.1392	99.53
20150915	0.2705	0.1392	99.53
20150916	0.2689	0.1392	99.53
20150917	1.858	0.588	97.41
20150918	2.271	2.407	95.18
20150919	2.222	2.407	95.23
20150920	2.222	2.407	95.23
20150921	1.576	2.011	96.1
20150922	1.419	1.968	96.22
20150923	2.42	1.627	95.24
20150924	1.024	0.3819	97.44
20150925	3.679	0.5927	87.79
20150926	3.679	0.5927	87.79
20150927	4.526	0.6134	87.76
20150928	4.491	0.537	87.5
20150929	4.45	0.4623	87.64
20150930	4.448	4.644	87.29
20151001	4.429	4.614	87.33
20151002	4.429	4.614	85.89
20151003	4.417	4.554	85.58
20151004	5.006	22.95	67.91
20151005	3.988	62.39	29.54
20151006	3.905	60.15	29.14
20151007	3.838	57.54	31.88
20151008	3.703	55.37	34.44
20151009	3.68	54.4	35.63
20151010	3.623	50.47	39.73
20151011	2.766	76.86	19.05
20151012	11.65	68.98	18.33
20151013	11.65	68.94	18.35
20151014	11.65	68.94	18.23
20151015	11.53	66.73	20.54
20151016	12.32	65.33	21.18
20151017	12.91	56.54	28.79
20151018	12.58	52.85	32.65
20151019	11.59	44.28	41.87
20151020	11.59	40.1	45.54
20151021	11.59	34.37	42.25
20151022	11.51	12.71	37.49
20151023	8.972	21.44	34.47
20151024	9.294	20.01	34.2
20151025	9.272	19.97	34.32
20151026	9.221	18.9	32.98
20151027	7.614	13.93	33.18
20151028	3.268	54.19	15.77
20151029	2.505	60.16	13.44
20151030	1.941	55.57	18.61
20151031	2.007	64.67	14.75
20151101	2.003	64.65	14.75
20151102	2.001	64.14	15.23
20151103	1.876	61.02	18.35
20151104	7.068	65.64	13.67
20151105	6.834	77.86	8.462
20151106	6.834	77.86	8.462
20151107	6.791	77.86	8.383
20151108	6.787	77.01	8.243
20151109	6.77	76.65	8.144
20151110	6.717	73.75	6.379
20151111	6.702	71.82	6.166
20151112	6.9	71.66	6.156
20151113	6.89	69.24	5.225
20151114	6.671	61.86	2.237
20151115	4.909	50.37	1.522
20151116	2.178	0.2864	0.0
20151117	2.272	0.2856	0.0
20151118	2.272	0.2856	0.0
20151119	2.272	0.2856	0.0
20151120	2.272	0.2856	0.0
20151121	2.1	0.2856	0.0
20151122	4.263	0.3031	0.0
20151123	3.146	0.3031	0.0
20151124	3.222	0.2928	0.0
20151125	3.179	0.2928	0.0
20151126	3.239	0.3	0.0
20151127	2.826	0.3	0.0
20151128	3.26	0.2992	0.0
20151129	3.264	0.3039	0.0
20151130	3.264	0.3039	0.0
20151201	3.264	0.3039	0.0
20151202	3.264	0.3039	0.0
20151203	1.559	0.3039	0.0
20151204	1.571	0.3079	0.0
20151205	1.483	0.3079	0.0
20151206	1.49	0.3071	0.0
20151207	1.415	0.3071	0.0
20151208	1.665	0.3135	0.0
20151209	0.7113	0.3135	0.0
20151210	0.3095	0.3135	0.0
20151211	0.3095	0.3135	0.0
20151212	0.3095	0.3135	0.0
20151213	0.3095	0.3135	0.0
20151214	0.3095	0.3135	0.0
20151215	0.2928	0.3135	0.0
20151216	0.2928	0.3135	0.0
20151217	0.2697	0.3135	0.0
20151218	0.2745	0.3135	0.0
20151219	0.01591	0.3135	0.0
20151220	6.532	0.296	0.0
20151221	6.521	0.296	0.0
20151222	6.52	0.3135	0.0
20151223	6.52	0.3135	0.0
20151224	6.52	0.3135	0.0
20151225	6.52	0.3135	0.0
20151226	6.52	0.3135	0.0
20151227	6.52	0.3135	0.0
20151228	6.52	0.3135	0.0
20151229	6.515	0.3135	0.0
20151230	6.519	0.3135	0.0
20151231	0.04137	0.3135	0.0
20160101	0.05012	0.3135	0.0
20160102	0.01353	0.3135	0.0
20160103	0.03342	0.3135	0.0
20160104	0.03899	0.3135	0.0
20160105	0.03899	0.3135	0.0
20160106	0.03899	0.3135	0.0
20160107	0.03899	0.3135	0.0
20160108	0.03899	0.3135	0.0
20160109	0.03899	0.3135	0.0
20160110	0.03501	0.3135	0.0
20160111	0.4328	0.3135	0.0
20160112	0.4241	0.3135	0.0
20160113	6.899	0.3135	0.0
20160114	6.89	0.3135	0.0
20160115	6.909	0.3135	0.0
20160116	6.909	0.3135	0.0
20160117	6.909	0.3135	0.0
20160118	6.909	0.3135	0.0
20160119	6.909	0.3135	0.0
20160120	6.909	0.3135	0.0
20160121	6.912	0.3135	0.0
20160122	6.854	0.3135	0.0
20160123	6.857	0.3135	0.0
20160124	0.4169	0.3135	0.0
20160125	1.99	0.3135	0.0
20160126	1.808	0.3135	0.0
20160127	1.804	0.3135	0.0
20160128	1.804	0.3135	0.0
20160129	1.804	0.3135	0.0
20160130	1.804	0.3135	0.0
20160131	1.804	0.3135	0.0
20160201	1.801	0.3135	0.0
20160202	1.801	0.3135	0.0
20160203	1.774	0.3135	0.0
20160204	1.777	0.3135	0.0
20160205	0.01591	0.3135	0.4368
20160206	4.354	0.3135	0.3525
20160207	4.252	0.3135	0.8577
20160208	4.254	1.33	0.8179
20160209	4.254	4.378	0.8282
20160210	4.254	4.378	0.8282
20160211	4.254	4.378	0.8879
20160212	4.254	4.378	0.8879
20160213	4.254	4.378	0.8879
20160214	3.412	23.78	0.8792
20160215	3.39	23.72	1.058
20160216	2.768	43.25	0.8298
20160217	2.724	43.25	0.8298
20160218	1.796	43.23	0.5999
20160219	1.795	42.97	0.693
20160220	1.769	46.75	0.6922
20160221	1.355	62.95	0.9778
20160222	1.226	62.52	1.987
20160223	1.226	62.52	1.987
20160224	1.226	62.32	2.127
20160225	1.226	61.13	2.295
20160226	0.04058	87.07	0.9555
20160227	0.0366	86.48	1.453
20160228	1.014	86.07	1.155
20160229	1.014	86.07	1.155
20160301	2.336	97.5	0.03978
20160302	2.336	97.5	0.03978
20160303	2.351	97.48	0.03978
20160304	1.872	97.96	0.03978
20160305	1.872	97.94	0.05967
20160306	1.872	97.94	0.05967
20160307	1.872	97.86	0.05967
20160308	1.872	94.96	0.05967
20160309	0.01512	97.55	1.169
20160310	0.01512	97.55	1.169
20160311	1.025	97.86	1.085
20160312	1.025	97.86	1.085
20160313	1.025	97.86	1.085
20160314	1.025	97.86	1.085
20160315	7.762	91.24	0.981
20160316	8.254	90.94	0.798
20160317	8.254	90.94	0.798
20160318	8.239	90.83	0.9174
20160319	8.239	90.77	0.977
20160320	8.239	90.75	0.977
20160321	2.613	97.16	0.1066
20160322	2.544	89.25	0.1066
20160323	2.435	90.93	0.08593
20160324	2.435	89.24	0.1655
20160325	1.849	89.41	0.1655
20160326	1.767	89.29	0.1655
20160327	1.881	89.01	0.1655
20160328	0.8298	92.49	0.3445
20160329	0.8243	92.31	0.3445
20160330	0.8243	92.2	0.3644
20160331	0.8235	91.88	0.5267
20160401	0.8052	90.76	0.9046
20160402	0.07797	96.67	0.4543
20160403	0.07797	96.67	0.4543
20160404	0.05569	97.04	0.3151
20160405	0.05569	96.78	0.5736
20160406	0.09309	96.76	0.5736
20160407	0.09309	96.76	0.5736
20160408	0.3294	96.55	0.5418
20160409	0.3294	96.55	0.5418
20160410	0.3294	96.55	0.5418
20160411	0.3294	96.5	0.6015
20160412	0.3294	96.5	0.6015
20160413	0.3294	94.94	0.7805
20160414	0.9309	94.02	0.7805
20160415	0.9309	91.54	0.9197
20160416	0.9086	64.57	0.8402
20160417	0.8943	60.9	0.8402
20160418	0.3206	99.45	0.01989
20160419	0.3206	99.37	0.1018
20160420	1.146	98.5	0.1496
20160421	0.0	99.84	0.1193
20160422	0.0	99.84	0.1193
20160423	0.0	99.82	0.1392
20160424	0.0	99.79	0.1711
20160425	0.0	99.41	0.5466
20160426	0.005569	99.49	0.467
20160427	0.005569	99.49	0.467
20160428	38.5	60.39	1.089
20160429	38.12	60.07	1.788
20160430	63.34	34.23	2.431
20160501	63.34	33.87	2.789
20160502	50.01	45.62	4.37
20160503	47.71	47.53	4.759
20160504	47.71	47.53	4.759
20160505	47.71	47.53	4.759
20160506	47.67	47.51	4.819
20160507	47.67	47.51	4.819
20160508	49.43	44.53	6.034
20160509	49.38	43.92	6.537
20160510	51.74	41.46	6.623
20160511	51.72	40.81	6.543
20160512	50.64	41.28	6.612
20160513	48.62	26.5	6.76
20160514	34.9	39.3	13.23
20160515	35.45	38.8	13.08
20160516	35.45	38.8	13.08
20160517	35.08	36.77	14.05
20160518	34.83	36.28	14.94
20160519	34.4	35.31	17.39
20160520	29.6	41.01	19.31
20160521	29.2	40.76	19.28
20160522	34.06	37.15	22.15
20160523	33.55	36.92	22.15
20160524	32.35	36.19	24.65
20160525	31.82	31.95	24.3
20160526	24.37	35.77	33.01
20160527	23.67	27.85	46.82
20160528	23.64	27.81	46.81
20160529	22.23	24.18	52.94
20160530	20.22	19.63	59.59
20160531	18.24	15.49	66.19
20160601	18.02	14.31	67.62
20160602	15.93	12.55	71.33
20160603	21.04	12.27	66.56
20160604	20.99	11.93	66.66
20160605	23.34	11.6	64.63
20160606	22.59	9.933	66.05
20160607	22.39	6.475	65.59
20160608	23.37	6.436	64.78
20160609	23.33	6.11	64.64
20160610	22.17	4.453	66.58
20160611	20.85	3.918	68.62
20160612	21.92	3.813	67.22
20160613	22.32	3.351	62.58
20160614	22.17	2.883	62.28
20160615	39.27	2.068	50.49
20160616	39.19	1.955	50.44
20160617	39.11	1.739	47.53
20160618	39.11	1.739	47.53
20160619	39.08	1.681	47.41
20160620	39.08	1.681	47.41
20160621	39.08	1.459	42.13
20160622	38.32	0.5729	3.342
20160623	34.35	0.5076	20.17
20160624	30.97	0.5076	30.37
20160625	26.25	0.3572	47.53
20160626	0.4448	0.0	87.57
20160627	0.3358	0.0	89.08
20160628	0.3358	0.0	89.08
20160629	7.963	0.01989	85.45
20160630	5.655	0.01512	89.13
20160701	6.011	0.1416	89.21
20160702	5.814	0.1217	89.53
20160703	5.34	0.1217	90.74
20160704	4.628	0.1201	91.85
20160705	4.606	0.1201	91.83
20160706	6.328	0.2832	89.86
20160707	6.602	1.764	87.68
20160708	4.281	1.55	89.92
20160709	5.729	1.54	88.62
20160710	5.136	1.54	88.3
20160711	4.535	0.6612	82.45
20160712	3.055	0.4018	87.44
20160713	2.49	0.4129	89.06
20160714	3.005	0.9022	87.33
20160715	2.238	0.5426	87.16
20160716	2.238	0.5426	87.16
20160717	1.958	0.5275	89.03
20160718	4.57	0.3294	86.55
20160719	4.68	0.2912	86.43
20160720	4.206	0.2864	87.96
20160721	1.388	0.1965	98.19
20160722	0.226	0.08991	99.63
20160723	0.6126	0.2252	99.12
20160724	0.6102	0.1798	99.12
20160725	0.8577	0.1687	98.88
20160726	1.24	0.1607	98.52
20160727	1.204	0.1607	98.55
20160728	1.204	0.1607	98.55
20160729	0.8959	0.1607	98.85
20160730	1.119	0.1782	98.6
20160731	1.896	0.2164	97.79
20160801	1.876	0.2164	97.67
20160802	2.968	0.1424	93.93
20160803	2.947	0.1082	91.11
20160804	2.054	0.72	94.38
20160805	0.7145	0.6071	97.16
20160806	1.832	0.6699	94.72
20160807	2.778	0.6516	93.49
20160808	2.778	0.6516	93.49
20160809	2.778	0.6516	91.63
20160810	1.298	0.3031	89.85
20160811	3.644	0.2657	87.77
20160812	4.076	0.3071	87.49
20160813	3.464	0.1933	91.68
20160814	4.183	0.1886	92.09
20160815	3.781	0.08672	90.98
20160816	0.5394	0.1782	99.13
20160817	0.1384	0.08275	99.75
20160818	0.2538	0.2045	99.52
20160819	0.5068	0.1806	99.29
20160820	0.3724	0.1639	99.44
20160821	0.3525	0.1639	99.46
20160822	0.1313	0.1074	99.74
20160823	1.78	0.175	98.03
20160824	1.166	0.2116	98.61
20160825	1.134	0.2116	98.63
20160826	3.213	0.1353	96.63
20160827	3.213	0.1353	96.61
20160828	5.839	0.08672	94.05
20160829	5.523	0.08672	94.3
20160830	5.446	0.1679	94.3
20160831	5.721	0.1567	94.05
20160901	5.721	0.1567	94.05
20160902	5.721	0.1567	93.98
20160903	4.969	0.1432	94.63
20160904	5.587	0.1981	40.29
20160905	6.078	2.449	55.72
20160906	4.724	2.096	71.46
20160907	6.803	3.829	71.55
20160908	6.632	3.789	71.2
20160909	6.724	3.876	70.45
20160910	5.96	2.765	74.7
20160911	5.744	2.548	77.24
20160912	5.741	2.771	79.82
20160913	2.445	0.7853	90.94
20160914	2.371	0.7853	90.27
20160915	2.304	0.6826	91.64
20160916	1.763	0.1886	98.05
20160917	1.279	0.2132	98.51
20160918	1.17	0.2021	98.63
20160919	2.534	5.768	91.7
20160920	2.279	5.412	92.31
20160921	1.812	0.2188	97.97
20160922	0.2268	0.1695	99.6
20160923	1.632	0.3007	98.07
20160924	2.681	0.2586	97.06
20160925	2.681	0.2586	97.06
20160926	2.681	0.2586	97.06
20160927	4.647	0.1917	92.19
20160928	4.739	0.1838	92.09
20160929	5.821	0.2323	91.25
20160930	10.33	0.04217	86.97
20161001	11.08	0.08115	85.93
20161002	8.968	1.696	86.96
20161003	7.502	13.91	73.35
20161004	6.258	32.81	59.89
20161005	11.7	25.56	61.85
20161006	12.08	25.31	61.73
20161007	12.34	23.75	63.17
20161008	9.984	17.74	71.62
20161009	6.868	3.439	89.6
20161010	3.392	3.124	93.4
20161011	6.43	2.493	91.0
20161012	8.855	2.375	88.69
20161013	9.767	2.223	87.68
20161014	9.793	2.155	87.62
20161015	3.784	0.9882	93.22
20161016	11.5	1.035	85.55
20161017	8.495	2.272	87.6
20161018	3.085	6.503	88.71
20161019	6.383	12.86	79.58
20161020	3.648	6.922	88.64
20161021	6.691	8.5	84.01
20161022	4.676	7.418	87.14
20161023	12.51	11.11	75.7
20161024	19.85	11.65	67.75
20161025	17.01	17.8	64.44
20161026	10.84	18.24	70.33
20161027	11.07	19.15	69.1
20161028	22.51	27.5	49.15
20161029	21.46	35.2	42.65
20161030	15.36	44.66	38.3
20161031	22.87	52.46	22.09
20161101	21.75	50.82	24.47
20161102	21.57	50.48	24.64
20161103	21.7	50.69	22.93
20161104	17.34	61.54	16.74
20161105	16.73	59.14	19.68
20161106	23.36	56.23	15.73
20161107	23.36	56.23	15.73
20161108	33.11	49.88	11.09
20161109	33.09	48.02	9.987
20161110	35.93	44.49	8.142
20161111	34.7	39.52	7.28
20161112	33.64	35.29	4.824
20161113	33.2	33.66	4.58
20161114	33.16	33.43	4.506
20161115	32.22	21.52	3.708
20161116	30.19	0.2872	0.0
20161117	29.05	0.2872	0.0
20161118	29.75	0.2753	0.0
20161119	23.69	0.2753	0.0
20161120	23.69	0.2753	0.0
20161121	17.08	0.2753	0.0
20161122	5.942	0.3023	0.0
20161123	8.339	0.2634	0.0
20161124	8.339	0.2634	0.0
20161125	8.339	0.2634	0.0
20161126	7.917	0.2634	0.0
20161127	9.713	0.3095	0.0
20161128	10.33	0.3063	0.0
20161129	9.334	0.3063	0.0
20161130	9.611	0.3135	0.0
20161201	9.611	0.3135	0.0
20161202	9.611	0.3135	0.0
20161203	8.572	0.3135	0.0
20161204	9.502	0.3135	0.0
20161205	9.528	0.3135	0.0
20161206	9.528	0.3135	0.0
20161207	9.528	0.3135	0.0
20161208	7.729	0.3135	0.0
20161209	6.939	0.3135	0.0
20161210	7.026	0.3135	0.0
20161211	6.279	0.3135	0.0
20161212	6.381	0.3135	0.0
20161213	6.381	0.3135	0.0
20161214	6.511	0.3135	0.0
20161215	2.212	0.3135	0.0
20161216	4.021	0.3055	0.0
20161217	9.201	0.2984	0.0
20161218	9.201	0.2984	0.0
20161219	9.201	0.2984	0.0
20161220	7.705	0.2984	0.0
20161221	10.28	0.2363	0.0
20161222	10.91	0.3087	0.0
20161223	10.74	0.3087	0.0
20161224	11.72	0.3135	0.0
20161225	11.67	0.3135	0.0
20161226	14.23	0.3135	0.0
20161227	15.52	0.3135	0.0
20161228	12.07	0.3135	0.0
20161229	12.29	0.3135	0.0
20161230	12.35	0.3135	0.0
20161231	12.35	0.3135	0.0
20170101	8.645	0.3135	0.0
20170102	6.372	0.3135	0.0
20170103	16.92	0.3135	0.0
20170104	18.48	0.3135	0.0
20170105	18.21	0.3135	0.0
20170106	18.0	0.3135	0.0
20170107	18.0	0.3135	0.0
20170108	19.02	0.3135	0.0
20170109	19.04	0.3135	0.0
20170110	10.77	0.3135	0.0
20170111	5.228	0.3135	0.0
20170112	4.432	0.3135	0.0
20170113	10.83	0.3135	0.0
20170114	10.84	0.3135	0.0
20170115	11.97	0.3135	0.0
20170116	12.49	0.3135	0.0
20170117	12.49	0.3135	0.0
20170118	12.02	0.3135	0.0
20170119	12.02	0.3135	0.0
20170120	9.48	0.3135	0.0
20170121	9.48	0.3135	0.0
20170122	3.499	0.3135	0.0
20170123	1.982	0.3135	0.0
20170124	1.981	0.3135	0.0
20170125	24.0	0.3135	0.0
20170126	24.18	0.3135	0.0
20170127	49.23	0.2069	0.0
20170128	50.62	0.2968	0.0
20170129	50.61	0.3135	0.0
20170130	50.23	0.3135	0.0
20170131	50.82	0.3135	0.0
20170201	48.94	0.3135	0.0
20170202	48.93	0.3135	0.0
20170203	29.92	0.5267	0.0
20170204	11.66	0.5267	0.0
20170205	6.815	0.5267	1.172
20170206	1.315	61.61	0.9921
20170207	0.2522	87.27	0.4344
20170208	0.5402	88.98	0.6476
20170209	0.5148	94.0	0.3509
20170210	0.5148	94.0	0.3509
20170211	0.4304	96.5	0.3716
20170212	2.036	94.89	0.3517
20170213	27.71	69.16	0.5713
20170214	24.21	72.58	0.7853
20170215	24.2	72.19	0.7455
20170216	24.21	71.41	0.7455
20170217	24.21	71.13	0.7455
20170218	18.15	59.78	0.3541
20170219	10.96	81.32	0.214
20170220	4.839	86.6	0.1591
20170221	3.279	87.56	0.09945
20170222	1.295	94.13	0.09945
20170223	1.306	94.12	0.09945
20170224	0.9022	94.17	0.09945
20170225	0.2769	92.36	0.4973
20170226	0.1345	87.65	0.736
20170227	0.02466	95.04	0.2538
20170228	0.01512	92.9	0.1989
20170301	0.01512	88.52	0.1989
20170302	0.01353	91.14	0.366
20170303	0.01512	92.42	0.5649
20170304	0.03183	91.33	0.6914
20170305	0.02944	91.02	0.5124
20170306	0.005569	98.38	0.214
20170307	0.005569	98.3	0.214
20170308	0.01034	98.0	0.1742
20170309	0.007956	97.62	0.1544
20170310	0.007956	97.58	0.1146
20170311	0.004774	97.89	0.0549
20170312	0.01114	97.51	0.2737
20170313	0.01114	95.24	0.2737
20170314	0.01114	57.91	0.2586
20170315	0.01114	50.98	0.2586
20170316	0.02069	62.7	0.3183
20170317	0.01989	81.88	0.4296
20170318	0.007956	82.9	0.4296
20170319	0.01273	83.24	0.3302
20170320	0.01273	78.72	0.3302
20170321	0.007956	81.06	0.2705
20170322	0.007956	81.66	0.2705
20170323	0.007956	77.3	0.2506
20170324	0.01034	78.62	0.183
20170325	0.01034	78.28	0.2626
20170326	0.01034	77.87	0.2626
20170327	0.01034	77.89	0.2626
20170328	0.2029	77.66	0.2586
20170329	0.2275	75.51	0.2387
20170330	0.2275	74.94	0.2387
20170331	0.218	57.44	0.1392
20170401	0.2092	46.13	0.07956
20170402	0.03023	70.9	0.0
20170403	0.03103	70.2	0.0
20170404	5.688	65.32	0.0
20170405	11.29	65.17	0.1146
20170406	11.27	64.48	0.1345
20170407	9.474	60.66	0.1329
20170408	0.6102	97.58	0.03978
20170409	0.6293	97.28	0.03978
20170410	0.5458	97.65	0.03978
20170411	0.4527	97.65	0.03978
20170412	0.2236	97.37	0.0
20170413	0.03342	97.47	0.0
20170414	0.02387	97.46	0.0
20170415	0.04376	44.88	0.0
20170416	0.0358	45.18	0.0
20170417	0.04376	61.06	0.0
20170418	0.04376	61.04	0.0
20170419	0.04376	55.84	0.0
20170420	0.03978	44.83	0.0
20170421	0.03819	40.17	0.0
20170422	0.02387	36.71	0.0
20170423	0.01273	73.12	0.0
20170424	0.01273	59.61	0.0
20170425	0.5641	82.73	0.0
20170426	1.642	96.7	0.0
20170427	1.353	98.39	0.0
20170428	0.004774	100.0	0.0
20170429	0.07081	99.93	0.0
20170430	0.07081	99.93	0.0
20170501	0.1146	99.89	0.0
20170502	0.1583	99.84	0.0
20170503	2.674	97.31	0.01989
20170504	2.681	97.3	0.01989
20170505	52.78	47.17	0.05172
20170506	53.4	21.02	0.05172
20170507	55.45	20.9	0.07161
20170508	54.86	24.21	0.07161
20170509	44.85	35.72	0.07161
20170510	44.21	27.35	0.05172
20170511	35.43	52.55	0.01193
20170512	20.42	51.93	0.0
20170513	11.27	72.16	0.01989
20170514	9.355	87.46	0.01989
20170515	16.82	83.18	0.0
20170516	8.001	92.0	0.0
20170517	13.36	86.64	0.0
20170518	19.58	80.14	0.2785
20170519	69.41	30.12	0.471
20170520	75.51	24.02	0.467
20170521	79.06	20.48	0.4654
20170522	78.78	20.42	0.4654
20170523	77.05	21.44	0.6445
20170524	73.82	24.67	0.6445
20170525	74.22	18.64	0.6246
20170526	70.93	16.41	0.6986
20170527	65.2	26.82	3.681
20170528	69.7	21.61	3.673
20170529	69.42	21.87	3.683
20170530	67.63	21.79	3.611
20170531	65.41	24.15	3.432
20170601	67.91	20.5	3.379
20170602	65.04	23.8	3.587
20170603	21.57	69.06	4.637
20170604	35.71	54.86	4.632
20170605	31.91	58.64	4.65
20170606	58.48	31.81	4.532
20170607	40.74	48.65	6.887
20170608	43.43	43.25	12.78
20170609	43.36	39.69	16.78
20170610	36.66	35.4	21.98
20170611	35.03	35.54	22.91
20170612	28.08	40.35	24.28
20170613	28.84	36.93	26.47
20170614	27.85	30.3	28.51
20170615	27.78	26.01	28.93
20170616	27.53	23.03	28.93
20170617	26.1	22.02	34.83
20170618	26.33	17.24	34.07
20170619	24.63	12.71	35.28
20170620	25.06	7.668	35.72
20170621	25.92	3.382	32.69
20170622	25.7	3.115	35.56
20170623	24.46	2.81	37.49
20170624	22.99	3.29	31.57
20170625	23.55	2.909	31.24
20170626	23.9	1.992	28.53
20170627	23.55	1.223	24.76
20170628	22.76	1.294	28.98
20170629	21.08	1.026	37.74
20170630	18.36	1.212	65.71
20170701	18.19	0.8052	64.94
20170702	16.96	0.8267	73.64
20170703	19.18	0.5116	71.6
20170704	19.26	0.5044	71.53
20170705	18.45	0.3572	71.17
20170706	17.49	0.6063	72.35
20170707	17.08	0.3668	68.55
20170708	17.07	0.3644	68.21
20170709	17.14	0.2864	50.23
20170710	15.13	0.3302	50.53
20170711	12.14	0.2745	73.5
20170712	13.76	0.2777	71.9
20170713	13.75	0.1878	70.08
20170714	13.19	2.934	57.19
20170715	13.77	2.497	64.13
20170716	13.78	2.596	62.43
20170717	12.85	2.56	62.32
20170718	12.78	3.196	32.4
20170719	12.77	2.497	39.42
20170720	13.0	2.466	39.7
20170721	11.68	0.6779	67.5
20170722	11.88	0.2968	58.98
20170723	5.448	0.01193	92.06
20170724	5.852	0.0366	91.77
20170725	2.796	0.2172	96.43
20170726	3.741	0.1416	95.61
20170727	4.295	0.1957	94.99
20170728	3.425	0.249	95.97
20170729	2.061	0.1384	97.23
20170730	4.767	0.1098	94.53
20170731	7.044	0.06365	92.36
20170801	7.722	0.06524	91.44
20170802	7.663	0.1257	90.59
20170803	8.133	0.03501	86.77
20170804	6.31	1.117	82.48
20170805	6.616	1.112	36.01
20170806	6.66	1.127	37.0
20170807	6.564	12.02	40.79
20170808	6.711	1.982	82.42
20170809	6.527	1.559	83.98
20170810	6.488	1.559	82.58
20170811	5.139	0.9396	88.05
20170812	5.208	0.829	88.61
20170813	4.549	0.3159	92.26
20170814	5.26	0.5084	90.96
20170815	8.429	0.4591	82.77
20170816	5.156	0.3883	90.82
20170817	6.366	0.3278	90.05
20170818	6.206	0.3031	88.11
20170819	6.355	0.2968	87.24
20170820	6.677	0.3692	75.67
20170821	6.779	0.1583	75.53
20170822	5.557	0.07638	72.51
20170823	5.61	0.0724	32.3
20170824	7.552	0.01671	17.88
20170825	9.913	0.1257	10.78
20170826	10.53	1.885	2.952
20170827	11.77	1.315	67.3
20170828	10.67	1.29	70.76
20170829	11.21	1.314	70.22
20170830	11.22	1.302	70.31
20170831	10.81	1.528	71.35
20170901	11.47	1.38	70.62
20170902	9.509	0.5689	75.16
20170903	7.706	0.3278	28.68
20170904	2.208	0.1941	96.32
20170905	2.796	0.1082	95.87
20170906	3.16	0.1392	95.49
20170907	1.629	0.2283	97.45
20170908	3.53	0.1488	95.32
20170909	3.517	0.1488	95.2
20170910	7.148	0.5195	91.56
20170911	6.873	1.026	90.34
20170912	7.624	9.092	81.38
20170913	7.732	9.16	81.13
20170914	7.421	9.146	11.86
20170915	7.076	9.582	9.931
20170916	10.3	9.158	9.135
20170917	10.25	8.654	9.099
20170918	10.05	8.43	5.627
20170919	6.908	1.122	29.33
20170920	5.706	1.259	48.45
20170921	5.247	1.728	51.21
20170922	7.056	0.3381	67.89
20170923	6.457	0.3946	68.1
20170924	4.899	0.1321	93.37
20170925	5.684	0.1361	93.46
20170926	3.247	0.1687	95.89
20170927	1.849	0.05012	97.76
20170928	1.135	0.1894	98.18
20170929	1.258	0.1217	98.08
20170930	1.041	0.144	98.28
20171001	0.732	0.2021	98.59
20171002	1.505	0.148	97.64
20171003	1.724	0.8688	96.63
20171004	8.043	0.6763	90.02
20171005	8.092	0.588	89.63
20171006	9.985	0.3787	87.87
20171007	10.16	1.586	85.34
20171008	7.424	5.2	50.15
20171009	5.95	5.104	56.97
20171010	4.323	11.47	63.56
20171011	6.565	16.59	59.56
20171012	8.402	20.5	55.39
20171013	2.611	41.75	50.33
20171014	5.514	39.94	45.94
20171015	4.623	47.05	39.06
20171016	8.798	44.69	36.82
20171017	7.531	61.68	23.52
20171018	13.26	62.03	18.76
20171019	14.69	67.05	14.69
20171020	5.479	83.21	6.314
20171021	5.195	83.23	7.506
20171022	3.404	87.0	6.573
20171023	14.71	83.19	1.376
20171024	10.6	86.14	2.553
20171025	7.364	89.38	2.649
20171026	7.411	85.23	6.039
20171027	7.414	84.86	6.039
20171028	6.934	85.37	4.845
20171029	3.874	90.74	3.626
20171030	5.957	90.33	2.466
20171031	8.604	88.98	1.907
20171101	7.102	90.48	1.754
20171102	6.317	91.03	2.277
20171103	6.006	91.07	2.743
20171104	6.878	89.73	3.225
20171105	4.061	93.51	1.79
20171106	3.788	93.15	1.583
20171107	3.627	88.99	1.351
20171108	3.526	88.02	1.351
20171109	3.361	72.39	1.045
20171110	2.872	66.17	0.8513
20171111	2.041	47.85	0.04217
20171112	6.598	9.88	0.0
20171113	6.557	0.3135	0.0
20171114	6.45	0.3135	0.0
20171115	6.644	0.3135	0.0
20171116	8.725	0.3135	0.0
20171117	9.314	0.3135	0.0
20171118	9.116	0.3135	0.0
20171119	7.079	0.3135	0.0
20171120	7.079	0.3135	0.0
20171121	9.154	0.3135	0.0
20171122	9.15	0.3135	0.0
20171123	9.118	0.3135	0.0
20171124	9.025	0.3135	0.0
20171125	9.034	0.3135	0.0
20171126	9.034	0.3135	0.0
20171127	9.072	0.3135	0.0
20171128	8.732	0.3135	0.0
20171129	8.98	0.3135	0.0
20171130	7.347	0.3135	0.0
20171201	7.753	0.3135	0.0
20171202	7.742	0.3135	0.0
20171203	7.992	0.3135	0.0
20171204	7.987	0.3135	0.0
20171205	8.464	0.3135	0.0
20171206	8.135	0.3135	0.0
20171207	8.134	0.3135	0.0
20171208	6.024	0.3135	0.0
20171209	6.087	0.3135	0.0
20171210	5.921	0.3135	0.0
20171211	6.526	0.3135	0.0
20171212	3.123	0.3135	0.0
20171213	7.792	0.3135	0.0
20171214	7.779	0.3135	0.0
20171215	7.768	0.3135	0.0
20171216	7.812	0.3135	0.0
20171217	8.899	0.3135	0.0
20171218	11.85	0.3135	0.0
20171219	11.86	0.3135	0.0
20171220	11.44	0.3135	0.0
20171221	11.45	0.3135	0.0
20171222	11.54	0.3135	0.0
20171223	11.59	0.3135	0.0
20171224	11.01	0.3135	0.0
20171225	3.12	0.3135	0.0
20171226	3.034	0.3135	0.0
20171227	6.497	0.3135	0.0
20171228	6.497	0.3135	0.0
20171229	6.755	0.3135	0.0
20171230	7.904	0.3135	0.0
20171231	7.905	0.3135	0.0
20180101	7.387	0.3135	0.0
20180102	7.562	0.3135	0.0
20180103	7.609	0.3135	0.0
20180104	7.646	0.3135	0.0
20180105	7.462	0.3135	0.0
20180106	8.957	0.3135	0.0
20180107	8.956	0.3135	0.0
20180108	9.484	0.3135	0.0
20180109	9.473	0.3135	0.0
20180110	8.116	0.3135	0.0
20180111	8.777	0.3135	0.0
20180112	8.764	0.3135	0.0
20180113	3.292	0.3135	0.0
20180114	7.067	0.3135	0.0
20180115	6.476	0.3135	0.0
20180116	6.512	0.3135	0.0
20180117	6.348	0.3135	0.0
20180118	7.006	0.3135	0.0
20180119	7.006	0.3135	0.0
20180120	8.668	0.3135	0.0
20180121	8.493	0.3135	0.0
20180122	9.021	0.3135	0.0
20180123	10.28	0.3135	0.0
20180124	10.28	0.3135	0.0
20180125	9.975	0.3135	0.0
20180126	10.0	0.3135	0.0
20180127	9.178	0.3135	0.0
20180128	9.178	0.3135	0.0
20180129	8.059	0.3135	0.0
20180130	7.459	0.3135	0.0
20180131	7.459	0.3135	0.0
20180201	10.34	0.3135	0.0
20180202	10.32	0.3135	0.0
20180203	12.1	0.3135	0.0
20180204	13.77	0.3135	0.0
20180205	13.77	0.3135	0.0
20180206	11.5	29.05	0.4392
20180207	8.409	72.91	1.003
20180208	10.77	70.71	0.9492
20180209	3.195	90.16	0.9858
20180210	3.091	91.52	0.8275
20180211	1.235	92.72	4.168
20180212	0.8839	91.45	5.978
20180213	7.52	89.38	2.676
20180214	3.369	88.76	6.795
20180215	6.663	86.36	5.907
20180216	9.637	87.46	1.915
20180217	1.991	97.15	0.4814
20180218	2.049	96.95	0.3175
20180219	6.988	91.91	0.6134
20180220	12.67	86.46	0.2037
20180221	4.494	94.95	0.1384
20180222	0.9213	98.69	0.1289
20180223	6.774	92.39	0.5012
20180224	6.417	92.89	0.2824
20180225	12.86	86.66	0.07002
20180226	10.58	88.15	0.6047
20180227	10.42	88.76	0.1154
20180228	11.31	87.47	0.1154
20180301	11.11	84.21	0.105
20180302	11.09	83.74	0.08513
20180303	11.09	82.93	0.08513
20180304	13.05	75.7	0.04058
20180305	8.224	80.14	0.5172
20180306	2.372	87.86	0.03262
20180307	9.932	79.5	0.14
20180308	9.62	80.6	0.1599
20180309	13.88	80.58	0.0
20180310	12.71	81.76	0.0
20180311	11.17	84.02	0.005569
20180312	9.91	87.02	0.003978
20180313	6.147	90.87	0.1822
20180314	5.602	91.38	0.1949
20180315	6.215	92.61	0.0
20180316	16.82	82.94	0.0
20180317	17.39	82.37	0.0
20180318	14.82	84.83	0.1193
20180319	15.36	84.23	0.1178
20180320	13.49	86.09	0.09945
20180321	13.85	85.71	0.1193
20180322	13.84	85.28	0.1217
20180323	10.93	84.57	0.02546
20180324	10.36	87.96	0.0
20180325	10.35	87.69	0.0
20180326	9.934	88.24	0.0
20180327	8.92	89.12	0.0
20180328	11.18	86.81	0.01989
20180329	10.77	86.56	0.1193
20180330	9.947	77.26	0.09945
20180331	10.02	45.81	0.09945
20180401	4.853	67.62	0.175
20180402	4.023	79.29	0.2546
20180403	0.9205	92.31	0.09548
20180404	3.455	91.68	0.09548
20180405	2.522	93.39	0.01591
20180406	2.642	92.74	0.01591
20180407	1.973	93.27	0.1154
20180408	0.1384	98.31	0.03978
20180409	2.782	95.57	0.07956
20180410	3.03	91.38	0.07877
20180411	3.003	90.31	0.07877
20180412	1.462	90.98	0.0191
20180413	0.3095	94.41	0.0191
20180414	4.548	95.45	0.0
20180415	5.713	94.29	0.0
20180416	22.71	77.29	0.0
20180417	3.573	96.43	0.0
20180418	2.182	97.78	0.03978
20180419	3.033	96.93	0.03978
20180420	56.55	43.41	0.03978
20180421	66.61	33.36	0.03421
20180422	66.85	33.11	0.03342
20180423	61.61	37.98	0.4113
20180424	63.03	36.68	0.2928
20180425	62.31	16.63	0.2594
20180426	51.29	35.68	0.4368
20180427	50.15	34.19	0.4368
20180428	55.91	27.37	0.4273
20180429	59.43	23.85	0.3922
20180430	58.8	21.59	0.1814
20180501	35.91	46.48	2.929
20180502	38.94	43.45	2.927
20180503	43.15	34.03	2.863
20180504	51.35	30.83	3.875
20180505	46.46	34.95	4.273
20180506	66.12	23.3	6.522
20180507	66.12	23.3	6.522
20180508	51.26	37.61	8.065
20180509	42.55	45.9	9.42
20180510	46.81	39.87	12.73
20180511	43.01	40.63	15.96
20180512	43.09	40.51	16.01
20180513	41.63	40.9	16.54
20180514	28.93	44.94	25.95
20180515	30.95	42.16	26.57
20180516	29.07	37.0	33.06
20180517	22.55	34.41	40.82
20180518	26.19	20.69	40.5
20180519	25.03	20.36	42.11
20180520	25.61	16.64	41.16
20180521	25.64	13.29	40.11
20180522	26.11	12.52	39.74
20180523	29.85	10.42	35.06
20180524	29.81	4.202	17.77
20180525	25.69	0.9349	43.71
20180526	24.1	2.807	50.61
20180527	25.55	2.134	49.77
20180528	25.27	1.797	51.15
20180529	25.11	1.76	51.01
20180530	21.41	1.548	56.64
20180531	19.59	1.442	62.65
20180601	15.49	2.883	71.29
20180602	15.17	2.054	71.04
20180603	17.89	0.8267	68.85
20180604	23.32	0.4129	65.05
20180605	23.01	4.771	61.98
20180606	23.24	4.541	60.68
20180607	24.19	4.486	56.45
20180608	28.53	4.165	28.4
20180609	28.88	4.116	21.25
20180610	28.76	4.284	21.21
20180611	27.68	4.176	22.62
20180612	27.56	0.8473	15.38
20180613	27.24	0.8792	11.57
20180614	27.12	0.8792	11.52
20180615	23.84	0.8267	5.588
20180616	21.38	0.8696	12.69
20180617	12.79	0.7439	83.95
20180618	12.65	0.7113	83.73
20180619	13.08	0.7097	83.3
20180620	14.0	3.28	78.78
20180621	14.49	3.262	78.33
20180622	14.35	3.261	78.3
20180623	14.18	3.342	77.34
20180624	12.88	2.099	23.76
20180625	13.57	2.104	23.37
20180626	13.58	2.104	24.12
20180627	13.71	0.2928	25.66
20180628	13.96	0.1528	33.03
20180629	13.95	0.152	33.02
20180630	12.3	0.1122	44.56
20180701	5.497	0.7916	92.18
20180702	3.955	0.5561	95.07
20180703	4.654	0.4392	94.48
20180704	5.914	0.3907	93.26
20180705	7.293	0.2968	92.05
20180706	7.264	0.2968	92.05
20180707	7.231	0.2968	91.96
20180708	4.636	0.07638	93.92
20180709	3.754	0.04853	84.75
20180710	2.778	0.3572	96.25
20180711	1.264	0.44	97.9
20180712	1.184	0.3835	97.94
20180713	0.6476	0.3055	98.96
20180714	0.8545	0.1949	98.86
20180715	1.051	0.2562	98.59
20180716	0.9078	0.2236	98.78
20180717	0.732	0.1949	98.99
20180718	0.3636	0.08354	99.49
20180719	1.007	0.1504	98.82
20180720	0.3835	0.04933	99.27
20180721	1.018	0.08354	98.66
20180722	1.555	0.1154	98.18
20180723	1.698	0.1233	98.03
20180724	1.739	0.1233	97.76
20180725	2.285	0.1536	96.66
20180726	1.319	0.109	97.41
20180727	0.9659	0.2228	98.21
20180728	0.3095	0.2721	98.96
20180729	0.5402	0.1408	98.95
20180730	0.5426	0.3198	98.7
20180731	0.3167	0.2236	99.04
20180801	0.2029	0.08036	99.41
20180802	1.668	0.03978	97.97
20180803	2.42	0.191	96.9
20180804	2.479	0.191	96.44
20180805	2.006	0.1655	96.09
20180806	1.995	0.2045	96.11
20180807	2.158	0.1711	93.35
20180808	1.923	0.1894	91.3
20180809	2.007	0.5673	90.85
20180810	3.258	0.5267	90.17
20180811	3.425	0.5267	90.16
20180812	4.414	0.5092	86.84
20180813	4.432	0.6405	85.93
20180814	4.981	0.989	84.92
20180815	5.444	0.9189	25.07
20180816	5.416	0.7423	25.07
20180817	5.268	0.7264	21.39
20180818	2.625	0.2466	70.39
20180819	4.094	0.9444	72.12
20180820	4.662	1.651	72.33
20180821	4.631	1.675	79.71
20180822	5.024	0.3039	92.8
20180823	3.949	0.2204	94.06
20180824	4.713	0.2435	93.46
20180825	4.747	0.2435	91.49
20180826	3.961	0.2363	94.31
20180827	3.699	0.2069	95.32
20180828	1.395	0.2323	97.68
20180829	1.661	0.187	97.2
20180830	3.21	0.2045	95.61
20180831	3.066	0.04933	95.89
20180901	2.443	0.2188	96.68
20180902	3.112	0.2769	95.93
20180903	3.819	0.2244	94.89
20180904	2.164	0.2196	96.44
20180905	1.272	0.1886	97.91
20180906	0.5681	0.03421	98.92
20180907	1.474	0.1241	97.93
20180908	2.09	0.1321	97.56
20180909	0.7718	0.1925	98.9
20180910	0.8123	0.09627	98.96
20180911	1.209	0.2291	98.43
20180912	2.14	0.117	97.61
20180913	2.72	0.2148	96.87
20180914	2.808	0.9985	95.93
20180915	5.393	0.9245	92.55
20180916	5.961	2.309	65.28
20180917	7.288	1.507	79.04
20180918	7.473	1.41	74.06
20180919	8.632	13.53	62.28
20180920	8.304	10.74	60.72
20180921	7.815	7.558	69.2
20180922	5.101	9.474	81.08
20180923	6.734	9.411	79.44
20180924	7.706	9.24	70.16
20180925	8.165	12.89	66.57
20180926	7.712	12.4	65.44
20180927	10.57	31.63	46.45
20180928	8.053	48.03	34.75
20180929	9.65	49.92	20.19
20180930	9.777	51.67	18.83
20181001	16.39	51.35	16.83
20181002	17.7	49.71	16.88
20181003	10.77	67.39	13.21
20181004	9.919	66.92	14.92
20181005	9.965	64.14	9.531
20181006	11.34	58.99	9.345
20181007	9.805	63.01	8.171
20181008	7.718	66.47	6.682
20181009	7.73	69.1	8.082
20181010	6.262	66.35	8.422
20181011	31.21	41.92	6.356
20181012	26.54	48.15	10.72
20181013	29.89	41.24	10.53
20181014	30.66	40.23	10.42
20181015	25.95	40.45	15.47
20181016	20.41	21.33	45.54
20181017	16.41	18.73	56.42
20181018	18.03	15.19	61.97
20181019	18.03	30.62	49.12
20181020	17.21	32.73	47.83
20181021	18.67	42.0	38.09
20181022	15.77	47.01	36.08
20181023	22.48	47.09	29.52
20181024	4.888	68.29	26.63
20181025	27.28	55.79	16.83
20181026	32.61	54.26	12.95
20181027	15.99	71.82	12.13
20181028	12.72	70.29	16.97
20181029	14.12	71.17	14.69
20181030	49.47	47.98	2.552
20181031	54.11	43.78	2.073
20181101	19.63	75.48	4.83
20181102	25.61	69.69	4.662
20181103	20.74	74.59	4.583
20181104	44.27	51.01	3.841
20181105	43.13	51.9	3.973
20181106	32.88	55.22	5.864
20181107	33.11	51.84	5.549
20181108	32.99	40.32	4.327
20181109	32.86	40.31	4.327
20181110	30.65	25.82	2.82
20181111	28.23	25.54	2.719
20181112	28.33	23.58	2.147
20181113	26.7	0.331	0.004774
20181114	16.05	0.1456	0.0
20181115	15.69	0.1456	0.0
20181116	23.0	0.01114	0.0
20181117	23.01	0.01114	0.0
20181118	31.6	0.1544	0.0
20181119	34.71	0.1416	0.0
20181120	34.59	0.2482	0.0
20181121	33.99	0.2482	0.0
20181122	33.97	0.2729	0.0
20181123	30.28	0.2451	0.0
20181124	29.96	0.257	0.0
20181125	24.11	0.3063	0.0
20181126	12.03	0.3063	0.0
20181127	11.14	0.3063	0.0
20181128	11.42	0.3095	0.0
20181129	12.44	0.3095	0.0
20181130	8.433	0.2992	0.0
20181201	7.864	0.3015	0.0
20181202	7.835	0.3127	0.0
20181203	7.836	0.3127	0.0
20181204	7.856	0.3135	0.0
20181205	10.61	0.3071	0.0
20181206	14.81	0.3031	0.0
20181207	13.51	0.3135	0.0
20181208	24.29	0.3119	0.0
20181209	24.28	0.3119	0.0
20181210	29.33	0.3135	0.0
20181211	29.33	0.3135	0.0
20181212	31.9	0.3135	0.0
20181213	30.22	0.3071	0.0
20181214	30.22	0.3079	0.0
20181215	24.94	0.3079	0.0
20181216	27.4	0.3135	0.0
20181217	42.84	0.3135	0.0
20181218	44.92	0.2992	0.0
20181219	43.87	0.3135	0.0
20181220	45.14	0.3047	0.0
20181221	45.13	0.3047	0.0
20181222	46.98	0.3135	0.0
20181223	46.97	0.3135	0.0
20181224	46.84	0.3031	0.0
20181225	46.45	0.3103	0.0
20181226	46.45	0.3135	0.0
20181227	44.45	0.3135	0.0
20181228	44.45	0.3135	0.0
20181229	37.97	0.3135	0.0
20181230	38.29	0.3135	0.0
20181231	20.64	0.3135	0.0
20190101	23.37	0.3103	0.0
20190102	23.37	0.3103	0.0
20190103	23.73	0.3135	0.0
20190104	23.56	0.3135	0.0
20190105	24.07	0.3135	0.0
20190106	28.61	0.3087	0.0
20190107	28.68	0.3135	0.0
20190108	12.85	0.3135	0.0
20190109	13.53	0.3135	0.0
20190110	14.79	0.3135	0.0
20190111	14.86	0.3135	0.0
20190112	11.62	0.3135	0.0
20190113	8.558	0.3135	0.0
20190114	8.52	0.3135	0.0
20190115	12.84	0.3135	0.0
20190116	12.78	0.3135	0.0
20190117	15.47	0.3135	0.0
20190118	15.79	0.3135	0.0
20190119	15.79	0.3135	0.0
20190120	14.59	0.3135	0.0
20190121	14.84	0.3135	0.0
20190122	17.13	0.3135	0.0
20190123	17.26	0.3135	0.0
20190124	13.35	0.3135	0.0
20190125	15.36	0.3135	0.0
20190126	15.36	0.3135	0.0
20190127	22.3	0.3135	0.0
20190128	22.28	0.3135	0.0
20190129	26.32	0.3135	0.0
20190130	27.79	0.3135	0.0
20190131	27.79	0.3135	0.0
20190201	27.37	0.3135	0.0
20190202	27.44	0.3135	0.0
20190203	30.2	0.3135	0.0
20190204	25.14	19.21	0.0
20190205	7.764	59.39	0.5705
20190206	17.47	75.93	0.444
20190207	14.72	79.58	1.266
20190208	35.99	63.34	0.1456
20190209	9.817	89.71	0.3978
20190210	38.53	61.35	0.05569
20190211	41.04	58.86	0.03739
20190212	26.78	72.83	0.319
20190213	21.8	77.15	0.9508
20190214	15.0	83.46	1.432
20190215	10.84	88.26	0.6954
20190216	11.83	84.52	0.6946
20190217	3.451	93.05	0.9834
20190218	4.608	91.85	0.7447
20190219	4.255	92.72	0.7447
20190220	15.78	79.55	0.6604
20190221	5.85	89.26	0.6803
20190222	14.81	75.4	0.4535
20190223	27.38	65.61	1.043
20190224	43.08	51.67	0.4432
20190225	46.58	47.7	1.067
20190226	50.69	41.95	0.9237
20190227	45.8	46.47	0.8036
20190228	39.46	46.3	1.341
20190301	34.09	52.48	1.419
20190302	31.15	55.62	1.009
20190303	21.11	64.42	0.8123
20190304	18.74	64.48	0.5784
20190305	17.95	64.46	0.5784
20190306	16.25	61.78	0.5784
20190307	8.853	71.04	0.2681
20190308	7.512	73.02	0.08911
20190309	6.051	72.1	0.08911
20190310	1.676	69.48	0.0
20190311	0.8434	84.07	0.0
20190312	0.3914	86.2	0.1591
20190313	0.2108	86.24	0.1591
20190314	0.1416	86.86	0.3183
20190315	0.1416	84.47	0.3183
20190316	0.1544	84.91	0.3183
20190317	0.0915	88.21	0.07956
20190318	0.1679	84.7	0.1193
20190319	0.1567	84.22	0.1193
20190320	0.1265	85.07	0.1193
20190321	0.08434	85.28	0.1464
20190322	0.0183	89.55	0.05967
20190323	0.03421	89.52	0.05967
20190324	0.04217	79.64	0.03978
20190325	0.03262	77.66	0.03978
20190326	0.02785	85.81	0.07956
20190327	0.02785	85.27	0.09945
20190328	0.175	80.41	0.3119
20190329	0.175	68.04	0.3119
20190330	0.1408	66.11	0.2395
20190331	0.1408	65.87	0.2793
20190401	0.1257	67.86	0.2793
20190402	0.1289	46.5	0.2594
20190403	0.1289	49.41	0.2395
20190404	0.101	60.53	0.1798
20190405	1.12	95.65	0.01989
20190406	0.01034	99.92	0.0
20190407	0.05172	99.88	0.0
20190408	0.02944	99.89	0.0
20190409	0.04058	99.88	0.0
20190410	0.1026	99.83	0.0
20190411	0.1567	99.78	0.0
20190412	0.1965	99.74	0.0
20190413	0.1965	92.67	0.0
20190414	0.1814	91.72	0.01989
20190415	3.439	91.26	0.01989
20190416	2.963	93.39	0.01989
20190417	3.642	76.84	0.01989
20190418	3.637	76.84	0.01989
20190419	3.696	76.79	0.01989
20190420	5.857	74.94	0.01989
20190421	70.22	21.97	0.01989
20190422	51.69	43.36	0.01989
20190423	62.63	35.85	0.1106
20190424	68.33	30.2	0.1066
20190425	46.76	51.85	0.5172
20190426	20.85	0.0	79.15
20190427	50.48	0.0358	49.48
20190428	52.0	42.78	5.215
20190429	51.49	43.02	5.491
20190430	52.31	42.26	5.431
20190501	65.4	29.51	5.09
20190502	65.52	29.39	5.09
20190503	65.62	29.42	2.522
20190504	62.48	33.62	2.051
20190505	55.84	36.04	1.978
20190506	57.92	26.0	0.9778
20190507	56.06	27.18	1.018
20190508	52.56	26.39	1.017
20190509	35.68	55.12	2.289
20190510	59.22	32.15	2.09
20190511	57.53	34.01	5.205
20190512	57.7	31.52	5.145
20190513	60.93	28.65	5.136
20190514	60.43	28.82	5.515
20190515	58.35	31.11	6.176
20190516	58.79	25.08	5.985
20190517	48.17	36.37	9.127
20190518	47.61	30.04	12.96
20190519	35.91	41.98	14.62
20190520	36.79	40.44	14.62
20190521	37.36	39.78	14.64
20190522	36.0	37.71	16.0
20190523	37.1	35.38	17.09
20190524	36.55	28.06	16.58
20190525	37.43	25.61	17.2
20190526	36.84	11.61	15.49
20190527	35.99	16.08	15.5
20190528	35.93	16.16	15.49
20190529	35.38	14.91	13.84
20190530	34.98	9.652	7.661
20190531	34.68	10.22	8.153
20190601	32.01	10.21	7.409
20190602	32.05	9.999	7.27
20190603	30.18	6.825	8.678
20190604	30.71	6.363	8.612
20190605	28.96	7.753	20.52
20190606	27.99	9.28	27.73
20190607	27.7	8.843	28.54
20190608	26.73	7.278	29.77
20190609	26.5	7.177	29.75
20190610	25.31	4.574	28.19
20190611	25.27	4.658	29.66
20190612	24.86	3.724	24.63
20190613	5.516	0.0	94.48
20190614	12.99	0.144	86.87
20190615	13.58	0.1655	86.26
20190616	14.73	0.1496	85.12
20190617	14.01	0.3031	85.69
20190618	15.32	0.2498	84.43
20190619	15.17	0.2451	84.59
20190620	14.81	0.2641	80.41
20190621	15.28	0.2268	79.75
20190622	16.34	0.1082	78.08
20190623	16.11	10.11	61.45
20190624	15.61	9.37	20.78
20190625	13.81	7.621	44.53
20190626	13.78	7.621	41.75
20190627	11.69	4.475	57.67
20190628	11.55	4.475	58.03
20190629	10.38	3.994	69.15
20190630	3.206	0.0907	81.26
20190701	3.205	0.08831	81.0
20190702	1.156	0.01273	82.52
20190703	0.8609	0.01273	88.7
20190704	12.47	0.0007956	81.68
20190705	15.01	0.0007956	80.37
20190706	15.05	0.0007956	80.18
20190707	15.05	0.0007956	76.77
20190708	10.17	0.405	86.24
20190709	6.953	0.3286	91.52
20190710	8.4	0.2315	89.54
20190711	7.753	0.2753	90.36
20190712	6.868	0.2514	91.69
20190713	3.019	0.1345	96.11
20190714	4.101	0.09468	95.12
20190715	4.17	0.05331	94.61
20190716	8.36	0.007161	85.94
20190717	10.33	0.02546	84.24
20190718	9.559	0.002387	86.63
20190719	5.616	0.0007956	92.29
20190720	3.164	0.0541	93.0
20190721	3.989	0.05888	93.11
20190722	3.238	0.2196	95.9
20190723	2.876	0.2347	96.3
20190724	2.813	0.2347	96.33
20190725	2.486	0.2347	96.19
20190726	0.5872	0.06922	99.15
20190727	0.2753	0.06524	99.54
20190728	0.07718	0.04296	99.77
20190729	0.03103	0.0007956	99.81
20190730	0.003183	0.0	99.88
20190731	0.003183	0.0	99.88
20190801	0.4782	0.2021	99.28
20190802	0.6667	0.1575	99.14
20190803	0.8179	0.1162	99.04
20190804	0.576	0.1703	99.2
20190805	0.9436	0.1066	98.9
20190806	0.4829	0.03342	99.35
20190807	0.9007	0.1066	98.86
20190808	1.077	0.09388	98.53
20190809	2.158	0.03899	97.45
20190810	4.977	0.06524	94.49
20190811	4.988	0.08275	94.04
20190812	3.66	0.0541	84.11
20190813	4.249	0.08036	46.24
20190814	4.823	1.224	48.36
20190815	5.423	1.225	48.12
20190816	5.45	1.29	48.06
20190817	5.904	0.1806	89.41
20190818	5.564	1.433	88.86
20190819	5.817	1.473	87.22
20190820	4.928	1.351	89.16
20190821	3.513	0.8346	94.03
20190822	5.69	0.6079	92.15
20190823	5.691	0.6142	92.2
20190824	4.456	0.3405	76.4
20190825	4.964	0.3604	73.16
20190826	5.864	0.2936	75.41
20190827	6.267	0.1965	73.17
20190828	1.79	0.2458	92.36
20190829	3.287	0.1631	91.17
20190830	3.269	0.1631	91.0
20190831	3.288	0.6214	91.76
20190901	2.396	0.1536	95.39
20190902	4.08	0.2411	94.11
20190903	5.542	0.1106	94.06
20190904	4.126	0.4129	94.41
20190905	4.721	0.4129	93.79
20190906	6.99	0.3151	91.85
20190907	6.737	0.6508	92.03
20190908	7.849	0.4193	91.18
20190909	4.226	0.3493	95.18
20190910	4.051	0.3556	90.11
20190911	3.159	0.3079	91.36
20190912	5.018	0.9325	88.85
20190913	5.283	2.061	88.08
20190914	5.838	2.229	86.71
20190915	8.926	2.163	81.97
20190916	6.554	2.557	70.27
20190917	7.106	2.785	67.59
20190918	10.61	9.36	48.04
20190919	11.33	27.8	39.5
20190920	11.55	30.07	36.92
20190921	9.317	45.12	23.62
20190922	8.753	49.71	23.75
20190923	8.709	50.06	15.84
20190924	5.789	53.85	29.7
20190925	11.74	47.08	29.59
20190926	11.28	20.66	61.99
20190927	12.52	5.338	81.53
20190928	5.725	2.67	91.46
20190929	6.885	2.551	90.39
20190930	7.179	4.758	87.89
20191001	11.97	6.528	80.34
20191002	13.56	18.85	66.66
20191003	13.47	18.84	66.46
20191004	10.29	50.99	37.48
20191005	9.865	50.71	8.67
20191006	16.47	45.94	8.327
20191007	14.42	49.72	8.957
20191008	14.59	52.68	8.779
20191009	15.0	49.99	8.736
20191010	7.438	69.75	9.174
20191011	5.974	59.62	9.53
20191012	7.202	59.43	8.864
20191013	8.141	58.46	8.615
20191014	16.48	70.52	3.655
20191015	8.812	87.62	1.123
20191016	22.09	76.96	0.5418
20191017	15.21	78.06	6.222
20191018	16.08	77.38	6.087
20191019	10.17	85.24	4.249
20191020	27.22	71.55	0.8792
20191021	32.43	66.26	0.8044
20191022	31.63	66.95	0.8656
20191023	28.82	67.75	1.446
20191024	27.16	63.14	0.9126
20191025	31.35	56.61	0.8792
20191026	8.002	67.98	24.02
20191027	6.11	78.9	14.99
20191028	21.33	75.5	3.169
20191029	19.14	77.11	3.745
20191030	23.28	76.28	0.4392
20191031	13.69	85.89	0.4209
20191101	18.46	81.2	0.3366
20191102	20.56	78.35	0.4408
20191103	3.415	96.47	0.02626
20191104	3.622	96.07	0.0724
20191105	12.11	87.4	0.2809
20191106	18.11	80.96	0.2657
20191107	17.01	82.02	0.4591
20191108	17.04	81.99	0.4591
20191109	22.23	76.66	0.4288
20191110	22.2	57.17	0.4288
20191111	29.8	31.58	0.3867
20191112	29.78	18.74	0.2013
20191113	32.82	16.71	0.1973
20191114	33.73	0.3103	0.0
20191115	33.74	0.3071	0.0
20191116	32.71	0.3071	0.0
20191117	32.72	0.3111	0.0
20191118	29.94	0.3	0.0
20191119	30.71	0.3087	0.0
20191120	26.09	0.3135	0.0
20191121	26.58	0.3071	0.0
20191122	26.59	0.3071	0.0
20191123	26.9	0.3135	0.0
20191124	26.85	0.3135	0.0
20191125	12.54	0.3119	0.0
20191126	9.81	0.3087	0.0
20191127	14.72	0.3111	0.0
20191128	12.91	0.3111	0.0
20191129	21.61	0.3135	0.0
20191130	26.41	0.3135	0.0
20191201	26.8	0.3135	0.0
20191202	25.7	0.3135	0.0
20191203	22.77	0.3135	0.0
20191204	26.02	0.3135	0.0
20191205	45.52	0.3135	0.0
20191206	45.22	0.3135	0.0
20191207	35.1	0.3135	0.0
20191208	34.68	0.3135	0.0
20191209	34.68	0.3135	0.0
20191210	32.1	0.3135	0.0
20191211	30.15	0.3135	0.0
20191212	9.978	0.3135	0.0
20191213	9.685	0.3135	0.0
20191214	8.874	0.3135	0.0
20191215	1.145	0.3135	0.0
20191216	0.7757	0.3135	0.0
20191217	6.242	0.3135	0.0
20191218	6.23	0.3135	0.0
20191219	7.695	0.3135	0.0
20191220	7.893	0.3135	0.0
20191221	7.903	0.3135	0.0
20191222	7.867	0.3135	0.0
20191223	7.868	0.3135	0.0
20191224	7.407	0.3135	0.0
20191225	7.437	0.3135	0.0
20191226	4.778	0.3135	0.0
20191227	5.823	0.3135	0.0
20191228	5.814	0.3135	0.0
20191229	5.94	0.3135	0.0
20191230	5.832	0.3135	0.0
20191231	4.565	0.3135	0.0
20200101	4.606	0.3135	0.0
20200102	4.836	0.3135	0.0
20200103	4.32	0.3135	0.0
20200104	5.329	0.3135	0.0
20200105	5.386	0.3135	0.0
20200106	5.388	0.3135	0.0
20200107	5.121	0.3135	0.0
20200108	5.049	0.3135	0.0
20200109	4.814	0.3135	0.0
20200110	1.433	0.3135	0.0
20200111	0.4615	0.3135	0.0
20200112	0.2458	0.3135	0.0
20200113	0.2753	0.3135	0.0
20200114	0.2753	0.3135	0.0
20200115	0.2419	0.3135	0.0
20200116	0.257	0.3135	0.0
20200117	0.6675	0.3135	0.0
20200118	0.6906	0.3135	0.0
20200119	0.5896	0.3135	0.0
20200120	0.6087	0.3135	0.0
20200121	0.6102	0.3135	0.0
20200122	0.6381	0.3135	0.0
20200123	0.6349	0.3135	0.0
20200124	0.4989	0.3135	0.0
20200125	0.5243	0.3135	0.0
20200126	0.5243	0.3135	0.0
20200127	0.475	0.3135	0.0
20200128	0.5482	0.3135	0.0
20200129	0.5808	0.3135	0.0
20200130	0.58	0.3135	0.0
20200131	0.2602	0.3135	0.0
20200201	0.1925	0.3135	0.0
20200202	0.1965	0.3135	0.0
20200203	0.2307	0.3135	0.0
20200204	0.1734	0.3135	0.0
20200205	0.4448	14.04	0.07956
20200206	0.2976	38.57	0.7614
20200207	0.2729	48.85	1.804
20200208	0.1703	66.71	0.9492
20200209	0.1886	66.75	1.05
20200210	0.4217	66.61	1.047
20200211	0.2315	68.86	1.321
20200212	0.1639	73.14	1.693
20200213	0.1337	89.38	0.6755
20200214	0.1058	89.02	0.6954
20200215	0.1536	83.1	0.5363
20200216	0.1504	83.1	0.5164
20200217	0.1432	95.73	1.542
20200218	0.1464	96.24	1.253
20200219	0.1209	97.75	1.02
20200220	0.1209	94.39	1.02
20200221	0.08593	93.19	2.08
20200222	0.1058	93.22	2.314
20200223	0.02387	94.0	2.704
20200224	0.01353	91.1	1.775
20200225	0.002387	91.98	1.286
20200226	0.002387	88.14	1.15
20200227	0.01273	88.13	1.15
20200228	0.01273	80.66	0.8919
20200229	0.1854	75.43	0.8473
20200301	0.1599	76.28	0.2514
20200302	0.1599	72.21	0.6429
20200303	0.1345	66.52	0.7009
20200304	0.1464	80.41	0.3342
20200305	0.576	80.06	0.3342
20200306	0.4456	82.44	0.3731
20200307	0.2451	84.51	0.409
20200308	0.2443	84.7	0.2506
20200309	0.2029	83.36	0.3103
20200310	0.1384	77.53	0.2347
20200311	0.1066	53.73	0.175
20200312	0.09945	62.18	0.09548
20200313	0.08354	60.27	0.04456
20200314	0.07399	66.36	0.09945
20200315	0.07558	63.22	0.09945
20200316	0.06285	67.62	0.07956
20200317	0.07718	64.95	0.05967
20200318	0.1018	67.62	0.05967
20200319	0.02069	78.02	0.2188
20200320	0.08354	76.41	0.2785
20200321	0.08354	71.78	0.2785
20200322	0.1074	68.21	0.2387
20200323	0.0907	65.72	0.2387
20200324	0.3636	73.99	0.2188
20200325	0.1854	81.46	0.1583
20200326	0.1854	72.7	0.1384
20200327	0.1639	72.04	0.1384
20200328	1.926	72.87	0.07956
20200329	1.892	74.17	0.05967
20200330	1.749	74.79	0.09945
20200331	1.715	74.11	0.09945
20200401	1.11	72.77	0.2371
20200402	1.11	72.77	0.2371
20200403	0.1233	86.14	0.03978
20200404	0.05092	89.79	0.05967
20200405	0.2228	91.99	0.03978
20200406	0.2379	91.54	0.03978
20200407	0.2379	91.07	0.03978
20200408	0.1639	89.51	0.01989
20200409	0.3907	89.89	0.01989
20200410	0.6142	85.83	0.01989
20200411	0.6429	81.82	0.01989
20200412	0.5991	61.47	0.01989
20200413	0.5721	62.68	0.01989
20200414	0.5713	62.68	0.01989
20200415	0.5546	42.95	0.0
20200416	0.03421	92.6	0.0
20200417	0.14	93.4	0.01989
20200418	0.1528	93.93	0.01989
20200419	2.927	91.43	0.02546
20200420	12.84	81.52	0.02546
20200421	17.98	80.84	0.0
20200422	19.31	79.51	0.0
20200423	20.68	73.15	0.0
20200424	12.48	83.86	0.03978
20200425	12.56	83.77	0.03978
20200426	12.52	83.82	0.03978
20200427	12.47	80.8	0.03978
20200428	8.55	69.52	0.05967
20200429	2.95	92.69	0.0
20200430	3.13	92.87	0.0
20200501	3.095	87.18	0.0
20200502	2.704	85.25	0.0
20200503	13.9	75.05	0.0
20200504	25.24	64.34	0.0
20200505	25.54	63.19	0.0
20200506	25.47	30.2	0.0
20200507	16.49	40.2	0.0
20200508	16.32	41.39	0.0
20200509	13.25	55.22	0.0
20200510	5.206	81.05	0.0
20200511	5.74	80.39	0.0
20200512	6.406	79.76	0.0
20200513	2.404	94.71	0.0
20200514	2.186	94.1	0.0
20200515	2.329	93.96	0.0
20200516	4.916	93.0	0.0
20200517	4.242	93.4	0.0
20200518	2.148	96.57	0.0
20200519	2.375	97.22	0.07956
20200520	2.381	96.61	0.07956
20200521	61.84	37.08	0.6564
20200522	52.02	47.47	0.4495
20200523	81.7	17.31	0.9746
20200524	81.2	17.53	1.275
20200525	70.52	27.77	1.689
20200526	69.68	28.61	1.689
20200527	73.61	24.08	2.313
20200528	76.54	21.17	2.293
20200529	77.5	20.05	2.272
20200530	73.72	22.6	2.152
20200531	75.06	20.14	2.081
20200601	62.53	28.45	2.608
20200602	67.84	23.21	2.592
20200603	55.01	32.83	2.001
20200604	59.15	27.78	1.921
20200605	53.62	33.35	6.364
20200606	53.47	31.71	6.341
20200607	49.47	31.03	13.04
20200608	42.58	35.05	15.8
20200609	43.27	33.1	15.59
20200610	33.46	40.51	16.48
20200611	33.87	39.58	17.09
20200612	33.21	32.79	20.61
20200613	29.27	27.4	39.08
20200614	28.91	27.29	37.21
20200615	28.93	23.72	36.61
20200616	25.79	24.64	42.89
20200617	24.74	11.89	61.98
20200618	23.47	12.3	63.07
20200619	21.6	8.477	64.63
20200620	17.6	4.877	76.14
20200621	16.15	2.851	80.49
20200622	15.91	2.201	81.61
20200623	14.45	1.805	83.27
20200624	17.06	1.742	80.64
20200625	16.83	1.578	80.75
20200626	17.32	1.087	80.14
20200627	13.07	1.503	84.24
20200628	12.86	0.9659	85.2
20200629	12.97	0.7407	85.36
20200630	14.68	0.4265	83.11
20200701	14.92	8.286	74.03
20200702	20.11	8.661	69.16
20200703	17.28	1.546	79.16
20200704	18.88	2.49	75.83
20200705	18.96	0.8545	74.84
20200706	17.93	0.1822	77.66
20200707	17.6	0.1623	78.03
20200708	18.01	0.1687	77.61
20200709	17.48	0.1687	78.06
20200710	17.31	0.1456	76.61
20200711	17.29	0.261	76.34
20200712	17.18	0.261	76.17
20200713	14.55	0.1217	24.82
20200714	11.74	0.08195	61.09
20200715	10.11	0.08195	69.08
20200716	8.015	0.08195	77.44
20200717	9.707	0.1042	74.9
20200718	3.863	0.01034	84.94
20200719	3.662	0.01034	86.34
20200720	3.576	0.01034	85.65
20200721	3.529	0.01034	73.36
20200722	3.412	0.01034	59.19
20200723	6.851	0.06206	41.2
20200724	5.974	0.06206	40.46
20200725	5.928	0.06206	8.25
20200726	5.373	0.06206	26.95
20200727	3.9	0.06206	63.12
20200728	3.881	0.06206	63.22
20200729	4.155	0.04933	65.2
20200730	1.614	0.01114	88.51
20200731	0.6819	0.0	96.68
20200801	1.499	0.113	97.61
20200802	1.525	0.1002	97.51
20200803	1.472	0.07638	97.83
20200804	1.701	0.1138	97.57
20200805	4.258	0.2594	94.93
20200806	1.014	0.0175	98.6
20200807	1.026	0.1416	98.51
20200808	0.8442	0.1432	98.72
20200809	3.798	0.08036	95.91
20200810	4.86	0.1241	94.72
20200811	6.694	0.0724	93.06
20200812	4.263	0.03978	95.46
20200813	6.119	0.05331	93.51
20200814	6.246	0.05172	93.1
20200815	5.504	0.07161	93.21
20200816	11.15	0.007161	87.73
20200817	11.31	0.001591	87.65
20200818	10.9	0.001591	70.48
20200819	3.309	0.3222	94.75
20200820	3.756	0.2753	94.32
20200821	3.107	0.1504	96.08
20200822	3.608	0.2061	95.39
20200823	4.889	0.4201	93.71
20200824	4.63	0.4201	93.78
20200825	5.595	0.2148	93.21
20200826	5.705	0.1973	69.3
20200827	5.196	0.09945	82.5
20200828	5.926	0.3429	68.71
20200829	5.884	0.3334	73.49
20200830	4.179	0.2092	85.35
20200831	4.596	0.2554	84.86
20200901	6.273	0.2037	81.99
20200902	6.383	0.3827	81.71
20200903	2.231	0.2968	95.78
20200904	4.1	0.2228	93.97
20200905	3.863	0.2228	94.08
20200906	5.709	0.1703	91.6
20200907	4.458	0.1464	93.82
20200908	5.033	0.08275	93.54
20200909	6.108	0.105	92.46
20200910	6.307	0.05967	61.37
20200911	6.628	0.05967	60.22
20200912	6.908	0.06604	62.44
20200913	6.843	0.04933	65.79
20200914	6.511	0.1074	57.78
20200915	5.662	0.6182	63.93
20200916	7.088	0.6564	66.83
20200917	6.847	0.6564	59.32
20200918	14.82	11.11	46.85
20200919	14.19	16.59	54.59
20200920	16.05	16.4	59.76
20200921	16.09	24.41	55.35
20200922	15.59	18.64	60.62
20200923	15.4	20.23	59.26
20200924	13.47	11.38	72.79
20200925	13.19	11.05	72.93
20200926	16.32	9.709	70.53
20200927	4.434	25.13	69.99
20200928	17.64	10.95	70.93
20200929	14.94	8.144	76.45
20200930	17.04	7.34	75.12
20201001	11.72	3.989	83.78
20201002	11.03	2.712	85.82
20201003	10.9	2.424	86.4
20201004	9.274	5.337	82.51
20201005	4.843	1.676	90.86
20201006	7.432	4.631	85.44
20201007	7.321	8.532	81.75
20201008	7.048	11.43	67.24
20201009	7.132	12.86	66.64
20201010	7.231	13.33	69.55
20201011	7.029	9.898	71.53
20201012	8.905	9.672	45.82
20201013	5.822	18.73	52.44
20201014	8.234	25.52	46.79
20201015	9.369	28.58	42.32
20201016	9.336	35.19	36.83
20201017	10.01	34.55	31.09
20201018	11.08	60.53	13.25
20201019	13.19	64.38	10.08
20201020	5.395	92.46	0.3771
20201021	3.603	93.79	0.9977
20201022	9.112	88.47	0.8346
20201023	8.893	87.81	0.771
20201024	10.33	86.26	0.7256
20201025	7.76	88.07	0.9802
20201026	7.86	87.78	0.9754
20201027	8.229	51.78	0.9492
20201028	9.706	24.81	0.479
20201029	7.449	24.2	0.479
20201030	12.25	13.79	0.2801
20201031	11.44	13.7	0.2801
20201101	11.54	0.2037	0.0
20201102	14.47	0.2252	0.0
20201103	24.72	0.1408	0.0
20201104	24.58	0.1408	0.0
20201105	24.95	0.226	0.0
20201106	17.22	0.2244	0.0
20201107	16.47	0.2451	0.0
20201108	16.52	0.2657	0.0
20201109	16.45	0.2641	0.0
20201110	5.338	0.2641	0.0
20201111	6.857	0.2665	0.0
20201112	5.681	0.2474	0.0
20201113	6.589	0.2626	0.0
20201114	6.018	0.2896	0.0
20201115	5.55	0.2681	0.0
20201116	5.46	0.2681	0.0
20201117	13.59	0.2745	0.0
20201118	13.13	0.2745	0.0
20201119	13.88	0.2952	0.0
20201120	12.8	0.296	0.0
20201121	12.8	0.296	0.0
20201122	12.6	0.296	0.0
20201123	12.6	0.296	0.0
20201124	5.931	0.2928	0.0
20201125	6.075	0.3063	0.0
20201126	5.584	0.3063	0.0
20201127	5.023	0.296	0.0
20201128	5.023	0.296	0.0
20201129	5.129	0.2928	0.0
20201130	5.129	0.2928	0.0
20201201	1.921	0.3055	0.0
20201202	0.6532	0.3023	0.0
20201203	0.6532	0.3023	0.0
20201204	0.436	0.3023	0.0
20201205	0.436	0.3023	0.0
20201206	7.269	0.3095	0.0
20201207	7.391	0.3095	0.0
20201208	7.301	0.3095	0.0
20201209	7.432	0.2952	0.0
20201210	7.432	0.2952	0.0
20201211	7.673	0.3135	0.0
20201212	7.673	0.3135	0.0
20201213	4.389	0.3111	0.0
20201214	6.584	0.3039	0.0
20201215	6.584	0.3039	0.0
20201216	6.406	0.3039	0.0
20201217	6.406	0.3039	0.0
20201218	10.63	0.3135	0.0
20201219	10.65	0.3127	0.0
20201220	10.62	0.3127	0.0
20201221	11.29	0.2984	0.0
20201222	11.29	0.2984	0.0
20201223	11.52	0.3135	0.0
20201224	11.52	0.3135	0.0
20201225	9.55	0.3135	0.0
20201226	9.995	0.3063	0.0
20201227	9.995	0.3063	0.0
20201228	9.01	0.3063	0.0
20201229	9.116	0.3135	0.0
20201230	9.027	0.3135	0.0
20201231	9.078	0.3127	0.0
20210101	8.275	0.3103	0.0
20210102	10.09	0.2928	0.0
20210103	10.1	0.2928	0.0
20210104	10.45	0.3103	0.0
20210105	10.41	0.3103	0.0
20210106	10.17	0.3055	0.0
20210107	10.08	0.3055	0.0
20210108	10.33	0.3055	0.0
20210109	7.904	0.3055	0.0
20210110	11.05	0.3135	0.0
20210111	12.27	0.3135	0.0
20210112	12.36	0.3119	0.0
20210113	12.25	0.3103	0.0
20210114	13.53	0.2976	0.0
20210115	13.34	0.2976	0.0
20210116	13.49	0.3	0.0
20210117	13.06	0.3	0.0
20210118	10.7	0.3087	0.0
20210119	11.06	0.3063	0.0
20210120	11.05	0.3063	0.0
20210121	8.994	0.3063	0.0
20210122	12.61	0.3111	0.0
20210123	15.2	0.3111	0.0
20210124	15.23	0.3119	0.0
20210125	15.1	0.3119	0.0
20210126	17.33	0.2992	0.0
20210127	17.33	0.2992	0.0
20210128	19.67	0.3127	0.0
20210129	19.6	0.3127	0.0
20210130	19.17	0.3135	0.0
20210131	19.53	0.3103	0.0
20210201	19.54	0.3079	0.0
20210202	18.03	0.3079	0.0
20210203	18.31	0.3023	0.0
20210204	16.71	13.62	0.0
20210205	16.79	13.63	0.0
20210206	16.42	13.63	0.0
20210207	13.45	40.1	0.5331
20210208	13.42	40.1	0.5331
20210209	18.11	36.51	0.253
20210210	17.89	36.51	0.253
20210211	17.29	30.75	0.2498
20210212	16.33	47.9	0.2514
20210213	15.98	47.41	1.454
20210214	14.58	28.58	1.265
20210215	8.345	68.94	1.119
20210216	12.85	64.03	0.6596
20210217	8.573	84.84	0.06365
20210218	5.153	92.31	0.07002
20210219	10.09	85.6	0.05251
20210220	9.925	85.26	0.5418
20210221	15.86	79.47	0.9118
20210222	15.86	76.72	0.8919
20210223	8.426	88.63	0.3023
20210224	8.426	87.65	0.3183
20210225	8.426	63.75	0.3183
20210226	8.022	61.08	3.907
20210227	7.927	58.46	3.907
20210228	6.286	55.3	3.79
20210301	17.71	61.39	2.797
20210302	17.23	44.56	2.818
20210303	16.21	42.14	3.494
20210304	16.18	42.08	3.595
20210305	18.77	37.08	1.452
20210306	18.77	37.08	1.452
20210307	17.31	39.4	1.968
20210308	14.91	33.54	1.758
20210309	13.86	31.96	1.737
20210310	13.2	27.27	1.4
20210311	13.19	27.21	1.4
20210312	2.396	57.5	0.8036
20210313	2.13	62.78	0.7431
20210314	2.177	62.57	0.763
20210315	2.136	62.5	1.067
20210316	2.128	62.46	1.08
20210317	7.321	67.88	0.4304
20210318	7.305	67.12	0.4097
20210319	7.305	64.66	0.3445
20210320	7.305	64.1	0.3445
20210321	7.265	63.79	0.2848
20210322	7.265	63.24	0.2729
20210323	7.115	64.08	0.2331
20210324	0.2498	82.76	0.2379
20210325	0.07877	70.99	0.2196
20210326	0.07877	70.94	0.2196
20210327	0.07877	70.94	0.2196
20210328	0.07877	70.84	0.2196
20210329	0.07877	70.8	0.2793
20210330	0.07877	70.72	0.3389
20210331	0.1185	76.55	0.3588
20210401	0.1185	76.32	0.3588
20210402	0.1551	42.5	0.3381
20210403	0.1551	42.45	0.3381
20210404	0.152	35.53	0.3381
20210405	0.152	32.43	0.179
20210406	0.1607	31.35	0.1392
20210407	0.1122	11.6	0.03978
20210408	0.1122	11.6	0.07161
20210409	0.1122	10.91	0.07161
20210410	0.01591	92.29	0.0
20210411	0.02148	92.58	0.0
20210412	0.06922	92.96	0.07956
20210413	0.06922	92.96	0.07956
20210414	0.06922	92.98	0.05967
20210415	0.06922	92.96	0.07956
20210416	0.06922	92.77	0.07956
20210417	0.06922	90.37	0.07956
20210418	0.2085	97.55	0.0
20210419	0.2077	97.53	0.01989
20210420	0.2077	97.35	0.1989
20210421	0.2077	97.35	0.1989
20210422	0.2077	97.17	0.3779
20210423	0.2077	97.13	0.4177
20210424	4.481	92.86	0.4177
20210425	4.478	92.86	0.4837
20210426	4.478	92.64	0.4837
20210427	4.459	64.18	0.3246
20210428	4.459	64.18	0.3246
20210429	4.456	56.54	0.1257
20210430	4.456	41.09	0.08593
20210501	0.3556	40.09	0.08593
20210502	0.05172	3.157	0.01989
20210503	0.05172	3.157	0.01989
20210504	0.03342	0.8187	0.01989
20210505	0.9571	97.72	0.4973
20210506	0.7216	97.81	0.6365
20210507	0.7216	97.81	0.6365
20210508	0.8959	97.64	0.6365
20210509	0.8959	97.64	0.6365
20210510	0.8959	97.0	1.313
20210511	54.97	43.36	1.302
20210512	54.97	41.59	1.143
20210513	54.95	36.59	0.9643
20210514	56.96	34.6	0.9643
20210515	56.96	34.47	0.9643
20210516	56.95	33.78	1.876
20210517	56.94	8.865	1.738
20210518	34.22	7.368	1.239
20210519	52.84	25.37	3.721
20210520	54.31	25.13	3.721
20210521	54.31	25.13	3.721
20210522	54.31	25.13	3.721
20210523	54.23	24.99	4.893
20210524	54.23	24.99	4.893
20210525	56.13	24.76	5.071
20210526	49.05	2.093	5.212
20210527	33.93	21.15	11.21
20210528	33.92	21.09	11.7
20210529	33.87	21.07	13.67
20210530	30.38	36.33	14.65
20210531	30.38	36.33	14.65
20210601	30.43	37.88	19.38
20210602	28.88	30.97	32.36
20210603	26.14	32.58	36.72
20210604	26.6	29.42	39.92
20210605	25.93	29.65	40.64
20210606	23.75	24.47	46.36
20210607	23.75	24.47	46.36
20210608	22.26	20.41	48.48
20210609	21.26	18.87	50.02
20210610	20.16	15.68	51.81
20210611	19.73	14.59	50.77
20210612	18.35	5.185	49.52
20210613	11.46	3.936	42.64
20210614	11.44	3.934	44.23
20210615	17.74	3.212	37.35
20210616	15.72	1.348	17.28
20210617	15.11	0.4352	20.02
20210618	15.11	0.4352	20.02
20210619	12.7	0.3922	57.16
20210620	12.48	0.3922	66.49
20210621	12.48	0.3922	65.74
20210622	10.77	0.3922	65.74
20210623	9.741	0.3922	76.92
20210624	3.253	0.003183	79.81
20210625	8.419	0.0	78.7
20210626	8.176	0.0	74.13
20210627	8.04	0.0	75.35
20210628	7.807	0.0	76.7
20210629	9.806	0.004774	77.37
20210630	11.53	0.0	65.73
20210701	11.59	0.04376	64.96
20210702	4.195	0.04376	91.77
20210703	2.069	0.005569	96.66
20210704	2.253	0.405	96.87
20210705	2.637	0.1305	97.04
20210706	3.028	0.0915	96.68
20210707	2.947	0.08672	96.81
20210708	3.228	0.08672	96.53
20210709	4.08	0.07638	95.65
20210710	1.686	0.175	97.9
20210711	1.985	0.1647	97.47
20210712	2.69	0.1933	96.06
20210713	3.864	0.1432	93.56
20210714	1.579	0.0907	97.91
20210715	3.397	0.1265	96.06
20210716	4.251	0.1002	95.15
20210717	4.613	0.05808	93.63
20210718	4.86	0.1209	94.03
20210719	5.543	0.1408	93.67
20210720	6.304	0.1408	92.91
20210721	8.465	0.03899	67.01
20210722	8.71	0.04535	67.14
20210723	8.801	0.06285	67.1
20210724	8.807	0.08354	50.98
20210725	8.707	0.553	23.66
20210726	4.152	0.02546	83.61
20210727	1.428	0.1512	96.1
20210728	0.4845	0.0724	98.82
20210729	0.6866	0.1782	98.52
20210730	0.8386	0.1766	98.37
20210731	0.9571	0.1384	98.28
20210801	0.8895	0.0	0.0
20210802	3.562	1.301	44.2
20210803	1.563	0.4837	78.32
20210804	1.562	0.4837	79.95
20210805	1.546	0.4837	80.42
20210806	2.672	0.1559	87.76
20210807	0.7328	0.01989	94.99
20210808	0.1321	0.007161	99.26
20210809	0.08991	0.007161	99.15
20210810	0.08991	0.001591	99.09
20210811	1.634	4.721	92.72
20210812	1.586	4.721	92.72
20210813	1.278	4.249	93.21
20210814	1.66	2.968	93.92
20210815	1.157	1.241	71.21
20210816	1.143	1.241	72.12
20210817	1.041	1.023	76.19
20210818	0.6755	0.1265	72.42
20210819	1.584	0.1265	71.14
20210820	1.584	0.1265	66.57
20210821	2.719	0.0	53.73
20210822	2.601	0.0	30.41
20210823	1.976	0.0	39.87
20210824	3.756	0.08195	23.1
20210825	3.753	0.08195	23.46
20210826	0.4917	0.03103	97.35
20210827	0.319	0.01432	98.85
20210828	1.201	0.1949	97.75
20210829	1.201	0.1949	97.75
20210830	1.201	0.1949	97.72
20210831	1.107	0.9404	96.99
20210901	12.44	1.334	85.75
20210902	13.49	14.69	71.05
20210903	14.35	15.44	28.14
20210904	14.18	15.63	46.29
20210905	14.81	15.27	45.29
20210906	14.76	15.14	45.64
20210907	12.92	24.63	37.53
20210908	13.01	21.62	38.06
20210909	11.03	6.432	56.18
20210910	8.633	2.581	71.15
20210911	5.666	2.331	91.09
20210912	4.32	1.945	93.22
20210913	8.975	1.59	88.93
20210914	12.49	7.056	79.92
20210915	10.41	14.22	75.03
20210916	7.403	15.11	77.14
20210917	8.477	14.73	76.4
20210918	7.151	9.104	82.65
20210919	9.49	3.56	85.69
20210920	6.908	4.159	88.18
20210921	6.093	4.327	88.82
20210922	7.572	5.666	85.75
20210923	10.46	5.835	82.4
20210924	10.55	5.807	82.34
20210925	22.58	3.895	72.59
20210926	22.76	4.823	67.67
20210927	20.44	4.315	29.57
20210928	19.85	4.059	12.38
20210929	19.86	2.301	7.517
20210930	10.31	1.342	60.17
20211001	0.0	0.0	62.8
20211002	0.0	0.0	62.94
20211003	0.0	0.0	62.18
20211004	0.0	0.0	59.95
20211005	5.437	0.6445	67.09
20211006	3.485	0.4209	72.92
20211007	3.485	0.4209	50.46
20211008	3.485	0.4209	49.14
20211009	3.482	0.4209	47.41
20211010	2.267	0.3103	55.95
20211011	2.267	0.3103	55.95
20211012	2.581	2.3	51.04
20211013	2.509	2.104	42.59
20211014	4.067	5.65	40.93
20211015	4.119	18.77	34.13
20211016	3.765	22.06	33.33
20211017	5.931	21.21	27.41
20211018	5.931	21.21	27.29
20211019	8.596	87.59	1.549
20211020	8.806	87.39	0.6628
20211021	9.176	87.07	0.6453
20211022	9.476	86.29	0.5927
20211023	5.455	93.44	0.2936
20211024	5.616	93.25	0.2936
20211025	6.57	92.42	0.1949
20211026	5.607	78.01	0.03023
20211027	5.748	77.99	0.03023
20211028	4.123	82.81	1.66
20211029	3.195	87.28	5.717
20211030	2.953	80.59	5.595
20211031	1.921	85.25	6.322
20211101	2.477	84.81	6.296
20211102	5.182	78.6	6.336
20211103	5.16	78.54	6.336
20211104	5.456	73.39	6.209
20211105	4.733	37.9	3.734
20211106	4.138	49.37	3.149
20211107	10.42	22.51	0.518
20211108	10.33	20.74	0.5004
20211109	8.457	18.66	0.1392
20211110	8.593	18.59	0.1392
20211111	8.133	17.2	0.09945
20211112	7.853	17.23	0.09945
20211113	7.858	0.2952	0.0
20211114	3.126	0.2888	0.0
20211115	2.05	0.2817	0.0
20211116	1.808	0.2809	0.0
20211117	1.925	0.2809	0.0
20211118	2.229	0.3087	0.0
20211119	3.155	0.3039	0.0
20211120	2.545	0.3015	0.0
20211121	2.111	0.2992	0.0
20211122	3.712	0.2968	0.0
20211123	3.626	0.2968	0.0
20211124	6.696	0.3111	0.0
20211125	6.628	0.3111	0.0
20211126	6.542	0.3103	0.0
20211127	6.531	0.3103	0.0
20211128	6.749	0.3023	0.0
20211129	6.695	0.3023	0.0
20211130	8.734	0.3023	0.0
20211201	8.612	0.0	0.0
20211202	8.602	0.3135	0.0
20211203	8.571	0.3103	0.0
20211204	9.229	0.3079	0.0
20211205	9.03	0.3079	0.0
20211206	13.76	0.3135	0.0
20211207	13.31	0.3135	0.0
20211208	13.17	0.3135	0.0
20211209	13.17	0.3135	0.0
20211210	13.56	0.3087	0.0
20211211	13.01	0.3087	0.0
20211212	13.01	0.3135	0.0
20211213	4.654	0.3135	0.0
20211214	4.541	0.3135	0.0
20211215	4.553	0.3135	0.0
20211216	4.959	0.3103	0.0
20211217	3.779	0.3103	0.0
20211218	3.864	0.3135	0.0
20211219	3.482	0.3135	0.0
20211220	2.47	0.3135	0.0
20211221	1.988	0.3135	0.0
20211222	2.107	0.3119	0.0
20211223	0.5824	0.3119	0.0
20211224	1.052	0.3119	0.0
20211225	0.9555	0.0	0.0
20211226	0.915	0.3135	0.0
20211227	0.9142	0.3135	0.0
20211228	0.8354	0.3135	0.0
20211229	0.5076	0.3135	0.0
20211230	0.5076	0.3135	0.0
20211231	0.9158	0.3135	0.0
20220101	0.9555	0.3135	0.0
20220102	0.9555	0.3135	0.0
20220103	1.143	0.3135	0.0
20220104	1.143	0.3135	0.0
20220105	2.894	0.3135	0.0
20220106	2.894	0.3135	0.0
20220107	2.116	0.3135	0.0
20220108	2.096	0.3135	0.0
20220109	2.096	0.3135	0.0
20220110	2.089	0.3135	0.0
20220111	2.089	0.3135	0.0
20220112	0.7702	0.3135	0.0
20220113	0.7702	0.3135	0.0
20220114	0.6309	0.3135	0.0
20220115	0.8688	0.3135	0.0
20220116	0.8688	0.3135	0.0
20220117	0.8744	0.3135	0.0
20220118	0.8744	0.3135	0.0
20220119	1.924	0.3135	0.0
20220120	2.47	0.3135	0.0
20220121	2.47	0.3135	0.0
20220122	2.213	0.3135	0.0
20220123	2.213	0.3135	0.0
20220124	10.48	0.3135	0.0
20220125	11.05	0.3135	0.0
20220126	11.05	0.3135	0.0
20220127	12.96	0.3135	0.0
20220128	12.96	0.3135	0.0
20220129	13.12	0.3135	0.0
20220130	13.12	0.3135	0.0
20220131	5.872	0.3135	0.0
20220201	4.596	0.3135	0.0
20220202	4.596	0.3135	0.0
20220203	2.286	0.3135	0.0
20220204	2.286	0.3135	0.0
20220205	0.5538	18.41	0.1384
20220206	0.2514	43.14	0.397
20220207	0.2196	43.14	0.397
20220208	0.3254	43.14	0.397
20220209	0.323	42.95	1.037
20220210	0.0	64.14	0.7185
20220211	0.0	63.11	2.722
20220212	0.0	62.05	3.309
20220213	0.0	61.97	3.289
20220214	0.0	61.6	4.139
20220215	0.0	61.18	4.834
20220216	0.0	61.16	4.736
20220217	0.07161	61.37	4.514
20220218	0.07161	57.54	4.355
20220219	0.07161	48.55	3.856
20220220	0.07161	48.55	3.856
20220221	0.07161	43.88	3.404
20220222	0.001591	79.12	0.8521
20220223	0.001591	77.17	0.6572
20220224	0.001591	77.26	0.6174
20220225	0.001591	77.26	0.6174
20220226	0.001591	77.26	0.6174
20220227	0.02546	77.03	1.105
20220228	0.02546	76.51	0.8983
20220301	0.5689	74.31	0.8879
20220302	0.5689	71.31	1.049
20220303	0.5689	69.8	2.232
20220304	0.5689	69.52	2.232
20220305	0.5689	69.52	2.232
20220306	0.222	83.13	0.9611
20220307	0.222	79.73	0.9237
20220308	0.0915	82.89	0.7829
20220309	0.03501	82.44	0.7829
20220310	0.01512	80.98	0.1042
20220311	0.01512	80.98	0.1042
20220312	0.0	78.53	0.03978
20220313	0.6683	83.63	0.03978
20220314	0.6437	85.42	0.0
20220315	0.6437	85.26	0.0
20220316	0.03421	99.97	0.0
20220317	0.03421	99.97	0.0
20220318	0.03183	99.82	0.1512
20220319	0.03183	99.82	0.1512
20220320	13.4	86.6	0.0
20220321	17.08	82.86	0.06524
20220322	17.07	82.77	0.1536
20220323	16.2	82.61	0.1536
20220324	16.2	82.57	0.1933
20220325	17.94	80.91	0.1917
20220326	11.1	87.73	0.2514
20220327	9.641	68.42	0.2514
20220328	2.563	88.24	0.0
20220329	2.385	86.27	0.0
20220330	2.346	85.64	0.0
20220331	2.083	84.74	0.08354
20220401	1.779	84.74	0.08354
20220402	1.554	80.8	0.2801
20220403	1.116	80.48	0.3
20220404	0.9372	53.63	0.4026
20220405	0.9372	53.63	0.4026
20220406	1.539	53.3	0.4026
20220407	1.196	42.89	0.3986
20220408	1.196	42.44	0.3986
20220409	1.094	31.04	0.3214
20220410	1.01	9.369	0.2618
20220411	0.6397	1.358	0.0
20220412	0.6397	1.358	0.0
20220413	0.3636	2.77	0.0
20220414	0.3636	1.733	0.0
20220415	0.3636	1.733	0.0
20220416	0.3429	5.125	0.0
20220417	0.3429	5.125	0.0
20220418	0.3429	5.125	0.0
20220419	0.1822	5.118	0.0
20220420	0.1822	5.118	0.0
20220421	50.44	2.844	0.01989
20220422	50.44	2.844	0.01989
20220423	63.03	30.25	0.1989
20220424	63.03	30.25	0.1989
20220425	63.03	30.25	0.1989
20220426	66.89	28.12	0.1313
20220427	66.89	27.84	0.1313
20220428	64.66	30.47	0.1313
20220429	64.66	30.47	0.1313
20220430	34.44	23.07	0.07956
20220501	26.43	36.18	0.07956
20220502	26.38	36.15	0.07956
20220503	12.94	31.88	0.01989
20220504	12.94	31.88	0.01989
20220505	9.641	28.05	0.0
20220506	9.556	28.02	0.0
20220507	12.2	22.26	0.05967
20220508	12.1	5.43	0.05967
20220509	12.1	5.43	0.05967
20220510	10.69	4.435	0.05967
20220511	10.42	3.794	0.05967
20220512	9.975	3.788	0.05967
20220513	16.79	6.287	0.2188
20220514	15.58	4.862	0.1989
20220515	54.23	21.5	0.358
20220516	54.23	21.5	0.6763
20220517	61.07	19.0	0.6763
20220518	61.07	19.0	0.6763
20220519	28.83	66.22	2.834
20220520	21.36	73.66	3.848
20220521	21.36	73.66	3.848
20220522	30.9	63.29	4.688
20220523	30.83	61.38	7.164
20220524	54.18	38.04	7.152
20220525	43.96	46.6	9.2
20220526	43.96	46.45	9.2
20220527	48.1	41.71	9.119
20220528	48.07	41.69	9.178
20220529	49.05	39.17	9.108
20220530	48.38	32.79	13.55
20220531	32.84	48.71	14.12
20220601	35.28	31.67	12.45
20220602	35.13	31.25	16.79
20220603	34.87	31.19	16.85
20220604	34.83	30.94	17.95
20220605	33.14	32.64	20.19
20220606	27.31	30.01	24.39
20220607	27.22	22.72	24.7
20220608	28.56	22.08	26.16
20220609	26.76	17.44	27.68
20220610	22.44	23.49	33.76
20220611	22.42	23.27	33.59
20220612	22.13	21.01	33.67
20220613	22.19	14.07	30.37
20220614	21.77	13.73	35.39
20220615	20.77	12.14	36.18
20220616	20.56	10.95	35.11
20220617	19.77	2.167	23.16
20220618	19.91	2.159	23.08
20220619	19.4	1.427	25.22
20220620	18.81	1.413	25.16
20220621	18.54	0.3747	15.68
20220622	18.24	2.205	20.5
20220623	18.04	2.194	22.66
20220624	16.47	3.538	38.54
20220625	14.19	2.328	79.34
20220626	10.83	1.963	85.07
20220627	9.405	1.702	87.01
20220628	5.426	0.9731	92.78
20220629	7.473	0.8895	90.27
20220630	5.047	0.6954	93.36
20220701	3.184	0.4193	95.82
20220702	3.74	0.3238	95.65
20220703	3.716	0.3206	95.59
20220704	4.942	0.654	94.16
20220705	4.723	0.549	94.37
20220706	4.96	0.5235	94.14
20220707	5.641	0.3644	93.43
20220708	5.638	0.3644	93.0
20220709	5.351	0.4583	77.58
20220710	4.813	0.2419	80.71
20220711	4.382	0.09468	63.61
20220712	1.624	0.1384	96.35
20220713	1.606	0.1281	96.31
20220714	3.611	1.33	92.65
20220715	3.611	1.33	92.65
20220716	4.363	1.398	91.89
20220717	4.363	1.398	91.65
20220718	4.459	1.442	91.52
20220719	4.74	1.31	19.88
20220720	4.74	1.31	19.88
20220721	4.41	0.1607	19.88
20220722	3.569	0.04058	23.24
20220723	3.939	0.09548	34.03
20220724	3.724	0.0541	32.57
20220725	3.645	0.0541	32.57
20220726	4.138	0.214	32.19
20220727	4.138	0.214	32.19
20220728	4.653	0.2689	31.94
20220729	0.9762	0.04774	92.97
20220730	0.3501	0.007956	98.61
20220731	0.8792	0.003183	97.96
20220801	0.3493	0.001591	99.28
20220802	0.4153	0.001591	99.21
20220803	0.3739	0.001591	99.29
20220804	0.942	0.1496	98.57
20220805	1.599	0.1178	97.51
20220806	0.2005	0.03183	98.97
20220807	0.2005	0.03183	98.97
20220808	0.2005	0.03183	97.26
20220809	2.283	0.1114	95.13
20220810	2.283	0.1114	94.87
20220811	2.451	0.4058	94.31
20220812	3.725	0.2864	92.84
20220813	3.722	0.2864	20.16
20220814	3.068	0.2013	28.06
20220815	3.068	0.2013	31.23
20220816	3.38	0.1416	34.58
20220817	3.453	0.5792	34.43
20220818	1.175	0.4177	74.05
20220819	2.194	0.4177	67.96
20220820	2.194	0.4177	67.59
20220821	2.18	0.4177	64.71
20220822	2.008	0.4177	71.93
20220823	1.847	0.4177	71.34
