Date	WetSnow	DrySnow	BareGround
20140920	nan	nan	nan
20140921	nan	nan	nan
20140922	nan	nan	nan
20140923	nan	nan	nan
20140924	nan	nan	nan
20140925	nan	nan	nan
20140926	nan	nan	nan
20140927	nan	nan	nan
20140928	nan	nan	nan
20140929	nan	nan	nan
20140930	nan	nan	nan
20141001	nan	nan	nan
20141002	nan	nan	nan
20141003	nan	nan	nan
20141004	24.03	0.1879	75.78
20141005	27.19	2.557	70.25
20141006	14.06	1.341	84.6
20141007	12.96	1.339	85.7
20141008	11.55	1.044	87.41
20141009	10.99	1.006	88.0
20141010	8.812	0.7888	90.4
20141011	8.308	0.7187	90.97
20141012	7.645	0.644	91.71
20141013	7.645	0.6442	91.71
20141014	7.658	0.6453	91.7
20141015	7.446	0.6155	91.94
20141016	7.18	0.6156	92.2
20141017	21.67	7.941	70.39
20141018	21.6	7.733	70.67
20141019	21.0	7.573	71.43
20141020	20.29	7.406	72.3
20141021	20.48	7.51	72.01
20141022	19.06	6.945	74.0
20141023	nan	nan	nan
20141024	nan	nan	nan
20141025	nan	nan	nan
20141026	nan	nan	nan
20141027	nan	nan	nan
20141028	nan	nan	nan
20141029	nan	nan	nan
20141030	nan	nan	nan
20141031	nan	nan	nan
20141101	nan	nan	nan
20141102	nan	nan	nan
20141103	nan	nan	nan
20141104	nan	nan	nan
20141105	nan	nan	nan
20141106	nan	nan	nan
20141107	nan	nan	nan
20141108	nan	nan	nan
20141109	nan	nan	nan
20141110	nan	nan	nan
20141111	nan	nan	nan
20141112	nan	nan	nan
20141113	nan	nan	nan
20141114	nan	nan	nan
20141115	nan	nan	nan
20141116	nan	nan	nan
20141117	nan	nan	nan
20141118	nan	nan	nan
20141119	nan	nan	nan
20141120	nan	nan	nan
20141121	nan	nan	nan
20141122	nan	nan	nan
20141123	nan	nan	nan
20141124	nan	nan	nan
20141125	nan	nan	nan
20141126	nan	nan	nan
20141127	nan	nan	nan
20141128	nan	nan	nan
20141129	nan	nan	nan
20141130	nan	nan	nan
20141201	nan	nan	nan
20141202	nan	nan	nan
20141203	nan	nan	nan
20141204	nan	nan	nan
20141205	nan	nan	nan
20141206	nan	nan	nan
20141207	nan	nan	nan
20141208	nan	nan	nan
20141209	nan	nan	nan
20141210	nan	nan	nan
20141211	nan	nan	nan
20141212	nan	nan	nan
20141213	nan	nan	nan
20141214	nan	nan	nan
20141215	nan	nan	nan
20141216	nan	nan	nan
20141217	nan	nan	nan
20141218	nan	nan	nan
20141219	nan	nan	nan
20141220	nan	nan	nan
20141221	nan	nan	nan
20141222	nan	nan	nan
20141223	nan	nan	nan
20141224	nan	nan	nan
20141225	nan	nan	nan
20141226	nan	nan	nan
20141227	nan	nan	nan
20141228	nan	nan	nan
20141229	nan	nan	nan
20141230	nan	nan	nan
20141231	nan	nan	nan
20150101	nan	nan	nan
20150102	nan	nan	nan
20150103	nan	nan	nan
20150104	nan	nan	nan
20150105	nan	nan	nan
20150106	nan	nan	nan
20150107	nan	nan	nan
20150108	nan	nan	nan
20150109	nan	nan	nan
20150110	nan	nan	nan
20150111	nan	nan	nan
20150112	nan	nan	nan
20150113	nan	nan	nan
20150114	nan	nan	nan
20150115	nan	nan	nan
20150116	nan	nan	nan
20150117	nan	nan	nan
20150118	nan	nan	nan
20150119	nan	nan	nan
20150120	nan	nan	nan
20150121	nan	nan	nan
20150122	nan	nan	nan
20150123	nan	nan	nan
20150124	nan	nan	nan
20150125	nan	nan	nan
20150126	nan	nan	nan
20150127	nan	nan	nan
20150128	nan	nan	nan
20150129	nan	nan	nan
20150130	nan	nan	nan
20150131	nan	nan	nan
20150201	nan	nan	nan
20150202	nan	nan	nan
20150203	nan	nan	nan
20150204	nan	nan	nan
20150205	nan	nan	nan
20150206	nan	nan	nan
20150207	nan	nan	nan
20150208	nan	nan	nan
20150209	nan	nan	nan
20150210	nan	nan	nan
20150211	nan	nan	nan
20150212	nan	nan	nan
20150213	nan	nan	nan
20150214	nan	nan	nan
20150215	nan	nan	nan
20150216	nan	nan	nan
20150217	nan	nan	nan
20150218	nan	nan	nan
20150219	nan	nan	nan
20150220	nan	nan	nan
20150221	nan	nan	nan
20150222	nan	nan	nan
20150223	nan	nan	nan
20150224	nan	nan	nan
20150225	nan	nan	nan
20150226	nan	nan	nan
20150227	nan	nan	nan
20150228	nan	nan	nan
20150301	nan	nan	nan
20150302	nan	nan	nan
20150303	nan	nan	nan
20150304	nan	nan	nan
20150305	0.04799	99.55	0.4032
20150306	0.04805	99.43	0.5197
20150307	0.04805	99.43	0.5198
20150308	0.04822	99.15	0.8063
20150309	0.04722	99.14	0.8093
20150310	0.05781	99.15	0.794
20150311	0.05795	98.98	0.9574
20150312	0.07869	99.19	0.7343
20150313	0.06834	99.25	0.684
20150314	4.418	94.78	0.798
20150315	4.36	94.07	1.571
20150316	4.485	93.06	2.458
20150317	4.485	93.06	2.458
20150318	4.485	93.06	2.458
20150319	4.081	94.16	1.755
20150320	4.081	94.16	1.755
20150321	3.994	94.47	1.533
20150322	3.948	94.52	1.533
20150323	3.948	94.52	1.533
20150324	3.276	95.4	1.329
20150325	3.276	95.4	1.329
20150326	1.193	98.37	0.439
20150327	nan	nan	nan
20150328	nan	nan	nan
20150329	nan	nan	nan
20150330	nan	nan	nan
20150331	nan	nan	nan
20150401	nan	nan	nan
20150402	nan	nan	nan
20150403	nan	nan	nan
20150404	nan	nan	nan
20150405	nan	nan	nan
20150406	nan	nan	nan
20150407	nan	nan	nan
20150408	nan	nan	nan
20150409	nan	nan	nan
20150410	nan	nan	nan
20150411	nan	nan	nan
20150412	nan	nan	nan
20150413	nan	nan	nan
20150414	nan	nan	nan
20150415	nan	nan	nan
20150416	nan	nan	nan
20150417	nan	nan	nan
20150418	nan	nan	nan
20150419	nan	nan	nan
20150420	nan	nan	nan
20150421	nan	nan	nan
20150422	nan	nan	nan
20150423	nan	nan	nan
20150424	24.99	75.01	0.0
20150425	25.0	75.0	0.0
20150426	13.81	86.19	0.0
20150427	15.68	84.32	0.0
20150428	15.68	84.32	0.0
20150429	15.67	84.29	0.04367
20150430	15.67	84.29	0.04482
20150501	17.84	82.12	0.03965
20150502	17.83	82.09	0.0793
20150503	17.83	82.09	0.0793
20150504	16.12	83.81	0.07211
20150505	16.12	83.81	0.07211
20150506	58.2	41.74	0.06404
20150507	58.2	41.74	0.06404
20150508	81.61	18.34	0.04975
20150509	88.14	11.82	0.03844
20150510	88.08	11.77	0.1538
20150511	88.04	11.74	0.2182
20150512	88.04	11.74	0.2182
20150513	79.99	19.8	0.2149
20150514	79.99	19.79	0.2149
20150515	80.06	19.73	0.2151
20150516	72.65	27.06	0.29
20150517	72.61	27.06	0.3336
20150518	64.11	35.15	0.7394
20150519	64.11	35.15	0.7394
20150520	67.62	31.67	0.7026
20150521	72.96	26.44	0.6049
20150522	72.97	26.43	0.5955
20150523	72.88	26.41	0.7054
20150524	72.86	26.4	0.7335
20150525	72.79	26.11	1.099
20150526	72.4	25.81	1.797
20150527	72.46	25.75	1.792
20150528	72.47	25.74	1.788
20150529	73.55	24.1	2.35
20150530	73.29	23.37	3.34
20150531	73.58	23.05	3.366
20150601	68.58	25.97	5.45
20150602	71.06	23.78	5.158
20150603	69.36	22.2	8.435
20150604	68.77	20.62	10.61
20150605	68.77	19.34	11.89
20150606	57.14	25.67	17.19
20150607	57.14	25.63	17.24
20150608	56.22	24.74	19.04
20150609	62.95	18.64	18.41
20150610	62.85	18.62	18.53
20150611	61.39	17.56	21.06
20150612	61.26	16.56	22.18
20150613	61.12	15.7	23.18
20150614	61.94	14.56	23.5
20150615	60.71	14.22	25.07
20150616	60.29	14.17	25.54
20150617	nan	nan	nan
20150618	57.09	13.74	29.16
20150619	56.77	12.25	30.98
20150620	54.64	11.58	33.78
20150621	54.61	11.57	33.82
20150622	52.84	10.47	36.69
20150623	53.12	9.84	37.04
20150624	52.93	9.696	37.37
20150625	nan	nan	nan
20150626	nan	nan	nan
20150627	nan	nan	nan
20150628	nan	nan	nan
20150629	nan	nan	nan
20150630	35.89	17.04	47.06
20150701	31.34	15.79	52.87
20150702	31.3	15.75	52.95
20150703	36.59	13.56	49.85
20150704	35.83	13.47	50.7
20150705	35.76	13.45	50.8
20150706	35.65	13.47	50.88
20150707	36.18	13.1	50.72
20150708	36.92	12.69	50.39
20150709	35.65	12.24	52.11
20150710	31.19	11.85	56.96
20150711	nan	nan	nan
20150712	nan	nan	nan
20150713	17.8	8.533	73.67
20150714	15.37	8.228	76.4
20150715	24.83	6.581	68.59
20150716	24.8	6.575	68.62
20150717	25.36	6.55	68.09
20150718	23.11	6.478	70.42
20150719	22.16	6.647	71.2
20150720	23.4	6.489	70.11
20150721	22.35	5.378	72.27
20150722	18.22	5.75	76.03
20150723	16.37	4.927	78.7
20150724	20.04	5.759	74.2
20150725	nan	nan	nan
20150726	nan	nan	nan
20150727	nan	nan	nan
20150728	nan	nan	nan
20150729	nan	nan	nan
20150730	nan	nan	nan
20150731	nan	nan	nan
20150801	nan	nan	nan
20150802	nan	nan	nan
20150803	nan	nan	nan
20150804	nan	nan	nan
20150805	nan	nan	nan
20150806	nan	nan	nan
20150807	nan	nan	nan
20150808	nan	nan	nan
20150809	nan	nan	nan
20150810	nan	nan	nan
20150811	nan	nan	nan
20150812	nan	nan	nan
20150813	10.71	1.109	88.19
20150814	10.62	1.108	88.27
20150815	3.827	1.462	94.71
20150816	1.436	0.9727	97.59
20150817	2.01	0.8281	97.16
20150818	0.7334	0.6692	98.6
20150819	0.4111	0.5542	99.03
20150820	2.72	0.4897	96.79
20150821	0.448	0.2911	99.26
20150822	0.2308	0.2433	99.53
20150823	0.2308	0.2432	99.53
20150824	0.6521	0.3625	98.99
20150825	1.959	0.3896	97.65
20150826	1.209	0.1897	98.6
20150827	1.697	0.2583	98.04
20150828	1.69	0.2584	98.05
20150829	3.358	0.3203	96.32
20150830	3.119	0.3205	96.56
20150831	2.804	0.2851	96.91
20150901	5.648	0.2481	94.1
20150902	5.329	0.2567	94.41
20150903	5.342	0.2538	94.4
20150904	5.62	0.2417	94.14
20150905	nan	nan	nan
20150906	nan	nan	nan
20150907	nan	nan	nan
20150908	nan	nan	nan
20150909	nan	nan	nan
20150910	2.062	0.866	97.07
20150911	0.5882	0.5546	98.86
20150912	0.3185	0.3821	99.3
20150913	1.997	0.5633	97.44
20150914	0.541	0.4	99.06
20150915	0.4985	0.3331	99.17
20150916	0.3528	0.2916	99.36
20150917	1.458	0.3857	98.16
20150918	2.978	1.221	95.8
20150919	2.918	1.219	95.86
20150920	3.238	1.214	95.55
20150921	1.91	0.7772	97.31
20150922	1.712	0.7478	97.54
20150923	4.003	0.8241	95.17
20150924	2.351	0.2439	97.41
20150925	4.517	0.2168	95.27
20150926	4.545	0.2182	95.24
20150927	6.583	0.3361	93.08
20150928	5.842	0.336	93.82
20150929	4.977	0.3561	94.67
20150930	7.911	8.212	83.88
20151001	7.768	8.09	84.14
20151002	10.1	8.76	81.14
20151003	10.0	8.508	81.49
20151004	12.16	18.87	68.97
20151005	10.25	60.14	29.61
20151006	10.31	60.67	29.02
20151007	10.11	58.78	31.11
20151008	9.912	56.89	33.2
20151009	9.783	55.5	34.72
20151010	9.509	52.6	37.89
20151011	9.769	65.96	24.27
20151012	18.47	60.67	20.86
20151013	18.47	60.29	21.24
20151014	19.15	59.88	20.96
20151015	19.1	59.1	21.8
20151016	22.5	56.31	21.19
20151017	27.24	46.9	25.86
20151018	26.75	43.41	29.83
20151019	24.85	33.39	41.75
20151020	25.11	33.15	41.74
20151021	nan	nan	nan
20151022	nan	nan	nan
20151023	nan	nan	nan
20151024	nan	nan	nan
20151025	nan	nan	nan
20151026	nan	nan	nan
20151027	nan	nan	nan
20151028	nan	nan	nan
20151029	nan	nan	nan
20151030	nan	nan	nan
20151031	nan	nan	nan
20151101	nan	nan	nan
20151102	nan	nan	nan
20151103	nan	nan	nan
20151104	nan	nan	nan
20151105	28.68	58.04	13.28
20151106	28.68	58.04	13.28
20151107	28.75	58.12	13.14
20151108	29.04	57.76	13.21
20151109	29.51	57.43	13.06
20151110	nan	nan	nan
20151111	nan	nan	nan
20151112	nan	nan	nan
20151113	nan	nan	nan
20151114	nan	nan	nan
20151115	nan	nan	nan
20151116	nan	nan	nan
20151117	nan	nan	nan
20151118	nan	nan	nan
20151119	nan	nan	nan
20151120	nan	nan	nan
20151121	nan	nan	nan
20151122	nan	nan	nan
20151123	nan	nan	nan
20151124	nan	nan	nan
20151125	nan	nan	nan
20151126	nan	nan	nan
20151127	nan	nan	nan
20151128	nan	nan	nan
20151129	nan	nan	nan
20151130	nan	nan	nan
20151201	nan	nan	nan
20151202	nan	nan	nan
20151203	nan	nan	nan
20151204	nan	nan	nan
20151205	nan	nan	nan
20151206	nan	nan	nan
20151207	nan	nan	nan
20151208	nan	nan	nan
20151209	nan	nan	nan
20151210	nan	nan	nan
20151211	nan	nan	nan
20151212	nan	nan	nan
20151213	nan	nan	nan
20151214	nan	nan	nan
20151215	nan	nan	nan
20151216	nan	nan	nan
20151217	nan	nan	nan
20151218	nan	nan	nan
20151219	nan	nan	nan
20151220	nan	nan	nan
20151221	nan	nan	nan
20151222	nan	nan	nan
20151223	nan	nan	nan
20151224	nan	nan	nan
20151225	nan	nan	nan
20151226	nan	nan	nan
20151227	nan	nan	nan
20151228	nan	nan	nan
20151229	nan	nan	nan
20151230	nan	nan	nan
20151231	nan	nan	nan
20160101	nan	nan	nan
20160102	nan	nan	nan
20160103	nan	nan	nan
20160104	nan	nan	nan
20160105	nan	nan	nan
20160106	nan	nan	nan
20160107	nan	nan	nan
20160108	nan	nan	nan
20160109	nan	nan	nan
20160110	nan	nan	nan
20160111	nan	nan	nan
20160112	nan	nan	nan
20160113	nan	nan	nan
20160114	nan	nan	nan
20160115	nan	nan	nan
20160116	nan	nan	nan
20160117	nan	nan	nan
20160118	nan	nan	nan
20160119	nan	nan	nan
20160120	nan	nan	nan
20160121	nan	nan	nan
20160122	nan	nan	nan
20160123	nan	nan	nan
20160124	nan	nan	nan
20160125	nan	nan	nan
20160126	nan	nan	nan
20160127	nan	nan	nan
20160128	nan	nan	nan
20160129	nan	nan	nan
20160130	nan	nan	nan
20160131	nan	nan	nan
20160201	nan	nan	nan
20160202	nan	nan	nan
20160203	nan	nan	nan
20160204	nan	nan	nan
20160205	nan	nan	nan
20160206	nan	nan	nan
20160207	nan	nan	nan
20160208	nan	nan	nan
20160209	nan	nan	nan
20160210	nan	nan	nan
20160211	nan	nan	nan
20160212	nan	nan	nan
20160213	nan	nan	nan
20160214	nan	nan	nan
20160215	nan	nan	nan
20160216	nan	nan	nan
20160217	nan	nan	nan
20160218	nan	nan	nan
20160219	nan	nan	nan
20160220	nan	nan	nan
20160221	nan	nan	nan
20160222	nan	nan	nan
20160223	nan	nan	nan
20160224	nan	nan	nan
20160225	nan	nan	nan
20160226	0.02533	99.72	0.2563
20160227	0.02533	99.72	0.2563
20160228	0.1224	99.68	0.1945
20160229	0.1224	99.68	0.1945
20160301	1.158	98.8	0.04244
20160302	1.158	98.8	0.04244
20160303	1.165	98.79	0.04244
20160304	1.158	98.76	0.08431
20160305	1.158	98.74	0.09845
20160306	1.158	98.74	0.09845
20160307	1.158	98.74	0.09846
20160308	1.185	98.71	0.1007
20160309	0.3476	98.96	0.6881
20160310	0.3454	98.92	0.7321
20160311	0.6216	98.77	0.6096
20160312	0.6211	98.77	0.6125
20160313	0.6211	98.77	0.6125
20160314	0.6211	98.77	0.6125
20160315	21.4	78.26	0.3414
20160316	28.48	71.39	0.134
20160317	28.54	71.32	0.1344
20160318	28.53	71.32	0.1453
20160319	28.62	71.23	0.1441
20160320	30.49	69.37	0.1405
20160321	8.572	91.42	0.01198
20160322	8.754	91.23	0.01225
20160323	8.825	91.16	0.01225
20160324	8.825	91.14	0.03614
20160325	8.268	91.71	0.02515
20160326	7.981	91.99	0.02474
20160327	8.006	91.97	0.02498
20160328	7.321	92.48	0.1941
20160329	7.266	92.54	0.1943
20160330	7.244	92.44	0.3193
20160331	7.219	92.38	0.3996
20160401	nan	nan	nan
20160402	1.546	98.28	0.1737
20160403	1.546	98.28	0.1737
20160404	1.345	98.46	0.1936
20160405	1.345	98.43	0.224
20160406	1.612	98.16	0.224
20160407	1.612	98.16	0.224
20160408	2.147	97.65	0.2051
20160409	2.256	97.54	0.2051
20160410	2.256	97.54	0.2051
20160411	2.256	97.54	0.2051
20160412	2.256	97.54	0.2051
20160413	2.307	97.49	0.2005
20160414	2.422	97.38	0.2023
20160415	nan	nan	nan
20160416	nan	nan	nan
20160417	nan	nan	nan
20160418	1.508	98.46	0.03262
20160419	1.502	98.46	0.03777
20160420	3.981	95.98	0.03772
20160421	0.376	99.56	0.06625
20160422	0.376	99.56	0.06625
20160423	0.376	99.56	0.06625
20160424	0.3727	99.55	0.07306
20160425	0.3713	99.46	0.1642
20160426	0.5525	99.29	0.1574
20160427	0.5513	99.29	0.1574
20160428	55.31	44.46	0.2272
20160429	54.96	44.42	0.6257
20160430	75.68	23.83	0.4911
20160501	75.46	23.71	0.824
20160502	68.86	30.26	0.8805
20160503	66.36	32.88	0.7596
20160504	66.36	32.85	0.7879
20160505	66.36	32.85	0.7879
20160506	66.33	32.78	0.8966
20160507	66.31	32.78	0.9108
20160508	72.43	26.7	0.8756
20160509	72.42	26.64	0.9308
20160510	73.14	25.73	1.136
20160511	73.28	25.61	1.116
20160512	73.24	25.72	1.044
20160513	75.0	23.57	1.43
20160514	66.5	31.33	2.168
20160515	66.66	31.27	2.078
20160516	66.65	31.26	2.082
20160517	67.12	30.47	2.405
20160518	66.88	29.88	3.241
20160519	nan	nan	nan
20160520	50.01	43.34	6.649
20160521	50.09	43.23	6.684
20160522	59.19	32.39	8.417
20160523	59.46	32.02	8.519
20160524	57.58	30.65	11.76
20160525	58.86	28.73	12.41
20160526	45.35	33.88	20.77
20160527	44.33	26.04	29.63
20160528	44.32	25.78	29.9
20160529	40.04	23.6	36.36
20160530	35.81	19.31	44.87
20160531	31.43	22.52	46.05
20160601	34.08	20.1	45.82
20160602	30.58	18.6	50.82
20160603	40.24	14.58	45.18
20160604	40.18	14.5	45.33
20160605	43.9	12.87	43.23
20160606	43.79	11.87	44.34
20160607	44.47	10.75	44.78
20160608	45.53	10.48	43.99
20160609	46.43	8.749	44.82
20160610	44.12	9.009	46.87
20160611	42.27	8.263	49.46
20160612	44.31	7.928	47.76
20160613	nan	nan	nan
20160614	nan	nan	nan
20160615	nan	nan	nan
20160616	nan	nan	nan
20160617	nan	nan	nan
20160618	nan	nan	nan
20160619	nan	nan	nan
20160620	nan	nan	nan
20160621	nan	nan	nan
20160622	nan	nan	nan
20160623	nan	nan	nan
20160624	nan	nan	nan
20160625	nan	nan	nan
20160626	nan	nan	nan
20160627	nan	nan	nan
20160628	nan	nan	nan
20160629	nan	nan	nan
20160630	nan	nan	nan
20160701	nan	nan	nan
20160702	nan	nan	nan
20160703	10.22	0.9416	88.83
20160704	8.717	1.286	90.0
20160705	8.703	1.286	90.01
20160706	11.74	1.248	87.01
20160707	13.02	1.15	85.83
20160708	11.07	1.092	87.83
20160709	12.44	0.975	86.58
20160710	nan	nan	nan
20160711	nan	nan	nan
20160712	6.691	0.5144	92.8
20160713	4.64	0.4982	94.86
20160714	7.544	1.161	91.29
20160715	7.767	0.5594	91.67
20160716	7.708	0.6227	91.67
20160717	7.406	0.6206	91.97
20160718	9.559	0.5993	89.84
20160719	9.907	0.614	89.48
20160720	8.325	0.4716	91.2
20160721	4.416	0.2405	95.34
20160722	0.3185	0.1192	99.56
20160723	1.271	0.3075	98.42
20160724	1.26	0.2935	98.45
20160725	1.876	0.2005	97.92
20160726	3.123	0.2799	96.6
20160727	3.123	0.2799	96.6
20160728	3.104	0.34	96.56
20160729	2.671	0.3195	97.01
20160730	1.946	0.3396	97.71
20160731	3.375	0.2983	96.33
20160801	3.372	0.2846	96.34
20160802	5.27	0.2225	94.51
20160803	5.496	0.2373	94.27
20160804	3.652	0.9226	95.43
20160805	1.988	0.7041	97.31
20160806	2.816	0.738	96.45
20160807	5.241	0.6777	94.08
20160808	5.231	0.6778	94.09
20160809	5.247	0.7761	93.98
20160810	3.561	0.3056	96.13
20160811	5.684	0.3003	94.02
20160812	6.454	0.2857	93.26
20160813	4.358	0.2433	95.4
20160814	6.634	0.186	93.18
20160815	4.059	0.1446	95.8
20160816	1.779	0.2798	97.94
20160817	0.3276	0.08815	99.58
20160818	0.2692	0.1814	99.55
20160819	1.58	0.1989	98.22
20160820	0.7669	0.115	99.12
20160821	0.9923	0.2532	98.75
20160822	0.1007	0.003393	99.9
20160823	2.48	0.2539	97.27
20160824	2.628	0.3301	97.04
20160825	2.623	0.3301	97.05
20160826	5.908	0.2634	93.83
20160827	5.72	0.2635	94.02
20160828	10.61	0.2777	89.11
20160829	10.57	0.2777	89.15
20160830	10.6	0.3637	89.04
20160831	11.07	0.3348	88.6
20160901	11.07	0.3351	88.59
20160902	11.13	0.4281	88.44
20160903	7.255	0.2313	92.51
20160904	nan	nan	nan
20160905	nan	nan	nan
20160906	nan	nan	nan
20160907	nan	nan	nan
20160908	nan	nan	nan
20160909	nan	nan	nan
20160910	nan	nan	nan
20160911	nan	nan	nan
20160912	nan	nan	nan
20160913	3.354	0.9538	95.69
20160914	3.452	1.047	95.5
20160915	3.141	0.9905	95.87
20160916	1.382	0.3162	98.3
20160917	1.611	0.3824	98.01
20160918	1.436	0.3587	98.21
20160919	2.788	2.089	95.12
20160920	2.681	1.982	95.34
20160921	2.556	1.418	96.03
20160922	0.3922	0.2235	99.38
20160923	0.9881	0.262	98.75
20160924	3.402	0.2779	96.32
20160925	3.402	0.2779	96.32
20160926	2.948	0.3587	96.69
20160927	7.767	0.4907	91.74
20160928	nan	nan	nan
20160929	nan	nan	nan
20160930	nan	nan	nan
20161001	nan	nan	nan
20161002	16.68	3.668	79.65
20161003	17.5	14.28	68.21
20161004	14.86	40.42	44.72
20161005	20.67	33.45	45.88
20161006	21.06	33.16	45.78
20161007	18.01	21.66	60.33
20161008	10.79	11.74	77.47
20161009	13.02	4.535	82.44
20161010	4.48	3.909	91.61
20161011	8.921	3.681	87.4
20161012	13.04	3.09	83.87
20161013	13.52	3.04	83.44
20161014	13.46	2.745	83.8
20161015	6.086	2.744	91.17
20161016	19.54	3.072	77.39
20161017	17.06	4.301	78.64
20161018	9.274	8.707	82.02
20161019	13.16	10.08	76.75
20161020	4.416	5.482	90.1
20161021	13.6	11.89	74.51
20161022	6.869	9.073	84.06
20161023	14.32	14.18	71.49
20161024	24.74	13.78	61.48
20161025	24.04	14.56	61.39
20161026	18.29	14.16	67.55
20161027	15.68	16.23	68.09
20161028	24.09	27.74	48.17
20161029	28.35	36.14	35.51
20161030	24.39	44.83	30.77
20161031	35.4	50.51	14.09
20161101	29.68	54.68	15.65
20161102	29.73	54.76	15.51
20161103	24.41	62.84	12.75
20161104	20.33	69.85	9.821
20161105	19.56	67.77	12.67
20161106	27.61	62.69	9.709
20161107	27.6	62.57	9.833
20161108	33.4	58.86	7.737
20161109	33.68	58.76	7.564
20161110	39.48	54.27	6.25
20161111	42.06	51.93	6.017
20161112	nan	nan	nan
20161113	nan	nan	nan
20161114	nan	nan	nan
20161115	nan	nan	nan
20161116	nan	nan	nan
20161117	nan	nan	nan
20161118	nan	nan	nan
20161119	nan	nan	nan
20161120	nan	nan	nan
20161121	nan	nan	nan
20161122	nan	nan	nan
20161123	nan	nan	nan
20161124	nan	nan	nan
20161125	nan	nan	nan
20161126	nan	nan	nan
20161127	nan	nan	nan
20161128	nan	nan	nan
20161129	nan	nan	nan
20161130	nan	nan	nan
20161201	nan	nan	nan
20161202	nan	nan	nan
20161203	nan	nan	nan
20161204	nan	nan	nan
20161205	nan	nan	nan
20161206	nan	nan	nan
20161207	nan	nan	nan
20161208	nan	nan	nan
20161209	nan	nan	nan
20161210	nan	nan	nan
20161211	nan	nan	nan
20161212	nan	nan	nan
20161213	nan	nan	nan
20161214	nan	nan	nan
20161215	nan	nan	nan
20161216	nan	nan	nan
20161217	nan	nan	nan
20161218	nan	nan	nan
20161219	nan	nan	nan
20161220	nan	nan	nan
20161221	nan	nan	nan
20161222	nan	nan	nan
20161223	nan	nan	nan
20161224	nan	nan	nan
20161225	nan	nan	nan
20161226	nan	nan	nan
20161227	nan	nan	nan
20161228	nan	nan	nan
20161229	nan	nan	nan
20161230	nan	nan	nan
20161231	nan	nan	nan
20170101	nan	nan	nan
20170102	nan	nan	nan
20170103	nan	nan	nan
20170104	nan	nan	nan
20170105	nan	nan	nan
20170106	nan	nan	nan
20170107	nan	nan	nan
20170108	nan	nan	nan
20170109	nan	nan	nan
20170110	nan	nan	nan
20170111	nan	nan	nan
20170112	nan	nan	nan
20170113	nan	nan	nan
20170114	nan	nan	nan
20170115	nan	nan	nan
20170116	nan	nan	nan
20170117	nan	nan	nan
20170118	nan	nan	nan
20170119	nan	nan	nan
20170120	nan	nan	nan
20170121	nan	nan	nan
20170122	nan	nan	nan
20170123	nan	nan	nan
20170124	nan	nan	nan
20170125	nan	nan	nan
20170126	nan	nan	nan
20170127	nan	nan	nan
20170128	nan	nan	nan
20170129	nan	nan	nan
20170130	nan	nan	nan
20170131	nan	nan	nan
20170201	nan	nan	nan
20170202	nan	nan	nan
20170203	nan	nan	nan
20170204	nan	nan	nan
20170205	nan	nan	nan
20170206	nan	nan	nan
20170207	2.677	96.96	0.3652
20170208	2.459	97.0	0.5449
20170209	2.305	97.47	0.2274
20170210	2.304	97.47	0.228
20170211	1.718	98.07	0.2157
20170212	8.423	91.36	0.2144
20170213	47.52	52.38	0.1087
20170214	48.28	51.41	0.3135
20170215	48.23	51.47	0.3018
20170216	48.4	51.3	0.3029
20170217	46.99	52.75	0.265
20170218	nan	nan	nan
20170219	nan	nan	nan
20170220	nan	nan	nan
20170221	nan	nan	nan
20170222	nan	nan	nan
20170223	nan	nan	nan
20170224	nan	nan	nan
20170225	nan	nan	nan
20170226	nan	nan	nan
20170227	0.03664	99.65	0.3135
20170228	0.04086	99.61	0.347
20170301	0.03101	99.64	0.3294
20170302	0.03421	99.77	0.1913
20170303	0.01496	99.67	0.3125
20170304	0.02826	99.64	0.3316
20170305	0.01327	99.71	0.2729
20170306	0.0	99.87	0.134
20170307	0.02466	99.86	0.1193
20170308	0.01374	99.92	0.07097
20170309	0.0487	99.89	0.05672
20170310	0.05234	99.61	0.333
20170311	0.01564	99.69	0.292
20170312	0.05295	99.67	0.2793
20170313	0.05495	99.7	0.2446
20170314	nan	nan	nan
20170315	nan	nan	nan
20170316	nan	nan	nan
20170317	nan	nan	nan
20170318	nan	nan	nan
20170319	nan	nan	nan
20170320	nan	nan	nan
20170321	nan	nan	nan
20170322	nan	nan	nan
20170323	nan	nan	nan
20170324	nan	nan	nan
20170325	nan	nan	nan
20170326	nan	nan	nan
20170327	nan	nan	nan
20170328	nan	nan	nan
20170329	nan	nan	nan
20170330	nan	nan	nan
20170331	nan	nan	nan
20170401	nan	nan	nan
20170402	nan	nan	nan
20170403	nan	nan	nan
20170404	nan	nan	nan
20170405	nan	nan	nan
20170406	nan	nan	nan
20170407	nan	nan	nan
20170408	9.711	90.27	0.02044
20170409	11.22	88.76	0.02086
20170410	11.5	88.48	0.02084
20170411	10.6	89.37	0.02106
20170412	nan	nan	nan
20170413	3.251	96.75	0.0
20170414	2.511	97.49	0.0
20170415	nan	nan	nan
20170416	nan	nan	nan
20170417	nan	nan	nan
20170418	nan	nan	nan
20170419	nan	nan	nan
20170420	nan	nan	nan
20170421	nan	nan	nan
20170422	nan	nan	nan
20170423	nan	nan	nan
20170424	nan	nan	nan
20170425	nan	nan	nan
20170426	3.836	96.16	0.0
20170427	2.604	97.4	0.0
20170428	0.3069	99.69	0.0
20170429	0.4996	99.5	0.0
20170430	0.6059	99.39	0.0
20170501	0.7443	99.26	0.0
20170502	0.9461	99.05	0.0
20170503	2.404	97.6	0.0
20170504	2.514	97.49	0.0
20170505	70.03	29.97	0.0
20170506	78.42	21.58	0.0
20170507	76.91	23.09	0.0
20170508	75.16	24.84	0.0
20170509	58.6	41.4	0.0
20170510	nan	nan	nan
20170511	38.7	61.3	0.000601
20170512	nan	nan	nan
20170513	20.11	79.88	0.01307
20170514	14.74	85.23	0.0258
20170515	24.6	75.32	0.08195
20170516	14.43	85.52	0.05369
20170517	23.34	76.61	0.04691
20170518	38.64	61.3	0.0633
20170519	80.25	19.7	0.04917
20170520	84.62	15.34	0.03504
20170521	87.68	12.29	0.03278
20170522	86.9	13.05	0.04693
20170523	84.2	15.6	0.1911
20170524	82.41	17.4	0.1883
20170525	80.79	18.97	0.242
20170526	80.21	19.54	0.2475
20170527	74.75	24.79	0.4576
20170528	79.6	20.03	0.3693
20170529	77.75	21.99	0.2616
20170530	79.75	20.05	0.2016
20170531	80.02	19.78	0.2023
20170601	81.3	18.52	0.1808
20170602	76.09	23.74	0.1642
20170603	47.34	52.31	0.3455
20170604	58.65	41.04	0.306
20170605	59.28	40.42	0.3009
20170606	76.91	22.78	0.3002
20170607	66.6	32.87	0.5276
20170608	67.57	29.47	2.961
20170609	68.68	24.54	6.775
20170610	63.95	22.85	13.19
20170611	61.0	24.31	14.69
20170612	52.68	30.56	16.76
20170613	57.69	23.34	18.98
20170614	60.06	19.18	20.76
20170615	60.72	17.96	21.31
20170616	61.3	16.69	22.01
20170617	58.02	17.33	24.65
20170618	60.81	14.63	24.56
20170619	nan	nan	nan
20170620	nan	nan	nan
20170621	nan	nan	nan
20170622	nan	nan	nan
20170623	nan	nan	nan
20170624	nan	nan	nan
20170625	nan	nan	nan
20170626	nan	nan	nan
20170627	nan	nan	nan
20170628	nan	nan	nan
20170629	nan	nan	nan
20170630	nan	nan	nan
20170701	nan	nan	nan
20170702	nan	nan	nan
20170703	nan	nan	nan
20170704	nan	nan	nan
20170705	nan	nan	nan
20170706	nan	nan	nan
20170707	nan	nan	nan
20170708	nan	nan	nan
20170709	nan	nan	nan
20170710	nan	nan	nan
20170711	nan	nan	nan
20170712	nan	nan	nan
20170713	nan	nan	nan
20170714	nan	nan	nan
20170715	nan	nan	nan
20170716	nan	nan	nan
20170717	nan	nan	nan
20170718	nan	nan	nan
20170719	nan	nan	nan
20170720	nan	nan	nan
20170721	nan	nan	nan
20170722	nan	nan	nan
20170723	nan	nan	nan
20170724	20.18	0.8866	78.94
20170725	10.68	0.7632	88.56
20170726	12.76	0.5493	86.69
20170727	14.1	0.3415	85.56
20170728	12.09	0.2552	87.65
20170729	8.492	0.2273	91.28
20170730	11.64	0.3616	88.0
20170731	15.25	0.2616	84.49
20170801	16.49	0.2482	83.26
20170802	16.5	0.2836	83.21
20170803	17.26	0.2236	82.52
20170804	nan	nan	nan
20170805	nan	nan	nan
20170806	nan	nan	nan
20170807	nan	nan	nan
20170808	13.86	2.107	84.03
20170809	13.96	2.11	83.93
20170810	nan	nan	nan
20170811	11.82	2.452	85.73
20170812	nan	nan	nan
20170813	nan	nan	nan
20170814	nan	nan	nan
20170815	nan	nan	nan
20170816	nan	nan	nan
20170817	nan	nan	nan
20170818	nan	nan	nan
20170819	nan	nan	nan
20170820	nan	nan	nan
20170821	nan	nan	nan
20170822	nan	nan	nan
20170823	nan	nan	nan
20170824	nan	nan	nan
20170825	nan	nan	nan
20170826	nan	nan	nan
20170827	nan	nan	nan
20170828	nan	nan	nan
20170829	nan	nan	nan
20170830	nan	nan	nan
20170831	nan	nan	nan
20170901	nan	nan	nan
20170902	nan	nan	nan
20170903	nan	nan	nan
20170904	4.787	0.5208	94.69
20170905	5.897	0.3301	93.77
20170906	7.428	0.2836	92.29
20170907	4.206	0.3423	95.45
20170908	7.112	0.2364	92.65
20170909	6.92	0.2364	92.84
20170910	11.2	0.3435	88.46
20170911	11.07	1.186	87.74
20170912	13.1	5.206	81.69
20170913	13.51	5.165	81.33
20170914	nan	nan	nan
20170915	nan	nan	nan
20170916	nan	nan	nan
20170917	nan	nan	nan
20170918	nan	nan	nan
20170919	nan	nan	nan
20170920	nan	nan	nan
20170921	nan	nan	nan
20170922	nan	nan	nan
20170923	nan	nan	nan
20170924	7.899	0.4836	91.62
20170925	9.898	0.2733	89.83
20170926	6.344	0.3147	93.34
20170927	1.876	0.5203	97.6
20170928	1.825	0.7574	97.42
20170929	2.998	0.4496	96.55
20170930	3.228	0.4813	96.29
20171001	2.338	0.5226	97.14
20171002	4.263	0.4092	95.33
20171003	4.27	0.6565	95.07
20171004	11.8	0.6641	87.54
20171005	11.43	0.6354	87.94
20171006	14.79	0.596	84.61
20171007	17.11	1.49	81.41
20171008	nan	nan	nan
20171009	nan	nan	nan
20171010	nan	nan	nan
20171011	16.3	12.81	70.88
20171012	17.23	20.4	62.37
20171013	8.332	29.57	62.09
20171014	14.14	33.57	52.29
20171015	12.2	39.65	48.14
20171016	26.47	33.36	40.17
20171017	19.98	59.23	20.79
20171018	29.32	54.09	16.59
20171019	33.91	54.46	11.62
20171020	18.45	79.45	2.103
20171021	18.75	79.38	1.865
20171022	8.339	90.2	1.462
20171023	24.01	75.32	0.6684
20171024	20.15	78.94	0.9017
20171025	18.44	80.7	0.8535
20171026	21.83	76.93	1.247
20171027	21.82	76.98	1.199
20171028	29.79	68.89	1.324
20171029	22.09	76.06	1.848
20171030	16.29	82.41	1.302
20171031	11.14	87.31	1.553
20171101	11.06	87.39	1.55
20171102	10.72	85.95	3.325
20171103	13.23	84.64	2.129
20171104	27.23	68.71	4.06
20171105	23.46	73.23	3.308
20171106	13.01	84.24	2.75
20171107	15.04	82.17	2.788
20171108	16.64	80.59	2.771
20171109	nan	nan	nan
20171110	nan	nan	nan
20171111	nan	nan	nan
20171112	nan	nan	nan
20171113	nan	nan	nan
20171114	nan	nan	nan
20171115	nan	nan	nan
20171116	nan	nan	nan
20171117	nan	nan	nan
20171118	nan	nan	nan
20171119	nan	nan	nan
20171120	nan	nan	nan
20171121	nan	nan	nan
20171122	nan	nan	nan
20171123	nan	nan	nan
20171124	nan	nan	nan
20171125	nan	nan	nan
20171126	nan	nan	nan
20171127	nan	nan	nan
20171128	nan	nan	nan
20171129	nan	nan	nan
20171130	nan	nan	nan
20171201	nan	nan	nan
20171202	nan	nan	nan
20171203	nan	nan	nan
20171204	nan	nan	nan
20171205	nan	nan	nan
20171206	nan	nan	nan
20171207	nan	nan	nan
20171208	nan	nan	nan
20171209	nan	nan	nan
20171210	nan	nan	nan
20171211	nan	nan	nan
20171212	nan	nan	nan
20171213	nan	nan	nan
20171214	nan	nan	nan
20171215	nan	nan	nan
20171216	nan	nan	nan
20171217	nan	nan	nan
20171218	nan	nan	nan
20171219	nan	nan	nan
20171220	nan	nan	nan
20171221	nan	nan	nan
20171222	nan	nan	nan
20171223	nan	nan	nan
20171224	nan	nan	nan
20171225	nan	nan	nan
20171226	nan	nan	nan
20171227	nan	nan	nan
20171228	nan	nan	nan
20171229	nan	nan	nan
20171230	nan	nan	nan
20171231	nan	nan	nan
20180101	nan	nan	nan
20180102	nan	nan	nan
20180103	nan	nan	nan
20180104	nan	nan	nan
20180105	nan	nan	nan
20180106	nan	nan	nan
20180107	nan	nan	nan
20180108	nan	nan	nan
20180109	nan	nan	nan
20180110	nan	nan	nan
20180111	nan	nan	nan
20180112	nan	nan	nan
20180113	nan	nan	nan
20180114	nan	nan	nan
20180115	nan	nan	nan
20180116	nan	nan	nan
20180117	nan	nan	nan
20180118	nan	nan	nan
20180119	nan	nan	nan
20180120	nan	nan	nan
20180121	nan	nan	nan
20180122	nan	nan	nan
20180123	nan	nan	nan
20180124	nan	nan	nan
20180125	nan	nan	nan
20180126	nan	nan	nan
20180127	nan	nan	nan
20180128	nan	nan	nan
20180129	nan	nan	nan
20180130	nan	nan	nan
20180131	nan	nan	nan
20180201	nan	nan	nan
20180202	nan	nan	nan
20180203	nan	nan	nan
20180204	nan	nan	nan
20180205	nan	nan	nan
20180206	nan	nan	nan
20180207	nan	nan	nan
20180208	nan	nan	nan
20180209	nan	nan	nan
20180210	nan	nan	nan
20180211	0.8862	97.65	1.467
20180212	0.838	96.91	2.247
20180213	2.181	96.33	1.493
20180214	0.8566	95.36	3.782
20180215	2.212	94.18	3.603
20180216	5.448	93.97	0.5864
20180217	0.4153	99.4	0.1822
20180218	0.4675	99.42	0.1145
20180219	0.9578	97.39	1.656
20180220	6.398	93.33	0.2706
20180221	1.969	97.97	0.05663
20180222	0.09899	99.81	0.09107
20180223	1.911	97.98	0.1055
20180224	1.855	98.04	0.1057
20180225	5.808	94.12	0.07227
20180226	4.719	94.84	0.4434
20180227	4.904	94.8	0.2968
20180228	7.051	92.67	0.284
20180301	7.066	92.66	0.278
20180302	7.133	92.59	0.2819
20180303	7.254	92.44	0.3108
20180304	nan	nan	nan
20180305	nan	nan	nan
20180306	nan	nan	nan
20180307	nan	nan	nan
20180308	nan	nan	nan
20180309	nan	nan	nan
20180310	nan	nan	nan
20180311	5.701	94.3	0.0
20180312	6.107	93.86	0.03004
20180313	5.09	94.91	0.0
20180314	5.002	95.0	0.0
20180315	1.234	98.77	0.0
20180316	7.815	92.18	0.0
20180317	8.346	91.65	0.0
20180318	7.331	92.61	0.05668
20180319	6.318	93.63	0.05665
20180320	6.043	93.9	0.05665
20180321	5.076	94.79	0.1393
20180322	4.048	95.81	0.1402
20180323	2.453	97.55	0.0
20180324	5.21	94.79	0.0
20180325	5.169	94.83	0.0
20180326	5.26	94.74	0.0
20180327	4.033	95.83	0.1405
20180328	5.429	94.44	0.132
20180329	4.409	95.33	0.2618
20180330	nan	nan	nan
20180331	nan	nan	nan
20180401	nan	nan	nan
20180402	nan	nan	nan
20180403	0.6508	99.35	0.0
20180404	1.361	98.64	0.0
20180405	3.528	96.47	0.0
20180406	3.526	96.47	0.0
20180407	3.495	96.5	0.0
20180408	0.7891	99.21	0.0
20180409	1.53	98.47	0.0
20180410	nan	nan	nan
20180411	nan	nan	nan
20180412	0.2944	99.71	0.0
20180413	2.113	97.89	0.0
20180414	11.59	88.41	0.0
20180415	12.57	87.43	0.0
20180416	30.86	69.14	0.0
20180417	21.7	78.3	0.0
20180418	9.349	90.62	0.03561
20180419	17.71	82.26	0.03561
20180420	64.96	35.01	0.02487
20180421	79.73	20.26	0.01356
20180422	80.35	19.64	0.005652
20180423	73.61	26.39	0.002261
20180424	76.63	23.37	0.0005652
20180425	nan	nan	nan
20180426	nan	nan	nan
20180427	nan	nan	nan
20180428	nan	nan	nan
20180429	nan	nan	nan
20180430	nan	nan	nan
20180501	nan	nan	nan
20180502	nan	nan	nan
20180503	nan	nan	nan
20180504	78.19	21.51	0.3009
20180505	74.32	25.39	0.2927
20180506	82.34	17.4	0.2615
20180507	82.6	17.14	0.2609
20180508	69.51	30.1	0.3928
20180509	60.44	38.89	0.675
20180510	65.53	33.27	1.205
20180511	65.31	33.03	1.656
20180512	63.29	34.8	1.905
20180513	61.38	35.46	3.16
20180514	42.77	50.48	6.754
20180515	46.73	45.24	8.031
20180516	48.06	35.82	16.13
20180517	37.45	39.25	23.3
20180518	46.53	28.11	25.36
20180519	46.5	27.19	26.31
20180520	49.1	24.4	26.51
20180521	nan	nan	nan
20180522	nan	nan	nan
20180523	nan	nan	nan
20180524	nan	nan	nan
20180525	nan	nan	nan
20180526	nan	nan	nan
20180527	nan	nan	nan
20180528	nan	nan	nan
20180529	nan	nan	nan
20180530	nan	nan	nan
20180531	nan	nan	nan
20180601	nan	nan	nan
20180602	nan	nan	nan
20180603	nan	nan	nan
20180604	nan	nan	nan
20180605	nan	nan	nan
20180606	nan	nan	nan
20180607	nan	nan	nan
20180608	nan	nan	nan
20180609	nan	nan	nan
20180610	nan	nan	nan
20180611	nan	nan	nan
20180612	nan	nan	nan
20180613	nan	nan	nan
20180614	nan	nan	nan
20180615	nan	nan	nan
20180616	nan	nan	nan
20180617	28.41	3.72	67.87
20180618	27.95	3.72	68.33
20180619	28.28	3.766	67.96
20180620	nan	nan	nan
20180621	nan	nan	nan
20180622	nan	nan	nan
20180623	nan	nan	nan
20180624	nan	nan	nan
20180625	nan	nan	nan
20180626	nan	nan	nan
20180627	nan	nan	nan
20180628	nan	nan	nan
20180629	nan	nan	nan
20180630	nan	nan	nan
20180701	12.49	3.892	83.62
20180702	9.926	1.857	88.22
20180703	11.51	1.579	86.91
20180704	12.49	1.469	86.04
20180705	13.2	1.106	85.7
20180706	13.05	1.194	85.75
20180707	13.08	1.2	85.72
20180708	10.57	0.777	88.66
20180709	nan	nan	nan
20180710	9.037	0.4649	90.5
20180711	4.842	0.3925	94.77
20180712	3.612	0.4008	95.99
20180713	2.642	0.3031	97.06
20180714	3.884	0.1793	95.94
20180715	5.17	0.2952	94.53
20180716	3.767	0.3209	95.91
20180717	2.981	0.2168	96.8
20180718	1.569	0.1678	98.26
20180719	3.541	0.2634	96.2
20180720	2.973	0.21	96.82
20180721	3.516	0.4318	96.05
20180722	5.482	0.2488	94.27
20180723	5.786	0.2757	93.94
20180724	5.909	0.2471	93.84
20180725	6.023	0.3241	93.65
20180726	4.674	0.2467	95.08
20180727	4.012	0.2437	95.74
20180728	1.004	0.2594	98.74
20180729	1.55	0.2372	98.21
20180730	1.49	0.2188	98.29
20180731	1.003	0.2689	98.73
20180801	0.5661	0.0629	99.37
20180802	2.071	0.08679	97.84
20180803	4.598	0.1907	95.21
20180804	4.117	0.1873	95.7
20180805	4.118	0.1793	95.7
20180806	4.249	0.2684	95.48
20180807	5.516	0.1799	94.3
20180808	7.353	0.2061	92.44
20180809	nan	nan	nan
20180810	nan	nan	nan
20180811	nan	nan	nan
20180812	nan	nan	nan
20180813	nan	nan	nan
20180814	nan	nan	nan
20180815	nan	nan	nan
20180816	nan	nan	nan
20180817	nan	nan	nan
20180818	nan	nan	nan
20180819	nan	nan	nan
20180820	nan	nan	nan
20180821	7.384	0.4414	92.17
20180822	7.015	0.7672	92.22
20180823	5.987	0.8744	93.14
20180824	7.347	0.9609	91.69
20180825	7.568	1.054	91.38
20180826	6.001	0.7015	93.3
20180827	7.88	0.5965	91.52
20180828	2.69	0.5267	96.78
20180829	2.861	0.4014	96.74
20180830	5.151	0.434	94.42
20180831	5.704	0.2033	94.09
20180901	6.732	0.2761	92.99
20180902	7.121	0.3284	92.55
20180903	7.376	3.937	88.69
20180904	5.246	3.555	91.2
20180905	3.773	0.2958	95.93
20180906	1.301	0.09166	98.61
20180907	2.91	0.3512	96.74
20180908	4.967	0.2091	94.82
20180909	2.044	0.2712	97.68
20180910	0.81	0.09587	99.09
20180911	2.242	1.733	96.02
20180912	5.881	1.203	92.92
20180913	8.227	1.101	90.67
20180914	8.387	2.08	89.53
20180915	10.22	1.922	87.86
20180916	nan	nan	nan
20180917	11.76	2.86	85.38
20180918	nan	nan	nan
20180919	nan	nan	nan
20180920	nan	nan	nan
20180921	10.14	7.765	82.09
20180922	5.844	4.085	90.07
20180923	10.21	4.074	85.71
20180924	15.26	3.869	80.87
20180925	nan	nan	nan
20180926	nan	nan	nan
20180927	nan	nan	nan
20180928	nan	nan	nan
20180929	nan	nan	nan
20180930	nan	nan	nan
20181001	nan	nan	nan
20181002	nan	nan	nan
20181003	nan	nan	nan
20181004	nan	nan	nan
20181005	nan	nan	nan
20181006	nan	nan	nan
20181007	nan	nan	nan
20181008	nan	nan	nan
20181009	nan	nan	nan
20181010	nan	nan	nan
20181011	nan	nan	nan
20181012	44.74	50.69	4.574
20181013	53.49	42.16	4.357
20181014	55.97	39.25	4.778
20181015	43.66	43.83	12.51
20181016	40.97	31.62	27.42
20181017	37.51	28.16	34.34
20181018	35.23	27.25	37.53
20181019	33.0	33.65	33.36
20181020	30.55	39.8	29.66
20181021	30.7	46.32	22.98
20181022	30.17	45.42	24.41
20181023	34.34	45.71	19.95
20181024	10.27	73.83	15.9
20181025	28.9	60.19	10.91
20181026	35.78	55.76	8.463
20181027	20.5	73.15	6.351
20181028	27.28	66.27	6.445
20181029	14.91	80.95	4.144
20181030	40.74	57.89	1.373
20181031	43.03	55.62	1.351
20181101	33.82	64.17	2.003
20181102	40.94	57.31	1.748
20181103	35.75	61.75	2.498
20181104	59.42	38.88	1.698
20181105	52.63	45.61	1.766
20181106	45.66	52.1	2.24
20181107	47.64	47.88	4.482
20181108	49.13	46.43	4.438
20181109	49.41	46.17	4.416
20181110	nan	nan	nan
20181111	nan	nan	nan
20181112	nan	nan	nan
20181113	nan	nan	nan
20181114	nan	nan	nan
20181115	nan	nan	nan
20181116	nan	nan	nan
20181117	nan	nan	nan
20181118	nan	nan	nan
20181119	nan	nan	nan
20181120	nan	nan	nan
20181121	nan	nan	nan
20181122	nan	nan	nan
20181123	nan	nan	nan
20181124	nan	nan	nan
20181125	nan	nan	nan
20181126	nan	nan	nan
20181127	nan	nan	nan
20181128	nan	nan	nan
20181129	nan	nan	nan
20181130	nan	nan	nan
20181201	nan	nan	nan
20181202	nan	nan	nan
20181203	nan	nan	nan
20181204	nan	nan	nan
20181205	nan	nan	nan
20181206	nan	nan	nan
20181207	nan	nan	nan
20181208	nan	nan	nan
20181209	nan	nan	nan
20181210	nan	nan	nan
20181211	nan	nan	nan
20181212	nan	nan	nan
20181213	nan	nan	nan
20181214	nan	nan	nan
20181215	nan	nan	nan
20181216	nan	nan	nan
20181217	nan	nan	nan
20181218	nan	nan	nan
20181219	nan	nan	nan
20181220	nan	nan	nan
20181221	nan	nan	nan
20181222	nan	nan	nan
20181223	nan	nan	nan
20181224	nan	nan	nan
20181225	nan	nan	nan
20181226	nan	nan	nan
20181227	nan	nan	nan
20181228	nan	nan	nan
20181229	nan	nan	nan
20181230	nan	nan	nan
20181231	nan	nan	nan
20190101	nan	nan	nan
20190102	nan	nan	nan
20190103	nan	nan	nan
20190104	nan	nan	nan
20190105	nan	nan	nan
20190106	nan	nan	nan
20190107	nan	nan	nan
20190108	nan	nan	nan
20190109	nan	nan	nan
20190110	nan	nan	nan
20190111	nan	nan	nan
20190112	nan	nan	nan
20190113	nan	nan	nan
20190114	nan	nan	nan
20190115	nan	nan	nan
20190116	nan	nan	nan
20190117	nan	nan	nan
20190118	nan	nan	nan
20190119	nan	nan	nan
20190120	nan	nan	nan
20190121	nan	nan	nan
20190122	nan	nan	nan
20190123	nan	nan	nan
20190124	nan	nan	nan
20190125	nan	nan	nan
20190126	nan	nan	nan
20190127	nan	nan	nan
20190128	nan	nan	nan
20190129	nan	nan	nan
20190130	nan	nan	nan
20190131	nan	nan	nan
20190201	nan	nan	nan
20190202	nan	nan	nan
20190203	nan	nan	nan
20190204	nan	nan	nan
20190205	nan	nan	nan
20190206	nan	nan	nan
20190207	nan	nan	nan
20190208	16.11	82.76	1.128
20190209	9.406	90.04	0.5556
20190210	15.46	84.08	0.4654
20190211	18.44	81.13	0.4229
20190212	12.51	85.99	1.496
20190213	11.85	86.7	1.452
20190214	9.631	87.73	2.639
20190215	9.703	88.26	2.036
20190216	nan	nan	nan
20190217	4.922	93.1	1.978
20190218	nan	nan	nan
20190219	nan	nan	nan
20190220	nan	nan	nan
20190221	nan	nan	nan
20190222	nan	nan	nan
20190223	59.34	40.09	0.5685
20190224	67.73	31.89	0.3808
20190225	67.99	31.42	0.5981
20190226	70.14	29.35	0.5139
20190227	70.48	29.02	0.4977
20190228	64.27	35.04	0.6866
20190301	62.57	36.97	0.4569
20190302	58.77	40.86	0.372
20190303	nan	nan	nan
20190304	nan	nan	nan
20190305	nan	nan	nan
20190306	nan	nan	nan
20190307	nan	nan	nan
20190308	nan	nan	nan
20190309	nan	nan	nan
20190310	nan	nan	nan
20190311	9.613	90.39	0.0
20190312	9.278	90.7	0.02054
20190313	8.861	91.12	0.02064
20190314	7.54	92.35	0.1083
20190315	6.942	92.83	0.2318
20190316	6.884	92.85	0.262
20190317	4.555	95.29	0.158
20190318	nan	nan	nan
20190319	nan	nan	nan
20190320	nan	nan	nan
20190321	nan	nan	nan
20190322	nan	nan	nan
20190323	nan	nan	nan
20190324	nan	nan	nan
20190325	nan	nan	nan
20190326	nan	nan	nan
20190327	nan	nan	nan
20190328	nan	nan	nan
20190329	nan	nan	nan
20190330	nan	nan	nan
20190331	nan	nan	nan
20190401	nan	nan	nan
20190402	nan	nan	nan
20190403	nan	nan	nan
20190404	nan	nan	nan
20190405	0.2627	99.74	0.0
20190406	0.005667	99.99	0.0
20190407	0.1558	99.84	0.0
20190408	0.2198	99.78	0.0
20190409	0.3354	99.66	0.0
20190410	0.2417	99.76	0.0
20190411	0.2853	99.71	0.0
20190412	0.3491	99.65	0.0
20190413	0.3705	99.63	0.0
20190414	2.549	97.45	0.0
20190415	10.7	89.3	0.0
20190416	7.047	92.95	0.0
20190417	5.641	94.36	0.0
20190418	5.641	94.34	0.01529
20190419	7.176	92.81	0.01528
20190420	18.78	81.2	0.01527
20190421	76.84	23.15	0.01441
20190422	67.4	32.6	0.0
20190423	78.64	21.13	0.2306
20190424	82.84	16.95	0.2148
20190425	69.08	30.37	0.5488
20190426	18.1	0.0	81.9
20190427	68.53	3.517	27.95
20190428	71.04	25.3	3.665
20190429	73.6	23.38	3.021
20190430	73.69	23.09	3.224
20190501	79.86	17.4	2.735
20190502	79.72	17.56	2.721
20190503	81.15	17.41	1.436
20190504	76.88	22.15	0.9678
20190505	70.8	28.48	0.7191
20190506	80.94	18.68	0.3862
20190507	80.24	19.47	0.2916
20190508	nan	nan	nan
20190509	63.27	36.31	0.4116
20190510	74.84	24.75	0.4127
20190511	74.39	25.05	0.5564
20190512	75.34	24.12	0.5373
20190513	77.41	22.08	0.5036
20190514	77.23	22.03	0.7374
20190515	75.89	22.75	1.368
20190516	nan	nan	nan
20190517	nan	nan	nan
20190518	74.89	18.9	6.209
20190519	69.52	22.92	7.558
20190520	68.95	22.22	8.823
20190521	64.36	26.54	9.105
20190522	nan	nan	nan
20190523	nan	nan	nan
20190524	nan	nan	nan
20190525	nan	nan	nan
20190526	nan	nan	nan
20190527	nan	nan	nan
20190528	nan	nan	nan
20190529	nan	nan	nan
20190530	nan	nan	nan
20190531	nan	nan	nan
20190601	nan	nan	nan
20190602	nan	nan	nan
20190603	nan	nan	nan
20190604	nan	nan	nan
20190605	nan	nan	nan
20190606	nan	nan	nan
20190607	53.2	16.43	30.37
20190608	54.52	15.05	30.42
20190609	53.99	15.28	30.73
20190610	nan	nan	nan
20190611	nan	nan	nan
20190612	nan	nan	nan
20190613	7.068	0.0	92.93
20190614	25.1	3.509	71.39
20190615	29.03	2.644	68.33
20190616	33.11	1.702	65.19
20190617	31.71	2.868	65.42
20190618	33.6	1.99	64.41
20190619	33.58	1.989	64.43
20190620	nan	nan	nan
20190621	nan	nan	nan
20190622	nan	nan	nan
20190623	nan	nan	nan
20190624	nan	nan	nan
20190625	nan	nan	nan
20190626	nan	nan	nan
20190627	nan	nan	nan
20190628	nan	nan	nan
20190629	nan	nan	nan
20190630	nan	nan	nan
20190701	nan	nan	nan
20190702	nan	nan	nan
20190703	nan	nan	nan
20190704	nan	nan	nan
20190705	nan	nan	nan
20190706	nan	nan	nan
20190707	nan	nan	nan
20190708	20.93	4.007	75.07
20190709	18.82	2.672	78.51
20190710	21.81	2.018	76.17
20190711	20.58	1.934	77.48
20190712	18.49	1.498	80.01
20190713	11.97	1.509	86.52
20190714	14.91	1.383	83.7
20190715	15.39	0.5276	84.08
20190716	19.39	0.4408	80.17
20190717	nan	nan	nan
20190718	18.99	1.216	79.79
20190719	12.86	0.636	86.51
20190720	11.69	0.7291	87.58
20190721	13.4	0.6778	85.93
20190722	13.7	0.6215	85.68
20190723	12.85	0.8608	86.29
20190724	12.71	0.8622	86.43
20190725	11.9	0.6862	87.42
20190726	3.342	0.2785	96.38
20190727	0.3076	0.01937	99.67
20190728	0.1874	0.001136	99.81
20190729	0.1225	0.001134	99.88
20190730	0.08055	0.0	99.92
20190731	0.08045	0.0	99.92
20190801	1.861	0.4468	97.69
20190802	3.515	0.2048	96.28
20190803	5.336	0.4412	94.22
20190804	4.524	0.4187	95.06
20190805	5.919	0.2396	93.84
20190806	2.975	0.2505	96.77
20190807	5.037	0.2906	94.67
20190808	4.849	0.2764	94.87
20190809	5.73	0.3436	93.93
20190810	10.89	0.1268	88.99
20190811	11.03	0.1566	88.81
20190812	nan	nan	nan
20190813	nan	nan	nan
20190814	nan	nan	nan
20190815	nan	nan	nan
20190816	nan	nan	nan
20190817	nan	nan	nan
20190818	nan	nan	nan
20190819	nan	nan	nan
20190820	nan	nan	nan
20190821	7.013	1.636	91.35
20190822	9.475	1.584	88.94
20190823	8.751	1.422	89.83
20190824	nan	nan	nan
20190825	nan	nan	nan
20190826	nan	nan	nan
20190827	nan	nan	nan
20190828	3.44	0.4154	96.14
20190829	5.137	0.3548	94.51
20190830	5.255	0.3455	94.4
20190831	5.92	0.2747	93.81
20190901	2.218	0.2263	97.56
20190902	5.552	0.3525	94.1
20190903	9.627	0.2236	90.15
20190904	7.93	2.482	89.59
20190905	8.484	2.443	89.07
20190906	10.78	2.346	86.87
20190907	10.68	2.485	86.84
20190908	14.48	2.102	83.42
20190909	8.185	2.034	89.78
20190910	7.537	1.083	91.38
20190911	4.708	0.4983	94.79
20190912	9.159	0.4869	90.35
20190913	9.194	2.292	88.51
20190914	10.71	4.015	85.27
20190915	18.53	3.577	77.89
20190916	7.173	3.168	89.66
20190917	8.219	2.834	88.95
20190918	14.15	11.73	74.12
20190919	19.0	25.12	55.88
20190920	21.97	25.25	52.78
20190921	19.48	40.66	39.86
20190922	19.33	44.08	36.59
20190923	nan	nan	nan
20190924	14.43	62.71	22.86
20190925	21.06	56.15	22.8
20190926	18.96	32.57	48.47
20190927	21.6	21.64	56.76
20190928	14.04	14.82	71.14
20190929	14.9	14.52	70.58
20190930	15.9	14.46	69.64
20191001	23.89	17.9	58.21
20191002	24.81	26.63	48.56
20191003	24.93	26.12	48.95
20191004	22.03	46.92	31.05
20191005	nan	nan	nan
20191006	nan	nan	nan
20191007	nan	nan	nan
20191008	nan	nan	nan
20191009	nan	nan	nan
20191010	nan	nan	nan
20191011	nan	nan	nan
20191012	nan	nan	nan
20191013	nan	nan	nan
20191014	20.43	77.72	1.849
20191015	15.35	83.14	1.512
20191016	25.38	72.87	1.75
20191017	16.98	79.04	3.983
20191018	21.93	75.07	3.001
20191019	6.705	90.45	2.844
20191020	26.29	72.2	1.511
20191021	40.22	58.66	1.123
20191022	38.4	60.67	0.9295
20191023	34.04	64.42	1.537
20191024	34.57	63.99	1.436
20191025	43.59	55.6	0.8063
20191026	24.89	26.86	48.25
20191027	7.88	57.0	35.12
20191028	21.34	65.02	13.65
20191029	18.51	71.51	9.977
20191030	22.84	75.9	1.258
20191031	17.33	81.12	1.556
20191101	19.41	79.07	1.522
20191102	22.43	76.49	1.084
20191103	17.68	81.4	0.9189
20191104	17.88	80.88	1.243
20191105	10.5	87.99	1.503
20191106	12.65	85.9	1.449
20191107	11.88	87.09	1.027
20191108	11.7	87.27	1.027
20191109	17.35	81.87	0.7767
20191110	nan	nan	nan
20191111	nan	nan	nan
20191112	nan	nan	nan
20191113	nan	nan	nan
20191114	nan	nan	nan
20191115	nan	nan	nan
20191116	nan	nan	nan
20191117	nan	nan	nan
20191118	nan	nan	nan
20191119	nan	nan	nan
20191120	nan	nan	nan
20191121	nan	nan	nan
20191122	nan	nan	nan
20191123	nan	nan	nan
20191124	nan	nan	nan
20191125	nan	nan	nan
20191126	nan	nan	nan
20191127	nan	nan	nan
20191128	nan	nan	nan
20191129	nan	nan	nan
20191130	nan	nan	nan
20191201	nan	nan	nan
20191202	nan	nan	nan
20191203	nan	nan	nan
20191204	nan	nan	nan
20191205	nan	nan	nan
20191206	nan	nan	nan
20191207	nan	nan	nan
20191208	nan	nan	nan
20191209	nan	nan	nan
20191210	nan	nan	nan
20191211	nan	nan	nan
20191212	nan	nan	nan
20191213	nan	nan	nan
20191214	nan	nan	nan
20191215	nan	nan	nan
20191216	nan	nan	nan
20191217	nan	nan	nan
20191218	nan	nan	nan
20191219	nan	nan	nan
20191220	nan	nan	nan
20191221	nan	nan	nan
20191222	nan	nan	nan
20191223	nan	nan	nan
20191224	nan	nan	nan
20191225	nan	nan	nan
20191226	nan	nan	nan
20191227	nan	nan	nan
20191228	nan	nan	nan
20191229	nan	nan	nan
20191230	nan	nan	nan
20191231	nan	nan	nan
20200101	nan	nan	nan
20200102	nan	nan	nan
20200103	nan	nan	nan
20200104	nan	nan	nan
20200105	nan	nan	nan
20200106	nan	nan	nan
20200107	nan	nan	nan
20200108	nan	nan	nan
20200109	nan	nan	nan
20200110	nan	nan	nan
20200111	nan	nan	nan
20200112	nan	nan	nan
20200113	nan	nan	nan
20200114	nan	nan	nan
20200115	nan	nan	nan
20200116	nan	nan	nan
20200117	nan	nan	nan
20200118	nan	nan	nan
20200119	nan	nan	nan
20200120	nan	nan	nan
20200121	nan	nan	nan
20200122	nan	nan	nan
20200123	nan	nan	nan
20200124	nan	nan	nan
20200125	nan	nan	nan
20200126	nan	nan	nan
20200127	nan	nan	nan
20200128	nan	nan	nan
20200129	nan	nan	nan
20200130	nan	nan	nan
20200131	nan	nan	nan
20200201	nan	nan	nan
20200202	nan	nan	nan
20200203	nan	nan	nan
20200204	nan	nan	nan
20200205	nan	nan	nan
20200206	nan	nan	nan
20200207	nan	nan	nan
20200208	nan	nan	nan
20200209	nan	nan	nan
20200210	nan	nan	nan
20200211	nan	nan	nan
20200212	nan	nan	nan
20200213	nan	nan	nan
20200214	nan	nan	nan
20200215	nan	nan	nan
20200216	nan	nan	nan
20200217	nan	nan	nan
20200218	0.08911	98.65	1.263
20200219	0.05944	97.64	2.3
20200220	0.07207	97.62	2.305
20200221	0.02282	98.29	1.689
20200222	0.04426	98.57	1.382
20200223	0.03296	97.66	2.309
20200224	0.03728	98.09	1.872
20200225	0.0558	97.14	2.809
20200226	nan	nan	nan
20200227	nan	nan	nan
20200228	nan	nan	nan
20200229	nan	nan	nan
20200301	nan	nan	nan
20200302	nan	nan	nan
20200303	nan	nan	nan
20200304	nan	nan	nan
20200305	nan	nan	nan
20200306	nan	nan	nan
20200307	nan	nan	nan
20200308	nan	nan	nan
20200309	nan	nan	nan
20200310	nan	nan	nan
20200311	nan	nan	nan
20200312	nan	nan	nan
20200313	nan	nan	nan
20200314	nan	nan	nan
20200315	nan	nan	nan
20200316	nan	nan	nan
20200317	nan	nan	nan
20200318	nan	nan	nan
20200319	nan	nan	nan
20200320	nan	nan	nan
20200321	nan	nan	nan
20200322	nan	nan	nan
20200323	nan	nan	nan
20200324	nan	nan	nan
20200325	nan	nan	nan
20200326	nan	nan	nan
20200327	nan	nan	nan
20200328	nan	nan	nan
20200329	nan	nan	nan
20200330	nan	nan	nan
20200331	nan	nan	nan
20200401	nan	nan	nan
20200402	nan	nan	nan
20200403	nan	nan	nan
20200404	nan	nan	nan
20200405	nan	nan	nan
20200406	nan	nan	nan
20200407	nan	nan	nan
20200408	nan	nan	nan
20200409	nan	nan	nan
20200410	nan	nan	nan
20200411	nan	nan	nan
20200412	nan	nan	nan
20200413	nan	nan	nan
20200414	nan	nan	nan
20200415	nan	nan	nan
20200416	nan	nan	nan
20200417	nan	nan	nan
20200418	nan	nan	nan
20200419	nan	nan	nan
20200420	nan	nan	nan
20200421	nan	nan	nan
20200422	nan	nan	nan
20200423	nan	nan	nan
20200424	20.93	79.07	0.0
20200425	22.09	77.91	0.0
20200426	22.06	77.94	0.0
20200427	22.4	77.6	0.0
20200428	11.62	88.38	0.0
20200429	9.672	90.33	0.0
20200430	10.36	89.64	0.0
20200501	nan	nan	nan
20200502	nan	nan	nan
20200503	nan	nan	nan
20200504	45.25	54.75	0.0
20200505	nan	nan	nan
20200506	nan	nan	nan
20200507	nan	nan	nan
20200508	nan	nan	nan
20200509	nan	nan	nan
20200510	nan	nan	nan
20200511	nan	nan	nan
20200512	nan	nan	nan
20200513	8.073	91.93	0.0
20200514	7.107	92.89	0.0
20200515	7.262	92.74	0.0
20200516	11.29	88.71	0.0
20200517	11.44	88.56	0.0
20200518	5.9	94.1	0.0
20200519	8.719	91.28	0.0
20200520	8.511	91.49	0.0
20200521	70.99	29.01	0.0
20200522	62.9	37.1	0.0
20200523	85.91	14.09	0.0
20200524	91.3	8.696	0.0
20200525	84.82	15.18	0.0
20200526	85.46	14.54	0.0
20200527	85.07	14.83	0.1012
20200528	86.92	13.02	0.06669
20200529	87.56	12.37	0.07009
20200530	82.89	17.05	0.0537
20200531	84.44	15.43	0.1279
20200601	75.95	23.77	0.2842
20200602	79.48	20.29	0.2276
20200603	72.8	26.48	0.7129
20200604	75.97	23.38	0.6523
20200605	73.87	24.97	1.16
20200606	74.53	24.3	1.165
20200607	70.87	25.72	3.418
20200608	67.4	24.92	7.675
20200609	68.3	23.98	7.724
20200610	64.14	26.15	9.704
20200611	63.51	24.94	11.56
20200612	63.88	21.54	14.58
20200613	54.08	20.37	25.56
20200614	56.63	18.47	24.9
20200615	57.15	17.63	25.23
20200616	51.15	20.93	27.92
20200617	52.12	14.42	33.46
20200618	47.55	18.29	34.16
20200619	45.67	17.38	36.96
20200620	38.12	21.1	40.78
20200621	38.37	16.22	45.42
20200622	39.71	13.24	47.05
20200623	37.53	14.4	48.06
20200624	40.36	12.92	46.72
20200625	39.84	12.58	47.58
20200626	41.78	10.08	48.14
20200627	32.99	12.54	54.48
20200628	33.97	9.663	56.37
20200629	35.54	7.29	57.17
20200630	37.48	6.165	56.35
20200701	37.43	4.935	57.63
20200702	40.59	4.324	55.09
20200703	36.7	3.636	59.66
20200704	nan	nan	nan
20200705	nan	nan	nan
20200706	nan	nan	nan
20200707	nan	nan	nan
20200708	nan	nan	nan
20200709	nan	nan	nan
20200710	nan	nan	nan
20200711	nan	nan	nan
20200712	nan	nan	nan
20200713	nan	nan	nan
20200714	nan	nan	nan
20200715	nan	nan	nan
20200716	nan	nan	nan
20200717	nan	nan	nan
20200718	nan	nan	nan
20200719	nan	nan	nan
20200720	nan	nan	nan
20200721	nan	nan	nan
20200722	nan	nan	nan
20200723	nan	nan	nan
20200724	nan	nan	nan
20200725	nan	nan	nan
20200726	nan	nan	nan
20200727	nan	nan	nan
20200728	nan	nan	nan
20200729	nan	nan	nan
20200730	nan	nan	nan
20200731	2.447	0.007133	97.55
20200801	5.811	0.4069	93.78
20200802	5.024	0.2693	94.71
20200803	4.833	0.2122	94.95
20200804	6.288	0.4007	93.31
20200805	10.05	0.3884	89.57
20200806	3.63	0.4287	95.94
20200807	4.633	0.4566	94.91
20200808	4.322	0.3363	95.34
20200809	8.717	0.3477	90.94
20200810	9.461	0.3111	90.23
20200811	11.46	0.4847	88.06
20200812	10.88	0.3989	88.72
20200813	11.73	0.4225	87.85
20200814	11.82	1.331	86.85
20200815	11.79	1.328	86.88
20200816	17.37	0.9236	81.71
20200817	17.63	0.9937	81.38
20200818	nan	nan	nan
20200819	7.717	0.781	91.5
20200820	8.489	0.9292	90.58
20200821	7.413	0.2908	92.3
20200822	7.69	0.3282	91.98
20200823	8.897	2.584	88.52
20200824	8.685	2.589	88.73
20200825	8.377	1.894	89.73
20200826	nan	nan	nan
20200827	9.44	1.481	89.08
20200828	nan	nan	nan
20200829	nan	nan	nan
20200830	nan	nan	nan
20200831	nan	nan	nan
20200901	nan	nan	nan
20200902	nan	nan	nan
20200903	4.306	0.4967	95.2
20200904	6.299	0.393	93.31
20200905	5.726	0.3617	93.91
20200906	8.959	0.3603	90.68
20200907	7.224	0.3246	92.45
20200908	6.955	0.3938	92.65
20200909	10.78	0.3399	88.88
20200910	nan	nan	nan
20200911	nan	nan	nan
20200912	nan	nan	nan
20200913	nan	nan	nan
20200914	nan	nan	nan
20200915	nan	nan	nan
20200916	nan	nan	nan
20200917	nan	nan	nan
20200918	nan	nan	nan
20200919	nan	nan	nan
20200920	nan	nan	nan
20200921	nan	nan	nan
20200922	nan	nan	nan
20200923	nan	nan	nan
20200924	26.18	19.05	54.77
20200925	26.1	18.43	55.47
20200926	30.54	17.91	51.55
20200927	12.19	32.78	55.03
20200928	27.69	20.45	51.86
20200929	24.18	18.46	57.36
20200930	27.05	17.11	55.83
20201001	16.25	9.971	73.78
20201002	14.89	6.312	78.8
20201003	15.41	4.474	80.12
20201004	nan	nan	nan
20201005	nan	nan	nan
20201006	nan	nan	nan
20201007	nan	nan	nan
20201008	nan	nan	nan
20201009	nan	nan	nan
20201010	nan	nan	nan
20201011	nan	nan	nan
20201012	nan	nan	nan
20201013	nan	nan	nan
20201014	nan	nan	nan
20201015	nan	nan	nan
20201016	nan	nan	nan
20201017	nan	nan	nan
20201018	nan	nan	nan
20201019	15.01	76.66	8.331
20201020	8.488	90.99	0.5177
20201021	6.43	92.56	1.009
20201022	16.19	82.89	0.9198
20201023	16.12	83.01	0.8729
20201024	19.85	79.28	0.873
20201025	18.0	81.03	0.9709
20201026	18.58	80.47	0.95
20201027	nan	nan	nan
20201028	nan	nan	nan
20201029	nan	nan	nan
20201030	nan	nan	nan
20201031	nan	nan	nan
20201101	nan	nan	nan
20201102	nan	nan	nan
20201103	nan	nan	nan
20201104	nan	nan	nan
20201105	nan	nan	nan
20201106	nan	nan	nan
20201107	nan	nan	nan
20201108	nan	nan	nan
20201109	nan	nan	nan
20201110	nan	nan	nan
20201111	nan	nan	nan
20201112	nan	nan	nan
20201113	nan	nan	nan
20201114	nan	nan	nan
20201115	nan	nan	nan
20201116	nan	nan	nan
20201117	nan	nan	nan
20201118	nan	nan	nan
20201119	nan	nan	nan
20201120	nan	nan	nan
20201121	nan	nan	nan
20201122	nan	nan	nan
20201123	nan	nan	nan
20201124	nan	nan	nan
20201125	nan	nan	nan
20201126	nan	nan	nan
20201127	nan	nan	nan
20201128	nan	nan	nan
20201129	nan	nan	nan
20201130	nan	nan	nan
20201201	nan	nan	nan
20201202	nan	nan	nan
20201203	nan	nan	nan
20201204	nan	nan	nan
20201205	nan	nan	nan
20201206	nan	nan	nan
20201207	nan	nan	nan
20201208	nan	nan	nan
20201209	nan	nan	nan
20201210	nan	nan	nan
20201211	nan	nan	nan
20201212	nan	nan	nan
20201213	nan	nan	nan
20201214	nan	nan	nan
20201215	nan	nan	nan
20201216	nan	nan	nan
20201217	nan	nan	nan
20201218	nan	nan	nan
20201219	nan	nan	nan
20201220	nan	nan	nan
20201221	nan	nan	nan
20201222	nan	nan	nan
20201223	nan	nan	nan
20201224	nan	nan	nan
20201225	nan	nan	nan
20201226	nan	nan	nan
20201227	nan	nan	nan
20201228	nan	nan	nan
20201229	nan	nan	nan
20201230	nan	nan	nan
20201231	nan	nan	nan
20210101	nan	nan	nan
20210102	nan	nan	nan
20210103	nan	nan	nan
20210104	nan	nan	nan
20210105	nan	nan	nan
20210106	nan	nan	nan
20210107	nan	nan	nan
20210108	nan	nan	nan
20210109	nan	nan	nan
20210110	nan	nan	nan
20210111	nan	nan	nan
20210112	nan	nan	nan
20210113	nan	nan	nan
20210114	nan	nan	nan
20210115	nan	nan	nan
20210116	nan	nan	nan
20210117	nan	nan	nan
20210118	nan	nan	nan
20210119	nan	nan	nan
20210120	nan	nan	nan
20210121	nan	nan	nan
20210122	nan	nan	nan
20210123	nan	nan	nan
20210124	nan	nan	nan
20210125	nan	nan	nan
20210126	nan	nan	nan
20210127	nan	nan	nan
20210128	nan	nan	nan
20210129	nan	nan	nan
20210130	nan	nan	nan
20210131	nan	nan	nan
20210201	nan	nan	nan
20210202	nan	nan	nan
20210203	nan	nan	nan
20210204	nan	nan	nan
20210205	nan	nan	nan
20210206	nan	nan	nan
20210207	nan	nan	nan
20210208	nan	nan	nan
20210209	nan	nan	nan
20210210	nan	nan	nan
20210211	nan	nan	nan
20210212	nan	nan	nan
20210213	nan	nan	nan
20210214	nan	nan	nan
20210215	nan	nan	nan
20210216	nan	nan	nan
20210217	nan	nan	nan
20210218	0.7471	99.11	0.1468
20210219	4.243	95.61	0.1433
20210220	4.28	95.57	0.1464
20210221	9.42	90.0	0.5801
20210222	9.903	89.5	0.5965
20210223	7.72	91.78	0.4974
20210224	7.868	91.32	0.8071
20210225	nan	nan	nan
20210226	nan	nan	nan
20210227	nan	nan	nan
20210228	nan	nan	nan
20210301	nan	nan	nan
20210302	nan	nan	nan
20210303	nan	nan	nan
20210304	nan	nan	nan
20210305	nan	nan	nan
20210306	nan	nan	nan
20210307	nan	nan	nan
20210308	nan	nan	nan
20210309	nan	nan	nan
20210310	nan	nan	nan
20210311	nan	nan	nan
20210312	nan	nan	nan
20210313	nan	nan	nan
20210314	nan	nan	nan
20210315	nan	nan	nan
20210316	nan	nan	nan
20210317	nan	nan	nan
20210318	nan	nan	nan
20210319	nan	nan	nan
20210320	nan	nan	nan
20210321	nan	nan	nan
20210322	nan	nan	nan
20210323	nan	nan	nan
20210324	nan	nan	nan
20210325	nan	nan	nan
20210326	nan	nan	nan
20210327	nan	nan	nan
20210328	nan	nan	nan
20210329	nan	nan	nan
20210330	nan	nan	nan
20210331	nan	nan	nan
20210401	nan	nan	nan
20210402	nan	nan	nan
20210403	nan	nan	nan
20210404	nan	nan	nan
20210405	nan	nan	nan
20210406	nan	nan	nan
20210407	nan	nan	nan
20210408	nan	nan	nan
20210409	nan	nan	nan
20210410	nan	nan	nan
20210411	nan	nan	nan
20210412	nan	nan	nan
20210413	nan	nan	nan
20210414	nan	nan	nan
20210415	nan	nan	nan
20210416	nan	nan	nan
20210417	nan	nan	nan
20210418	4.578	95.36	0.05859
20210419	4.578	95.36	0.05859
20210420	4.578	95.36	0.05859
20210421	4.578	95.36	0.05859
20210422	4.578	95.36	0.05859
20210423	4.575	95.36	0.06218
20210424	13.04	86.9	0.0585
20210425	13.04	86.9	0.0585
20210426	13.09	86.85	0.05871
20210427	nan	nan	nan
20210428	nan	nan	nan
20210429	nan	nan	nan
20210430	nan	nan	nan
20210501	nan	nan	nan
20210502	nan	nan	nan
20210503	nan	nan	nan
20210504	nan	nan	nan
20210505	nan	nan	nan
20210506	nan	nan	nan
20210507	nan	nan	nan
20210508	nan	nan	nan
20210509	nan	nan	nan
20210510	nan	nan	nan
20210511	72.72	27.27	0.003682
20210512	73.41	26.58	0.00372
20210513	nan	nan	nan
20210514	nan	nan	nan
20210515	nan	nan	nan
20210516	nan	nan	nan
20210517	nan	nan	nan
20210518	nan	nan	nan
20210519	80.39	19.36	0.2494
20210520	80.57	19.21	0.2271
20210521	80.74	19.03	0.2267
20210522	80.74	19.03	0.2267
20210523	80.31	19.01	0.6806
20210524	80.31	19.01	0.6806
20210525	76.5	23.09	0.4067
20210526	nan	nan	nan
20210527	nan	nan	nan
20210528	nan	nan	nan
20210529	nan	nan	nan
20210530	68.8	27.06	4.143
20210531	68.8	27.06	4.143
20210601	65.04	24.12	10.84
20210602	61.96	15.0	23.05
20210603	49.4	26.71	23.88
20210604	49.1	24.5	26.4
20210605	50.6	22.77	26.63
20210606	45.97	25.09	28.95
20210607	45.96	25.02	29.02
20210608	45.05	23.09	31.85
20210609	44.12	21.78	34.11
20210610	42.15	19.92	37.92
20210611	42.57	19.57	37.85
20210612	nan	nan	nan
20210613	nan	nan	nan
20210614	nan	nan	nan
20210615	nan	nan	nan
20210616	nan	nan	nan
20210617	nan	nan	nan
20210618	nan	nan	nan
20210619	nan	nan	nan
20210620	nan	nan	nan
20210621	nan	nan	nan
20210622	nan	nan	nan
20210623	nan	nan	nan
20210624	nan	nan	nan
20210625	nan	nan	nan
20210626	nan	nan	nan
20210627	nan	nan	nan
20210628	nan	nan	nan
20210629	nan	nan	nan
20210630	nan	nan	nan
20210701	nan	nan	nan
20210702	nan	nan	nan
20210703	10.58	1.369	88.06
20210704	6.601	1.211	92.19
20210705	7.613	0.4949	91.89
20210706	9.487	0.4033	90.11
20210707	9.575	0.6764	89.75
20210708	9.737	0.6792	89.58
20210709	11.65	0.5145	87.83
20210710	6.493	0.3293	93.18
20210711	7.556	0.2578	92.19
20210712	9.079	0.265	90.66
20210713	10.58	0.1252	89.3
20210714	2.303	0.146	97.55
20210715	7.132	0.2142	92.65
20210716	8.462	0.2061	91.33
20210717	9.558	0.528	89.91
20210718	9.966	0.574	89.46
20210719	10.29	0.6158	89.09
20210720	12.5	0.4258	87.07
20210721	nan	nan	nan
20210722	nan	nan	nan
20210723	nan	nan	nan
20210724	nan	nan	nan
20210725	nan	nan	nan
20210726	nan	nan	nan
20210727	2.74	0.3612	96.9
20210728	1.194	0.0933	98.71
20210729	1.747	0.1979	98.05
20210730	3.139	0.1741	96.69
20210731	4.543	0.1445	95.31
20210801	nan	nan	nan
20210802	nan	nan	nan
20210803	nan	nan	nan
20210804	nan	nan	nan
20210805	nan	nan	nan
20210806	8.093	0.176	91.73
20210807	1.18	0.02177	98.8
20210808	0.1806	0.00511	99.81
20210809	0.1755	0.005112	99.82
20210810	0.4484	0.005697	99.55
20210811	5.557	0.2584	94.19
20210812	5.563	0.2589	94.18
20210813	5.267	0.2779	94.46
20210814	5.224	0.3333	94.44
20210815	nan	nan	nan
20210816	nan	nan	nan
20210817	nan	nan	nan
20210818	nan	nan	nan
20210819	nan	nan	nan
20210820	nan	nan	nan
20210821	nan	nan	nan
20210822	nan	nan	nan
20210823	nan	nan	nan
20210824	nan	nan	nan
20210825	nan	nan	nan
20210826	0.7075	0.008881	99.28
20210827	0.2667	0.004023	99.73
20210828	1.442	0.1308	98.43
20210829	1.422	0.1308	98.45
20210830	1.427	0.1313	98.44
20210831	2.414	0.5637	97.02
20210901	19.63	0.8408	79.53
20210902	21.03	3.315	75.66
20210903	nan	nan	nan
20210904	nan	nan	nan
20210905	nan	nan	nan
20210906	nan	nan	nan
20210907	nan	nan	nan
20210908	nan	nan	nan
20210909	nan	nan	nan
20210910	nan	nan	nan
20210911	13.27	5.155	81.57
20210912	11.78	4.796	83.42
20210913	16.42	4.773	78.81
20210914	19.79	7.492	72.72
20210915	15.56	21.29	63.16
20210916	14.62	20.44	64.94
20210917	15.66	21.61	62.73
20210918	9.058	12.67	78.27
20210919	13.5	8.299	78.21
20210920	9.89	7.351	82.76
20210921	9.937	7.046	83.02
20210922	12.26	10.16	77.58
20210923	15.69	8.878	75.43
20210924	15.8	8.759	75.44
20210925	27.86	6.558	65.58
20210926	29.08	6.895	64.03
20210927	nan	nan	nan
20210928	nan	nan	nan
20210929	nan	nan	nan
20210930	6.895	1.325	91.78
20211001	nan	nan	nan
20211002	nan	nan	nan
20211003	nan	nan	nan
20211004	nan	nan	nan
20211005	nan	nan	nan
20211006	nan	nan	nan
20211007	nan	nan	nan
20211008	nan	nan	nan
20211009	nan	nan	nan
20211010	nan	nan	nan
20211011	nan	nan	nan
20211012	nan	nan	nan
20211013	nan	nan	nan
20211014	nan	nan	nan
20211015	nan	nan	nan
20211016	nan	nan	nan
20211017	nan	nan	nan
20211018	nan	nan	nan
20211019	9.229	90.56	0.212
20211020	9.024	90.78	0.1972
20211021	10.11	89.71	0.1751
20211022	13.71	86.11	0.1752
20211023	6.966	92.35	0.6809
20211024	7.312	92.01	0.6732
20211025	7.711	91.63	0.6613
20211026	nan	nan	nan
20211027	nan	nan	nan
20211028	5.063	92.4	2.536
20211029	12.64	82.74	4.617
20211030	nan	nan	nan
20211031	13.3	82.45	4.244
20211101	13.46	82.31	4.231
20211102	nan	nan	nan
20211103	nan	nan	nan
20211104	nan	nan	nan
20211105	nan	nan	nan
20211106	nan	nan	nan
20211107	nan	nan	nan
20211108	nan	nan	nan
20211109	nan	nan	nan
20211110	nan	nan	nan
20211111	nan	nan	nan
20211112	nan	nan	nan
20211113	nan	nan	nan
20211114	nan	nan	nan
20211115	nan	nan	nan
20211116	nan	nan	nan
20211117	nan	nan	nan
20211118	nan	nan	nan
20211119	nan	nan	nan
20211120	nan	nan	nan
20211121	nan	nan	nan
20211122	nan	nan	nan
20211123	nan	nan	nan
20211124	nan	nan	nan
20211125	nan	nan	nan
20211126	nan	nan	nan
20211127	nan	nan	nan
20211128	nan	nan	nan
20211129	nan	nan	nan
20211130	nan	nan	nan
20211201	nan	nan	nan
20211202	nan	nan	nan
20211203	nan	nan	nan
20211204	nan	nan	nan
20211205	nan	nan	nan
20211206	nan	nan	nan
20211207	nan	nan	nan
20211208	nan	nan	nan
20211209	nan	nan	nan
20211210	nan	nan	nan
20211211	nan	nan	nan
20211212	nan	nan	nan
20211213	nan	nan	nan
20211214	nan	nan	nan
20211215	nan	nan	nan
20211216	nan	nan	nan
20211217	nan	nan	nan
20211218	nan	nan	nan
20211219	nan	nan	nan
20211220	nan	nan	nan
20211221	nan	nan	nan
20211222	nan	nan	nan
20211223	nan	nan	nan
20211224	nan	nan	nan
20211225	nan	nan	nan
20211226	nan	nan	nan
20211227	nan	nan	nan
20211228	nan	nan	nan
20211229	nan	nan	nan
20211230	nan	nan	nan
20211231	nan	nan	nan
20220101	nan	nan	nan
20220102	nan	nan	nan
20220103	nan	nan	nan
20220104	nan	nan	nan
20220105	nan	nan	nan
20220106	nan	nan	nan
20220107	nan	nan	nan
20220108	nan	nan	nan
20220109	nan	nan	nan
20220110	nan	nan	nan
20220111	nan	nan	nan
20220112	nan	nan	nan
20220113	nan	nan	nan
20220114	nan	nan	nan
20220115	nan	nan	nan
20220116	nan	nan	nan
20220117	nan	nan	nan
20220118	nan	nan	nan
20220119	nan	nan	nan
20220120	nan	nan	nan
20220121	nan	nan	nan
20220122	nan	nan	nan
20220123	nan	nan	nan
20220124	nan	nan	nan
20220125	nan	nan	nan
20220126	nan	nan	nan
20220127	nan	nan	nan
20220128	nan	nan	nan
20220129	nan	nan	nan
20220130	nan	nan	nan
20220131	nan	nan	nan
20220201	nan	nan	nan
20220202	nan	nan	nan
20220203	nan	nan	nan
20220204	nan	nan	nan
20220205	nan	nan	nan
20220206	nan	nan	nan
20220207	nan	nan	nan
20220208	nan	nan	nan
20220209	nan	nan	nan
20220210	nan	nan	nan
20220211	nan	nan	nan
20220212	nan	nan	nan
20220213	nan	nan	nan
20220214	nan	nan	nan
20220215	nan	nan	nan
20220216	nan	nan	nan
20220217	nan	nan	nan
20220218	nan	nan	nan
20220219	nan	nan	nan
20220220	nan	nan	nan
20220221	nan	nan	nan
20220222	nan	nan	nan
20220223	nan	nan	nan
20220224	nan	nan	nan
20220225	nan	nan	nan
20220226	nan	nan	nan
20220227	nan	nan	nan
20220228	nan	nan	nan
20220301	nan	nan	nan
20220302	nan	nan	nan
20220303	nan	nan	nan
20220304	nan	nan	nan
20220305	nan	nan	nan
20220306	nan	nan	nan
20220307	nan	nan	nan
20220308	nan	nan	nan
20220309	nan	nan	nan
20220310	nan	nan	nan
20220311	nan	nan	nan
20220312	nan	nan	nan
20220313	nan	nan	nan
20220314	nan	nan	nan
20220315	nan	nan	nan
20220316	0.6552	99.34	0.0
20220317	0.6552	99.34	0.0
20220318	0.8253	98.86	0.3109
20220319	0.8254	98.86	0.3109
20220320	24.95	74.93	0.1221
20220321	35.74	64.1	0.1605
20220322	35.71	63.94	0.3487
20220323	37.13	62.51	0.3595
20220324	37.14	62.5	0.3595
20220325	39.52	60.13	0.3482
20220326	19.09	80.69	0.2189
20220327	nan	nan	nan
20220328	nan	nan	nan
20220329	nan	nan	nan
20220330	nan	nan	nan
20220331	nan	nan	nan
20220401	nan	nan	nan
20220402	nan	nan	nan
20220403	nan	nan	nan
20220404	nan	nan	nan
20220405	nan	nan	nan
20220406	nan	nan	nan
20220407	nan	nan	nan
20220408	nan	nan	nan
20220409	nan	nan	nan
20220410	nan	nan	nan
20220411	nan	nan	nan
20220412	nan	nan	nan
20220413	nan	nan	nan
20220414	nan	nan	nan
20220415	nan	nan	nan
20220416	nan	nan	nan
20220417	nan	nan	nan
20220418	nan	nan	nan
20220419	nan	nan	nan
20220420	nan	nan	nan
20220421	nan	nan	nan
20220422	nan	nan	nan
20220423	73.36	26.63	0.01263
20220424	73.36	26.63	0.01263
20220425	73.36	26.63	0.01263
20220426	77.33	22.67	0.0005879
20220427	77.38	22.62	0.0
20220428	72.02	27.98	0.0
20220429	72.02	27.98	0.0
20220430	nan	nan	nan
20220501	nan	nan	nan
20220502	nan	nan	nan
20220503	nan	nan	nan
20220504	nan	nan	nan
20220505	nan	nan	nan
20220506	nan	nan	nan
20220507	nan	nan	nan
20220508	nan	nan	nan
20220509	nan	nan	nan
20220510	nan	nan	nan
20220511	nan	nan	nan
20220512	nan	nan	nan
20220513	nan	nan	nan
20220514	nan	nan	nan
20220515	nan	nan	nan
20220516	nan	nan	nan
20220517	nan	nan	nan
20220518	nan	nan	nan
20220519	47.18	52.61	0.2097
20220520	44.02	55.74	0.2325
20220521	44.02	55.74	0.2325
20220522	49.27	50.29	0.438
20220523	49.16	50.2	0.6371
20220524	72.62	26.79	0.5885
20220525	55.0	43.62	1.388
20220526	55.09	43.55	1.365
20220527	67.77	30.92	1.304
20220528	67.76	30.85	1.387
20220529	72.16	26.08	1.762
20220530	69.58	21.81	8.614
20220531	60.24	30.68	9.081
20220601	nan	nan	nan
20220602	nan	nan	nan
20220603	nan	nan	nan
20220604	nan	nan	nan
20220605	63.58	17.08	19.34
20220606	nan	nan	nan
20220607	nan	nan	nan
20220608	nan	nan	nan
20220609	nan	nan	nan
20220610	nan	nan	nan
20220611	nan	nan	nan
20220612	nan	nan	nan
20220613	nan	nan	nan
20220614	nan	nan	nan
20220615	nan	nan	nan
20220616	nan	nan	nan
20220617	nan	nan	nan
20220618	nan	nan	nan
20220619	nan	nan	nan
20220620	nan	nan	nan
20220621	nan	nan	nan
20220622	nan	nan	nan
20220623	nan	nan	nan
20220624	nan	nan	nan
20220625	nan	nan	nan
20220626	nan	nan	nan
20220627	nan	nan	nan
20220628	17.23	5.365	77.41
20220629	20.06	5.089	74.85
20220630	16.55	4.668	78.78
20220701	12.42	3.037	84.54
20220702	11.35	1.449	87.2
20220703	10.23	0.8492	88.92
20220704	11.15	1.376	87.47
20220705	9.869	1.217	88.91
20220706	10.3	1.235	88.46
20220707	12.03	0.5802	87.39
20220708	12.09	0.5596	87.35
20220709	nan	nan	nan
20220710	nan	nan	nan
20220711	nan	nan	nan
20220712	5.189	0.2604	94.55
20220713	5.197	0.2592	94.54
20220714	7.307	0.3889	92.3
20220715	7.324	0.3898	92.29
20220716	8.487	0.5412	90.97
20220717	8.511	0.5427	90.95
20220718	nan	nan	nan
20220719	nan	nan	nan
20220720	nan	nan	nan
20220721	nan	nan	nan
20220722	nan	nan	nan
20220723	nan	nan	nan
20220724	nan	nan	nan
20220725	nan	nan	nan
20220726	nan	nan	nan
20220727	nan	nan	nan
20220728	nan	nan	nan
20220729	2.171	0.121	97.71
20220730	0.6829	0.05267	99.26
20220731	2.128	0.0296	97.84
20220801	1.125	0.009157	98.87
20220802	1.171	0.009166	98.82
20220803	0.7545	0.009145	99.24
20220804	1.936	0.2314	97.83
20220805	3.32	0.166	96.51
20220806	0.5045	0.07092	99.42
20220807	0.4715	0.07099	99.46
20220808	0.4831	0.07273	99.44
20220809	3.744	0.2274	96.03
20220810	3.772	0.2302	96.0
20220811	4.049	0.9174	95.03
20220812	5.729	0.7763	93.49
20220813	nan	nan	nan
20220814	nan	nan	nan
20220815	nan	nan	nan
20220816	nan	nan	nan
20220817	nan	nan	nan
20220818	nan	nan	nan
20220819	nan	nan	nan
20220820	nan	nan	nan
20220821	nan	nan	nan
20220822	nan	nan	nan
20220823	nan	nan	nan
