Date	WetSnow	DrySnow	BareGround
20140920	nan	nan	nan
20140921	nan	nan	nan
20140922	nan	nan	nan
20140923	nan	nan	nan
20140924	nan	nan	nan
20140925	nan	nan	nan
20140926	nan	nan	nan
20140927	nan	nan	nan
20140928	nan	nan	nan
20140929	nan	nan	nan
20140930	nan	nan	nan
20141001	nan	nan	nan
20141002	nan	nan	nan
20141003	nan	nan	nan
20141004	18.83	0.1465	81.02
20141005	21.41	2.069	76.52
20141006	11.08	1.093	87.83
20141007	10.21	1.091	88.7
20141008	9.103	0.8457	90.05
20141009	8.665	0.8084	90.53
20141010	6.949	0.6323	92.42
20141011	6.552	0.5708	92.88
20141012	6.03	0.5079	93.46
20141013	6.029	0.5081	93.46
20141014	6.038	0.5088	93.45
20141015	5.872	0.4853	93.64
20141016	5.658	0.4851	93.86
20141017	17.34	6.773	75.88
20141018	17.28	6.542	76.18
20141019	16.67	6.286	77.05
20141020	16.07	6.072	77.86
20141021	16.14	6.13	77.74
20141022	14.98	5.603	79.41
20141023	nan	nan	nan
20141024	nan	nan	nan
20141025	nan	nan	nan
20141026	nan	nan	nan
20141027	nan	nan	nan
20141028	nan	nan	nan
20141029	nan	nan	nan
20141030	nan	nan	nan
20141031	nan	nan	nan
20141101	nan	nan	nan
20141102	nan	nan	nan
20141103	nan	nan	nan
20141104	nan	nan	nan
20141105	nan	nan	nan
20141106	nan	nan	nan
20141107	nan	nan	nan
20141108	nan	nan	nan
20141109	nan	nan	nan
20141110	nan	nan	nan
20141111	nan	nan	nan
20141112	nan	nan	nan
20141113	nan	nan	nan
20141114	nan	nan	nan
20141115	nan	nan	nan
20141116	nan	nan	nan
20141117	nan	nan	nan
20141118	nan	nan	nan
20141119	nan	nan	nan
20141120	nan	nan	nan
20141121	nan	nan	nan
20141122	nan	nan	nan
20141123	nan	nan	nan
20141124	nan	nan	nan
20141125	nan	nan	nan
20141126	nan	nan	nan
20141127	nan	nan	nan
20141128	nan	nan	nan
20141129	nan	nan	nan
20141130	nan	nan	nan
20141201	nan	nan	nan
20141202	nan	nan	nan
20141203	nan	nan	nan
20141204	nan	nan	nan
20141205	nan	nan	nan
20141206	nan	nan	nan
20141207	nan	nan	nan
20141208	nan	nan	nan
20141209	nan	nan	nan
20141210	nan	nan	nan
20141211	nan	nan	nan
20141212	nan	nan	nan
20141213	nan	nan	nan
20141214	nan	nan	nan
20141215	nan	nan	nan
20141216	nan	nan	nan
20141217	nan	nan	nan
20141218	nan	nan	nan
20141219	nan	nan	nan
20141220	nan	nan	nan
20141221	nan	nan	nan
20141222	nan	nan	nan
20141223	nan	nan	nan
20141224	nan	nan	nan
20141225	nan	nan	nan
20141226	nan	nan	nan
20141227	nan	nan	nan
20141228	nan	nan	nan
20141229	nan	nan	nan
20141230	nan	nan	nan
20141231	nan	nan	nan
20150101	nan	nan	nan
20150102	nan	nan	nan
20150103	nan	nan	nan
20150104	nan	nan	nan
20150105	nan	nan	nan
20150106	nan	nan	nan
20150107	nan	nan	nan
20150108	nan	nan	nan
20150109	nan	nan	nan
20150110	nan	nan	nan
20150111	nan	nan	nan
20150112	nan	nan	nan
20150113	nan	nan	nan
20150114	nan	nan	nan
20150115	nan	nan	nan
20150116	nan	nan	nan
20150117	nan	nan	nan
20150118	nan	nan	nan
20150119	nan	nan	nan
20150120	nan	nan	nan
20150121	nan	nan	nan
20150122	nan	nan	nan
20150123	nan	nan	nan
20150124	nan	nan	nan
20150125	nan	nan	nan
20150126	nan	nan	nan
20150127	nan	nan	nan
20150128	nan	nan	nan
20150129	nan	nan	nan
20150130	nan	nan	nan
20150131	nan	nan	nan
20150201	nan	nan	nan
20150202	nan	nan	nan
20150203	nan	nan	nan
20150204	nan	nan	nan
20150205	nan	nan	nan
20150206	nan	nan	nan
20150207	nan	nan	nan
20150208	nan	nan	nan
20150209	nan	nan	nan
20150210	nan	nan	nan
20150211	nan	nan	nan
20150212	nan	nan	nan
20150213	nan	nan	nan
20150214	nan	nan	nan
20150215	nan	nan	nan
20150216	nan	nan	nan
20150217	nan	nan	nan
20150218	nan	nan	nan
20150219	nan	nan	nan
20150220	nan	nan	nan
20150221	nan	nan	nan
20150222	nan	nan	nan
20150223	nan	nan	nan
20150224	nan	nan	nan
20150225	nan	nan	nan
20150226	nan	nan	nan
20150227	nan	nan	nan
20150228	nan	nan	nan
20150301	nan	nan	nan
20150302	nan	nan	nan
20150303	nan	nan	nan
20150304	nan	nan	nan
20150305	0.411	99.11	0.4776
20150306	0.4114	99.02	0.57
20150307	0.4114	99.02	0.57
20150308	0.4027	98.35	1.243
20150309	0.4029	98.35	1.247
20150310	2.305	96.51	1.182
20150311	2.31	96.34	1.353
20150312	1.737	97.11	1.157
20150313	1.747	97.13	1.122
20150314	7.772	90.94	1.288
20150315	7.621	90.04	2.341
20150316	nan	nan	nan
20150317	nan	nan	nan
20150318	nan	nan	nan
20150319	11.38	86.31	2.306
20150320	11.35	86.27	2.377
20150321	12.99	84.96	2.051
20150322	14.37	83.65	1.973
20150323	14.37	83.65	1.973
20150324	10.09	88.45	1.459
20150325	10.09	88.45	1.459
20150326	5.161	94.3	0.5398
20150327	nan	nan	nan
20150328	nan	nan	nan
20150329	nan	nan	nan
20150330	nan	nan	nan
20150331	nan	nan	nan
20150401	nan	nan	nan
20150402	nan	nan	nan
20150403	nan	nan	nan
20150404	nan	nan	nan
20150405	nan	nan	nan
20150406	nan	nan	nan
20150407	nan	nan	nan
20150408	nan	nan	nan
20150409	nan	nan	nan
20150410	nan	nan	nan
20150411	nan	nan	nan
20150412	nan	nan	nan
20150413	nan	nan	nan
20150414	nan	nan	nan
20150415	nan	nan	nan
20150416	nan	nan	nan
20150417	nan	nan	nan
20150418	nan	nan	nan
20150419	nan	nan	nan
20150420	nan	nan	nan
20150421	nan	nan	nan
20150422	nan	nan	nan
20150423	nan	nan	nan
20150424	24.8	75.12	0.08102
20150425	24.8	75.07	0.1284
20150426	15.01	84.95	0.03397
20150427	16.99	83.01	0.0
20150428	16.99	83.01	0.0
20150429	16.98	82.74	0.2805
20150430	16.98	82.64	0.3795
20150501	18.9	80.63	0.4696
20150502	18.88	80.54	0.5759
20150503	18.88	80.54	0.5759
20150504	18.15	81.25	0.5938
20150505	18.15	81.25	0.5938
20150506	52.45	46.96	0.5867
20150507	52.45	46.96	0.5867
20150508	71.0	28.43	0.5746
20150509	76.23	23.2	0.5656
20150510	76.01	21.3	2.686
20150511	76.05	21.21	2.747
20150512	76.17	21.09	2.741
20150513	70.23	26.87	2.899
20150514	70.33	26.77	2.903
20150515	70.97	26.1	2.937
20150516	60.75	34.09	5.161
20150517	60.68	33.71	5.616
20150518	52.59	40.66	6.746
20150519	52.59	40.67	6.746
20150520	55.36	37.95	6.69
20150521	60.08	33.31	6.608
20150522	60.09	33.3	6.607
20150523	59.96	32.9	7.144
20150524	59.94	32.72	7.338
20150525	59.88	32.45	7.663
20150526	59.45	30.8	9.755
20150527	59.56	30.63	9.808
20150528	59.6	30.61	9.792
20150529	61.04	27.96	10.99
20150530	60.82	27.16	12.02
20150531	nan	nan	nan
20150601	55.94	28.54	15.52
20150602	58.15	26.74	15.12
20150603	56.59	24.77	18.63
20150604	56.12	23.38	20.5
20150605	56.0	22.28	21.72
20150606	nan	nan	nan
20150607	nan	nan	nan
20150608	45.37	26.2	28.43
20150609	nan	nan	nan
20150610	nan	nan	nan
20150611	49.47	20.58	29.95
20150612	nan	nan	nan
20150613	nan	nan	nan
20150614	nan	nan	nan
20150615	nan	nan	nan
20150616	nan	nan	nan
20150617	nan	nan	nan
20150618	nan	nan	nan
20150619	nan	nan	nan
20150620	nan	nan	nan
20150621	nan	nan	nan
20150622	nan	nan	nan
20150623	nan	nan	nan
20150624	nan	nan	nan
20150625	nan	nan	nan
20150626	nan	nan	nan
20150627	nan	nan	nan
20150628	nan	nan	nan
20150629	nan	nan	nan
20150630	nan	nan	nan
20150701	nan	nan	nan
20150702	nan	nan	nan
20150703	nan	nan	nan
20150704	nan	nan	nan
20150705	nan	nan	nan
20150706	nan	nan	nan
20150707	nan	nan	nan
20150708	nan	nan	nan
20150709	nan	nan	nan
20150710	nan	nan	nan
20150711	nan	nan	nan
20150712	nan	nan	nan
20150713	nan	nan	nan
20150714	12.04	6.617	81.35
20150715	19.46	5.378	75.16
20150716	19.44	5.374	75.18
20150717	19.88	5.354	74.77
20150718	18.11	5.279	76.62
20150719	17.33	5.394	77.28
20150720	18.3	5.267	76.43
20150721	nan	nan	nan
20150722	nan	nan	nan
20150723	nan	nan	nan
20150724	nan	nan	nan
20150725	nan	nan	nan
20150726	nan	nan	nan
20150727	nan	nan	nan
20150728	nan	nan	nan
20150729	nan	nan	nan
20150730	nan	nan	nan
20150731	nan	nan	nan
20150801	nan	nan	nan
20150802	nan	nan	nan
20150803	nan	nan	nan
20150804	nan	nan	nan
20150805	nan	nan	nan
20150806	nan	nan	nan
20150807	nan	nan	nan
20150808	nan	nan	nan
20150809	nan	nan	nan
20150810	nan	nan	nan
20150811	nan	nan	nan
20150812	nan	nan	nan
20150813	nan	nan	nan
20150814	nan	nan	nan
20150815	3.104	1.171	95.72
20150816	1.132	0.776	98.09
20150817	1.613	0.6599	97.73
20150818	0.58	0.528	98.89
20150819	0.3257	0.4372	99.24
20150820	2.185	0.3865	97.43
20150821	0.3554	0.2298	99.41
20150822	0.184	0.1921	99.62
20150823	0.1826	0.192	99.63
20150824	0.5407	0.2862	99.17
20150825	1.577	0.3076	98.11
20150826	0.9673	0.1497	98.88
20150827	1.451	0.2039	98.35
20150828	1.445	0.204	98.35
20150829	2.727	0.2591	97.01
20150830	2.53	0.2592	97.21
20150831	2.281	0.2312	97.49
20150901	4.531	0.202	95.27
20150902	4.251	0.2075	95.54
20150903	4.256	0.1986	95.55
20150904	nan	nan	nan
20150905	nan	nan	nan
20150906	nan	nan	nan
20150907	nan	nan	nan
20150908	nan	nan	nan
20150909	nan	nan	nan
20150910	1.662	0.684	97.65
20150911	0.4648	0.4375	99.1
20150912	0.2522	0.3015	99.45
20150913	1.615	0.4486	97.94
20150914	0.4275	0.3198	99.25
20150915	0.394	0.267	99.34
20150916	0.279	0.2343	99.49
20150917	1.174	0.3045	98.52
20150918	2.381	1.028	96.59
20150919	2.334	1.026	96.64
20150920	2.662	1.022	96.32
20150921	1.52	0.6743	97.81
20150922	1.362	0.6023	98.04
20150923	3.174	0.6511	96.18
20150924	1.852	0.1917	97.96
20150925	nan	nan	nan
20150926	nan	nan	nan
20150927	nan	nan	nan
20150928	nan	nan	nan
20150929	nan	nan	nan
20150930	6.282	7.441	86.28
20151001	6.168	7.336	86.5
20151002	8.054	7.893	84.05
20151003	7.941	7.441	84.62
20151004	9.644	17.36	73.0
20151005	8.047	62.44	29.51
20151006	nan	nan	nan
20151007	nan	nan	nan
20151008	nan	nan	nan
20151009	nan	nan	nan
20151010	nan	nan	nan
20151011	7.69	60.87	31.44
20151012	14.55	60.62	24.83
20151013	14.54	60.26	25.2
20151014	15.15	59.96	24.89
20151015	15.1	59.34	25.56
20151016	17.79	57.46	24.76
20151017	21.53	49.75	28.72
20151018	21.17	46.76	32.06
20151019	19.69	37.48	42.84
20151020	19.94	37.24	42.82
20151021	nan	nan	nan
20151022	nan	nan	nan
20151023	nan	nan	nan
20151024	nan	nan	nan
20151025	nan	nan	nan
20151026	nan	nan	nan
20151027	nan	nan	nan
20151028	nan	nan	nan
20151029	nan	nan	nan
20151030	nan	nan	nan
20151031	nan	nan	nan
20151101	nan	nan	nan
20151102	nan	nan	nan
20151103	nan	nan	nan
20151104	nan	nan	nan
20151105	nan	nan	nan
20151106	nan	nan	nan
20151107	nan	nan	nan
20151108	nan	nan	nan
20151109	nan	nan	nan
20151110	nan	nan	nan
20151111	nan	nan	nan
20151112	nan	nan	nan
20151113	nan	nan	nan
20151114	nan	nan	nan
20151115	nan	nan	nan
20151116	nan	nan	nan
20151117	nan	nan	nan
20151118	nan	nan	nan
20151119	nan	nan	nan
20151120	nan	nan	nan
20151121	nan	nan	nan
20151122	nan	nan	nan
20151123	nan	nan	nan
20151124	nan	nan	nan
20151125	nan	nan	nan
20151126	nan	nan	nan
20151127	nan	nan	nan
20151128	nan	nan	nan
20151129	nan	nan	nan
20151130	nan	nan	nan
20151201	nan	nan	nan
20151202	nan	nan	nan
20151203	nan	nan	nan
20151204	nan	nan	nan
20151205	nan	nan	nan
20151206	nan	nan	nan
20151207	nan	nan	nan
20151208	nan	nan	nan
20151209	nan	nan	nan
20151210	nan	nan	nan
20151211	nan	nan	nan
20151212	nan	nan	nan
20151213	nan	nan	nan
20151214	nan	nan	nan
20151215	nan	nan	nan
20151216	nan	nan	nan
20151217	nan	nan	nan
20151218	nan	nan	nan
20151219	nan	nan	nan
20151220	nan	nan	nan
20151221	nan	nan	nan
20151222	nan	nan	nan
20151223	nan	nan	nan
20151224	nan	nan	nan
20151225	nan	nan	nan
20151226	nan	nan	nan
20151227	nan	nan	nan
20151228	nan	nan	nan
20151229	nan	nan	nan
20151230	nan	nan	nan
20151231	nan	nan	nan
20160101	nan	nan	nan
20160102	nan	nan	nan
20160103	nan	nan	nan
20160104	nan	nan	nan
20160105	nan	nan	nan
20160106	nan	nan	nan
20160107	nan	nan	nan
20160108	nan	nan	nan
20160109	nan	nan	nan
20160110	nan	nan	nan
20160111	nan	nan	nan
20160112	nan	nan	nan
20160113	nan	nan	nan
20160114	nan	nan	nan
20160115	nan	nan	nan
20160116	nan	nan	nan
20160117	nan	nan	nan
20160118	nan	nan	nan
20160119	nan	nan	nan
20160120	nan	nan	nan
20160121	nan	nan	nan
20160122	nan	nan	nan
20160123	nan	nan	nan
20160124	nan	nan	nan
20160125	nan	nan	nan
20160126	nan	nan	nan
20160127	nan	nan	nan
20160128	nan	nan	nan
20160129	nan	nan	nan
20160130	nan	nan	nan
20160131	nan	nan	nan
20160201	nan	nan	nan
20160202	nan	nan	nan
20160203	nan	nan	nan
20160204	nan	nan	nan
20160205	nan	nan	nan
20160206	nan	nan	nan
20160207	nan	nan	nan
20160208	nan	nan	nan
20160209	nan	nan	nan
20160210	nan	nan	nan
20160211	nan	nan	nan
20160212	nan	nan	nan
20160213	nan	nan	nan
20160214	nan	nan	nan
20160215	nan	nan	nan
20160216	nan	nan	nan
20160217	nan	nan	nan
20160218	nan	nan	nan
20160219	nan	nan	nan
20160220	nan	nan	nan
20160221	nan	nan	nan
20160222	nan	nan	nan
20160223	nan	nan	nan
20160224	nan	nan	nan
20160225	nan	nan	nan
20160226	nan	nan	nan
20160227	nan	nan	nan
20160228	0.1761	99.61	0.2135
20160229	0.1761	99.61	0.2135
20160301	0.9442	99.02	0.0335
20160302	0.9442	99.02	0.0335
20160303	0.9505	99.02	0.0335
20160304	0.9455	98.07	0.9812
20160305	0.9455	98.06	0.9924
20160306	0.9455	98.06	0.9924
20160307	0.9456	98.06	0.9925
20160308	0.9645	98.02	1.012
20160309	0.2733	98.53	1.202
20160310	0.2716	98.49	1.236
20160311	0.5532	98.42	1.025
20160312	0.553	98.42	1.03
20160313	0.553	98.42	1.03
20160314	0.553	98.42	1.03
20160315	17.58	81.5	0.913
20160316	26.35	72.92	0.732
20160317	26.39	72.87	0.7334
20160318	26.38	72.86	0.7561
20160319	26.45	72.79	0.7568
20160320	nan	nan	nan
20160321	23.23	76.75	0.01635
20160322	nan	nan	nan
20160323	nan	nan	nan
20160324	nan	nan	nan
20160325	nan	nan	nan
20160326	nan	nan	nan
20160327	nan	nan	nan
20160328	nan	nan	nan
20160329	nan	nan	nan
20160330	nan	nan	nan
20160331	nan	nan	nan
20160401	nan	nan	nan
20160402	3.598	96.11	0.2928
20160403	3.598	96.11	0.2928
20160404	1.498	98.27	0.235
20160405	1.498	98.24	0.2589
20160406	1.74	97.96	0.304
20160407	1.74	97.96	0.304
20160408	2.283	97.43	0.2891
20160409	2.586	97.12	0.2891
20160410	2.586	97.12	0.2891
20160411	2.586	97.12	0.2891
20160412	2.587	97.12	0.2892
20160413	2.639	97.08	0.28
20160414	6.195	93.56	0.2465
20160415	nan	nan	nan
20160416	nan	nan	nan
20160417	nan	nan	nan
20160418	2.035	97.7	0.26
20160419	2.002	97.45	0.55
20160420	4.003	95.43	0.566
20160421	0.4187	99.01	0.5704
20160422	0.4187	99.01	0.5704
20160423	0.4187	98.99	0.5929
20160424	0.416	98.8	0.7813
20160425	0.4135	98.31	1.273
20160426	0.5906	98.18	1.234
20160427	0.5898	98.18	1.234
20160428	46.45	50.66	2.898
20160429	46.15	50.27	3.58
20160430	62.57	32.98	4.448
20160501	62.39	31.81	5.8
20160502	56.87	36.63	6.504
20160503	54.94	38.65	6.413
20160504	54.93	38.63	6.436
20160505	54.93	38.63	6.436
20160506	54.9	38.21	6.891
20160507	54.9	38.2	6.905
20160508	59.75	33.29	6.957
20160509	59.84	33.08	7.082
20160510	60.25	32.45	7.301
20160511	60.52	32.28	7.194
20160512	60.61	32.09	7.302
20160513	nan	nan	nan
20160514	nan	nan	nan
20160515	nan	nan	nan
20160516	nan	nan	nan
20160517	nan	nan	nan
20160518	nan	nan	nan
20160519	nan	nan	nan
20160520	nan	nan	nan
20160521	nan	nan	nan
20160522	nan	nan	nan
20160523	nan	nan	nan
20160524	nan	nan	nan
20160525	nan	nan	nan
20160526	36.25	31.23	32.53
20160527	35.1	24.16	40.74
20160528	35.1	23.88	41.02
20160529	31.7	21.49	46.81
20160530	28.36	17.25	54.39
20160531	24.87	19.51	55.61
20160601	26.99	17.57	55.44
20160602	24.2	15.96	59.84
20160603	31.84	13.02	55.15
20160604	31.78	12.92	55.3
20160605	34.73	11.63	53.63
20160606	34.59	10.7	54.7
20160607	35.12	9.524	55.36
20160608	35.96	9.313	54.73
20160609	nan	nan	nan
20160610	nan	nan	nan
20160611	nan	nan	nan
20160612	nan	nan	nan
20160613	nan	nan	nan
20160614	nan	nan	nan
20160615	nan	nan	nan
20160616	nan	nan	nan
20160617	nan	nan	nan
20160618	nan	nan	nan
20160619	nan	nan	nan
20160620	nan	nan	nan
20160621	nan	nan	nan
20160622	nan	nan	nan
20160623	nan	nan	nan
20160624	nan	nan	nan
20160625	nan	nan	nan
20160626	nan	nan	nan
20160627	nan	nan	nan
20160628	nan	nan	nan
20160629	nan	nan	nan
20160630	nan	nan	nan
20160701	nan	nan	nan
20160702	nan	nan	nan
20160703	nan	nan	nan
20160704	nan	nan	nan
20160705	nan	nan	nan
20160706	nan	nan	nan
20160707	nan	nan	nan
20160708	nan	nan	nan
20160709	nan	nan	nan
20160710	nan	nan	nan
20160711	nan	nan	nan
20160712	nan	nan	nan
20160713	3.647	0.3906	95.96
20160714	5.949	0.9255	93.13
20160715	nan	nan	nan
20160716	nan	nan	nan
20160717	nan	nan	nan
20160718	nan	nan	nan
20160719	nan	nan	nan
20160720	nan	nan	nan
20160721	3.495	0.1933	96.31
20160722	0.2514	0.09812	99.65
20160723	1.017	0.2467	98.74
20160724	0.995	0.2356	98.77
20160725	1.497	0.1582	98.34
20160726	2.488	0.2248	97.29
20160727	2.488	0.2248	97.29
20160728	2.473	0.2723	97.25
20160729	2.125	0.2561	97.62
20160730	1.551	0.2679	98.18
20160731	2.687	0.2354	97.08
20160801	2.684	0.2245	97.09
20160802	4.174	0.175	95.65
20160803	nan	nan	nan
20160804	nan	nan	nan
20160805	1.58	0.5522	97.87
20160806	2.238	0.578	97.18
20160807	4.147	0.5308	95.32
20160808	4.139	0.5309	95.33
20160809	nan	nan	nan
20160810	nan	nan	nan
20160811	nan	nan	nan
20160812	nan	nan	nan
20160813	nan	nan	nan
20160814	5.242	0.146	94.61
20160815	3.19	0.1135	96.7
20160816	1.436	0.221	98.34
20160817	0.2594	0.06956	99.67
20160818	0.2381	0.1432	99.62
20160819	1.273	0.157	98.57
20160820	0.6171	0.09078	99.29
20160821	0.7946	0.1999	99.01
20160822	0.08037	0.002679	99.92
20160823	1.977	0.2005	97.82
20160824	2.148	0.2607	97.59
20160825	2.144	0.2607	97.6
20160826	4.759	0.208	95.03
20160827	4.61	0.208	95.18
20160828	8.485	0.2197	91.3
20160829	8.452	0.2197	91.33
20160830	8.481	0.3778	91.14
20160831	8.857	0.355	90.79
20160901	8.858	0.3553	90.79
20160902	8.885	0.4289	90.69
20160903	5.768	0.1828	94.05
20160904	nan	nan	nan
20160905	nan	nan	nan
20160906	nan	nan	nan
20160907	nan	nan	nan
20160908	nan	nan	nan
20160909	nan	nan	nan
20160910	nan	nan	nan
20160911	nan	nan	nan
20160912	nan	nan	nan
20160913	nan	nan	nan
20160914	nan	nan	nan
20160915	nan	nan	nan
20160916	1.11	0.2496	98.64
20160917	1.299	0.3019	98.4
20160918	1.161	0.2831	98.56
20160919	2.241	2.461	95.3
20160920	2.144	2.137	95.72
20160921	2.068	1.677	96.26
20160922	0.3382	0.2725	99.39
20160923	0.8135	0.218	98.97
20160924	2.738	0.2194	97.04
20160925	2.738	0.2194	97.04
20160926	2.372	0.2831	97.34
20160927	nan	nan	nan
20160928	nan	nan	nan
20160929	nan	nan	nan
20160930	nan	nan	nan
20161001	nan	nan	nan
20161002	13.07	3.899	83.03
20161003	nan	nan	nan
20161004	11.87	34.67	53.47
20161005	16.45	29.8	53.75
20161006	16.76	29.61	53.63
20161007	14.35	20.1	65.55
20161008	8.645	10.09	81.27
20161009	10.47	3.82	85.71
20161010	3.644	3.259	93.1
20161011	8.609	3.073	88.32
20161012	11.86	2.607	85.54
20161013	12.24	2.568	85.19
20161014	12.18	2.324	85.5
20161015	5.207	2.273	92.52
20161016	18.31	2.519	79.17
20161017	19.82	3.586	76.6
20161018	12.44	7.163	80.4
20161019	13.16	8.135	78.7
20161020	3.628	4.382	91.99
20161021	12.51	9.799	77.69
20161022	5.98	7.406	86.61
20161023	15.16	11.52	73.33
20161024	26.51	11.36	62.13
20161025	26.02	11.96	62.02
20161026	17.28	11.6	71.11
20161027	15.16	13.28	71.56
20161028	21.49	23.16	55.34
20161029	30.86	29.44	39.7
20161030	26.53	37.2	36.27
20161031	39.17	42.69	18.13
20161101	31.27	46.39	22.35
20161102	30.82	46.37	22.81
20161103	27.68	53.7	18.62
20161104	26.86	59.47	13.67
20161105	23.29	57.07	19.64
20161106	40.47	50.66	8.867
20161107	40.49	50.54	8.97
20161108	45.96	47.17	6.867
20161109	nan	nan	nan
20161110	nan	nan	nan
20161111	nan	nan	nan
20161112	nan	nan	nan
20161113	nan	nan	nan
20161114	nan	nan	nan
20161115	nan	nan	nan
20161116	nan	nan	nan
20161117	nan	nan	nan
20161118	nan	nan	nan
20161119	nan	nan	nan
20161120	nan	nan	nan
20161121	nan	nan	nan
20161122	nan	nan	nan
20161123	nan	nan	nan
20161124	nan	nan	nan
20161125	nan	nan	nan
20161126	nan	nan	nan
20161127	nan	nan	nan
20161128	nan	nan	nan
20161129	nan	nan	nan
20161130	nan	nan	nan
20161201	nan	nan	nan
20161202	nan	nan	nan
20161203	nan	nan	nan
20161204	nan	nan	nan
20161205	nan	nan	nan
20161206	nan	nan	nan
20161207	nan	nan	nan
20161208	nan	nan	nan
20161209	nan	nan	nan
20161210	nan	nan	nan
20161211	nan	nan	nan
20161212	nan	nan	nan
20161213	nan	nan	nan
20161214	nan	nan	nan
20161215	nan	nan	nan
20161216	nan	nan	nan
20161217	nan	nan	nan
20161218	nan	nan	nan
20161219	nan	nan	nan
20161220	nan	nan	nan
20161221	nan	nan	nan
20161222	nan	nan	nan
20161223	nan	nan	nan
20161224	nan	nan	nan
20161225	nan	nan	nan
20161226	nan	nan	nan
20161227	nan	nan	nan
20161228	nan	nan	nan
20161229	nan	nan	nan
20161230	nan	nan	nan
20161231	nan	nan	nan
20170101	nan	nan	nan
20170102	nan	nan	nan
20170103	nan	nan	nan
20170104	nan	nan	nan
20170105	nan	nan	nan
20170106	nan	nan	nan
20170107	nan	nan	nan
20170108	nan	nan	nan
20170109	nan	nan	nan
20170110	nan	nan	nan
20170111	nan	nan	nan
20170112	nan	nan	nan
20170113	nan	nan	nan
20170114	nan	nan	nan
20170115	nan	nan	nan
20170116	nan	nan	nan
20170117	nan	nan	nan
20170118	nan	nan	nan
20170119	nan	nan	nan
20170120	nan	nan	nan
20170121	nan	nan	nan
20170122	nan	nan	nan
20170123	nan	nan	nan
20170124	nan	nan	nan
20170125	nan	nan	nan
20170126	nan	nan	nan
20170127	nan	nan	nan
20170128	nan	nan	nan
20170129	nan	nan	nan
20170130	nan	nan	nan
20170131	nan	nan	nan
20170201	nan	nan	nan
20170202	nan	nan	nan
20170203	nan	nan	nan
20170204	nan	nan	nan
20170205	nan	nan	nan
20170206	nan	nan	nan
20170207	nan	nan	nan
20170208	2.381	97.11	0.5061
20170209	2.769	96.86	0.3745
20170210	2.767	96.82	0.4087
20170211	1.558	98.02	0.4217
20170212	7.359	92.22	0.4207
20170213	39.6	60.06	0.3378
20170214	45.53	53.97	0.5
20170215	45.54	53.97	0.4917
20170216	45.69	53.82	0.4933
20170217	44.71	54.85	0.4365
20170218	nan	nan	nan
20170219	nan	nan	nan
20170220	nan	nan	nan
20170221	nan	nan	nan
20170222	nan	nan	nan
20170223	nan	nan	nan
20170224	nan	nan	nan
20170225	nan	nan	nan
20170226	nan	nan	nan
20170227	0.3649	99.36	0.2747
20170228	0.2019	99.5	0.2971
20170301	0.07184	99.54	0.3919
20170302	0.04291	99.79	0.1716
20170303	0.02495	99.64	0.3371
20170304	0.02957	99.58	0.393
20170305	0.01047	99.75	0.2385
20170306	0.004519	99.89	0.1058
20170307	0.02398	99.88	0.09412
20170308	0.01353	99.89	0.09608
20170309	0.04107	99.87	0.08485
20170310	0.04391	99.58	0.3794
20170311	0.01503	99.64	0.3475
20170312	0.04434	99.59	0.3675
20170313	nan	nan	nan
20170314	nan	nan	nan
20170315	nan	nan	nan
20170316	nan	nan	nan
20170317	nan	nan	nan
20170318	nan	nan	nan
20170319	nan	nan	nan
20170320	nan	nan	nan
20170321	nan	nan	nan
20170322	nan	nan	nan
20170323	nan	nan	nan
20170324	nan	nan	nan
20170325	nan	nan	nan
20170326	nan	nan	nan
20170327	nan	nan	nan
20170328	nan	nan	nan
20170329	nan	nan	nan
20170330	nan	nan	nan
20170331	nan	nan	nan
20170401	nan	nan	nan
20170402	nan	nan	nan
20170403	nan	nan	nan
20170404	nan	nan	nan
20170405	nan	nan	nan
20170406	nan	nan	nan
20170407	nan	nan	nan
20170408	11.86	88.12	0.01596
20170409	nan	nan	nan
20170410	nan	nan	nan
20170411	nan	nan	nan
20170412	nan	nan	nan
20170413	nan	nan	nan
20170414	nan	nan	nan
20170415	nan	nan	nan
20170416	nan	nan	nan
20170417	nan	nan	nan
20170418	nan	nan	nan
20170419	nan	nan	nan
20170420	nan	nan	nan
20170421	nan	nan	nan
20170422	nan	nan	nan
20170423	nan	nan	nan
20170424	nan	nan	nan
20170425	nan	nan	nan
20170426	3.365	96.64	0.0
20170427	2.336	97.66	0.0
20170428	0.3315	99.67	0.0
20170429	0.5145	99.49	0.0
20170430	0.6367	99.36	0.0
20170501	0.8643	99.14	0.0
20170502	1.12	98.88	0.0
20170503	4.234	95.77	0.0
20170504	5.038	94.96	0.0
20170505	60.14	39.86	0.0
20170506	nan	nan	nan
20170507	nan	nan	nan
20170508	nan	nan	nan
20170509	nan	nan	nan
20170510	nan	nan	nan
20170511	nan	nan	nan
20170512	nan	nan	nan
20170513	nan	nan	nan
20170514	13.39	86.42	0.1971
20170515	23.81	75.84	0.3543
20170516	15.58	84.09	0.332
20170517	23.27	76.4	0.3267
20170518	35.2	64.14	0.6632
20170519	68.84	30.52	0.6373
20170520	72.98	26.42	0.5972
20170521	76.7	22.74	0.5597
20170522	nan	nan	nan
20170523	nan	nan	nan
20170524	nan	nan	nan
20170525	nan	nan	nan
20170526	nan	nan	nan
20170527	nan	nan	nan
20170528	nan	nan	nan
20170529	nan	nan	nan
20170530	nan	nan	nan
20170531	nan	nan	nan
20170601	nan	nan	nan
20170602	nan	nan	nan
20170603	41.99	53.14	4.872
20170604	52.37	42.78	4.848
20170605	52.54	42.81	4.643
20170606	66.67	28.24	5.087
20170607	55.14	37.85	7.015
20170608	55.59	33.55	10.86
20170609	56.3	28.76	14.94
20170610	52.17	26.67	21.15
20170611	49.55	27.49	22.96
20170612	42.46	32.09	25.45
20170613	46.51	25.2	28.29
20170614	nan	nan	nan
20170615	nan	nan	nan
20170616	nan	nan	nan
20170617	nan	nan	nan
20170618	nan	nan	nan
20170619	nan	nan	nan
20170620	nan	nan	nan
20170621	nan	nan	nan
20170622	nan	nan	nan
20170623	nan	nan	nan
20170624	nan	nan	nan
20170625	nan	nan	nan
20170626	nan	nan	nan
20170627	nan	nan	nan
20170628	nan	nan	nan
20170629	nan	nan	nan
20170630	nan	nan	nan
20170701	nan	nan	nan
20170702	nan	nan	nan
20170703	nan	nan	nan
20170704	nan	nan	nan
20170705	nan	nan	nan
20170706	nan	nan	nan
20170707	nan	nan	nan
20170708	nan	nan	nan
20170709	nan	nan	nan
20170710	nan	nan	nan
20170711	nan	nan	nan
20170712	nan	nan	nan
20170713	nan	nan	nan
20170714	nan	nan	nan
20170715	nan	nan	nan
20170716	nan	nan	nan
20170717	nan	nan	nan
20170718	nan	nan	nan
20170719	nan	nan	nan
20170720	nan	nan	nan
20170721	nan	nan	nan
20170722	nan	nan	nan
20170723	nan	nan	nan
20170724	nan	nan	nan
20170725	8.429	0.6008	90.97
20170726	10.18	0.433	89.39
20170727	11.21	0.2694	88.52
20170728	9.577	0.2012	90.22
20170729	6.716	0.1791	93.1
20170730	9.206	0.3085	90.49
20170731	12.14	0.2298	87.63
20170801	13.12	0.2192	86.66
20170802	13.11	0.2469	86.64
20170803	nan	nan	nan
20170804	nan	nan	nan
20170805	nan	nan	nan
20170806	nan	nan	nan
20170807	nan	nan	nan
20170808	nan	nan	nan
20170809	nan	nan	nan
20170810	nan	nan	nan
20170811	nan	nan	nan
20170812	nan	nan	nan
20170813	nan	nan	nan
20170814	nan	nan	nan
20170815	nan	nan	nan
20170816	nan	nan	nan
20170817	nan	nan	nan
20170818	nan	nan	nan
20170819	nan	nan	nan
20170820	nan	nan	nan
20170821	nan	nan	nan
20170822	nan	nan	nan
20170823	nan	nan	nan
20170824	nan	nan	nan
20170825	nan	nan	nan
20170826	nan	nan	nan
20170827	nan	nan	nan
20170828	nan	nan	nan
20170829	nan	nan	nan
20170830	nan	nan	nan
20170831	nan	nan	nan
20170901	nan	nan	nan
20170902	nan	nan	nan
20170903	nan	nan	nan
20170904	3.865	0.4179	95.72
20170905	4.842	0.26	94.9
20170906	6.097	0.2233	93.68
20170907	3.416	0.2699	96.31
20170908	5.79	0.1863	94.02
20170909	5.635	0.1862	94.18
20170910	9.029	0.2708	90.7
20170911	8.917	0.9359	90.15
20170912	10.57	4.621	84.81
20170913	10.89	4.59	84.52
20170914	nan	nan	nan
20170915	nan	nan	nan
20170916	nan	nan	nan
20170917	nan	nan	nan
20170918	nan	nan	nan
20170919	nan	nan	nan
20170920	nan	nan	nan
20170921	nan	nan	nan
20170922	nan	nan	nan
20170923	nan	nan	nan
20170924	6.445	0.3851	93.17
20170925	8.017	0.2177	91.77
20170926	5.186	0.2503	94.56
20170927	1.508	0.4236	98.07
20170928	1.521	0.6103	97.87
20170929	2.56	0.3567	97.08
20170930	3.093	0.3801	96.53
20171001	1.982	0.4126	97.61
20171002	3.503	0.3229	96.17
20171003	3.509	0.8223	95.67
20171004	9.503	0.8124	89.68
20171005	9.183	0.6728	90.14
20171006	12.01	0.6409	87.35
20171007	nan	nan	nan
20171008	nan	nan	nan
20171009	nan	nan	nan
20171010	nan	nan	nan
20171011	nan	nan	nan
20171012	nan	nan	nan
20171013	6.957	23.51	69.53
20171014	nan	nan	nan
20171015	nan	nan	nan
20171016	nan	nan	nan
20171017	15.92	49.2	34.88
20171018	23.54	45.85	30.61
20171019	27.23	47.42	25.35
20171020	14.8	79.17	6.036
20171021	19.48	75.84	4.683
20171022	9.377	86.18	4.444
20171023	33.02	65.44	1.543
20171024	31.05	67.68	1.276
20171025	25.91	72.44	1.655
20171026	28.27	69.49	2.236
20171027	28.13	69.74	2.137
20171028	31.19	66.27	2.538
20171029	22.01	74.99	3.002
20171030	19.81	78.63	1.561
20171031	9.807	88.76	1.435
20171101	13.81	84.93	1.26
20171102	12.84	84.21	2.955
20171103	13.97	83.85	2.181
20171104	23.46	72.32	4.224
20171105	20.56	75.92	3.513
20171106	11.73	85.7	2.576
20171107	nan	nan	nan
20171108	nan	nan	nan
20171109	nan	nan	nan
20171110	nan	nan	nan
20171111	nan	nan	nan
20171112	nan	nan	nan
20171113	nan	nan	nan
20171114	nan	nan	nan
20171115	nan	nan	nan
20171116	nan	nan	nan
20171117	nan	nan	nan
20171118	nan	nan	nan
20171119	nan	nan	nan
20171120	nan	nan	nan
20171121	nan	nan	nan
20171122	nan	nan	nan
20171123	nan	nan	nan
20171124	nan	nan	nan
20171125	nan	nan	nan
20171126	nan	nan	nan
20171127	nan	nan	nan
20171128	nan	nan	nan
20171129	nan	nan	nan
20171130	nan	nan	nan
20171201	nan	nan	nan
20171202	nan	nan	nan
20171203	nan	nan	nan
20171204	nan	nan	nan
20171205	nan	nan	nan
20171206	nan	nan	nan
20171207	nan	nan	nan
20171208	nan	nan	nan
20171209	nan	nan	nan
20171210	nan	nan	nan
20171211	nan	nan	nan
20171212	nan	nan	nan
20171213	nan	nan	nan
20171214	nan	nan	nan
20171215	nan	nan	nan
20171216	nan	nan	nan
20171217	nan	nan	nan
20171218	nan	nan	nan
20171219	nan	nan	nan
20171220	nan	nan	nan
20171221	nan	nan	nan
20171222	nan	nan	nan
20171223	nan	nan	nan
20171224	nan	nan	nan
20171225	nan	nan	nan
20171226	nan	nan	nan
20171227	nan	nan	nan
20171228	nan	nan	nan
20171229	nan	nan	nan
20171230	nan	nan	nan
20171231	nan	nan	nan
20180101	nan	nan	nan
20180102	nan	nan	nan
20180103	nan	nan	nan
20180104	nan	nan	nan
20180105	nan	nan	nan
20180106	nan	nan	nan
20180107	nan	nan	nan
20180108	nan	nan	nan
20180109	nan	nan	nan
20180110	nan	nan	nan
20180111	nan	nan	nan
20180112	nan	nan	nan
20180113	nan	nan	nan
20180114	nan	nan	nan
20180115	nan	nan	nan
20180116	nan	nan	nan
20180117	nan	nan	nan
20180118	nan	nan	nan
20180119	nan	nan	nan
20180120	nan	nan	nan
20180121	nan	nan	nan
20180122	nan	nan	nan
20180123	nan	nan	nan
20180124	nan	nan	nan
20180125	nan	nan	nan
20180126	nan	nan	nan
20180127	nan	nan	nan
20180128	nan	nan	nan
20180129	nan	nan	nan
20180130	nan	nan	nan
20180131	nan	nan	nan
20180201	nan	nan	nan
20180202	nan	nan	nan
20180203	nan	nan	nan
20180204	nan	nan	nan
20180205	nan	nan	nan
20180206	nan	nan	nan
20180207	nan	nan	nan
20180208	nan	nan	nan
20180209	nan	nan	nan
20180210	nan	nan	nan
20180211	1.021	97.41	1.573
20180212	1.01	96.72	2.272
20180213	3.523	94.81	1.664
20180214	0.8594	95.41	3.728
20180215	3.18	93.33	3.49
20180216	7.291	92.16	0.5485
20180217	2.521	97.23	0.2532
20180218	4.628	95.22	0.1525
20180219	3.259	94.98	1.765
20180220	10.78	88.99	0.2261
20180221	5.08	94.81	0.1135
20180222	1.104	98.81	0.08618
20180223	5.308	94.57	0.124
20180224	3.732	96.12	0.1466
20180225	11.07	88.8	0.1301
20180226	5.191	94.32	0.4913
20180227	7.649	92.12	0.2339
20180228	10.11	89.66	0.2237
20180301	nan	nan	nan
20180302	nan	nan	nan
20180303	nan	nan	nan
20180304	nan	nan	nan
20180305	nan	nan	nan
20180306	nan	nan	nan
20180307	nan	nan	nan
20180308	nan	nan	nan
20180309	nan	nan	nan
20180310	nan	nan	nan
20180311	nan	nan	nan
20180312	8.245	91.73	0.02771
20180313	nan	nan	nan
20180314	nan	nan	nan
20180315	2.839	97.15	0.007747
20180316	11.35	88.65	0.001341
20180317	12.23	87.77	0.0
20180318	11.0	88.96	0.04472
20180319	10.24	89.72	0.0447
20180320	8.902	91.05	0.0447
20180321	7.968	91.86	0.1676
20180322	7.125	92.71	0.1685
20180323	4.013	95.99	0.0
20180324	8.64	91.36	0.0
20180325	8.7	91.3	0.0
20180326	9.116	90.88	0.0
20180327	7.845	92.02	0.1332
20180328	8.651	91.18	0.1694
20180329	7.774	91.95	0.2715
20180330	nan	nan	nan
20180331	nan	nan	nan
20180401	nan	nan	nan
20180402	nan	nan	nan
20180403	0.5381	99.46	0.0
20180404	1.234	98.77	0.0
20180405	2.99	96.98	0.03447
20180406	3.052	96.91	0.03447
20180407	3.07	96.87	0.05739
20180408	0.6618	99.29	0.04508
20180409	1.273	98.64	0.08655
20180410	nan	nan	nan
20180411	nan	nan	nan
20180412	nan	nan	nan
20180413	nan	nan	nan
20180414	10.23	89.77	0.0
20180415	10.98	89.02	0.0
20180416	26.84	73.16	0.0
20180417	19.71	80.29	0.0
20180418	8.547	91.41	0.04462
20180419	17.05	82.9	0.04462
20180420	56.09	43.87	0.03614
20180421	70.09	29.88	0.02722
20180422	72.97	27.01	0.02097
20180423	64.14	35.69	0.1687
20180424	67.26	32.57	0.1673
20180425	nan	nan	nan
20180426	nan	nan	nan
20180427	nan	nan	nan
20180428	nan	nan	nan
20180429	nan	nan	nan
20180430	nan	nan	nan
20180501	nan	nan	nan
20180502	nan	nan	nan
20180503	nan	nan	nan
20180504	nan	nan	nan
20180505	nan	nan	nan
20180506	68.57	26.07	5.363
20180507	68.8	25.84	5.363
20180508	57.64	35.76	6.602
20180509	49.16	43.26	7.584
20180510	52.91	35.87	11.22
20180511	52.76	34.73	12.51
20180512	50.74	35.43	13.83
20180513	49.27	35.87	14.85
20180514	33.98	46.33	19.69
20180515	37.08	40.82	22.1
20180516	38.27	32.53	29.2
20180517	29.72	34.42	35.86
20180518	nan	nan	nan
20180519	nan	nan	nan
20180520	nan	nan	nan
20180521	nan	nan	nan
20180522	nan	nan	nan
20180523	nan	nan	nan
20180524	nan	nan	nan
20180525	nan	nan	nan
20180526	nan	nan	nan
20180527	nan	nan	nan
20180528	nan	nan	nan
20180529	nan	nan	nan
20180530	nan	nan	nan
20180531	nan	nan	nan
20180601	nan	nan	nan
20180602	nan	nan	nan
20180603	nan	nan	nan
20180604	nan	nan	nan
20180605	nan	nan	nan
20180606	nan	nan	nan
20180607	nan	nan	nan
20180608	nan	nan	nan
20180609	nan	nan	nan
20180610	nan	nan	nan
20180611	nan	nan	nan
20180612	nan	nan	nan
20180613	nan	nan	nan
20180614	nan	nan	nan
20180615	nan	nan	nan
20180616	nan	nan	nan
20180617	nan	nan	nan
20180618	nan	nan	nan
20180619	nan	nan	nan
20180620	nan	nan	nan
20180621	nan	nan	nan
20180622	nan	nan	nan
20180623	nan	nan	nan
20180624	nan	nan	nan
20180625	nan	nan	nan
20180626	nan	nan	nan
20180627	nan	nan	nan
20180628	nan	nan	nan
20180629	nan	nan	nan
20180630	nan	nan	nan
20180701	nan	nan	nan
20180702	7.846	1.489	90.67
20180703	9.122	1.27	89.61
20180704	9.897	1.182	88.92
20180705	10.45	0.8816	88.67
20180706	10.34	0.9511	88.71
20180707	10.35	0.9557	88.69
20180708	8.328	0.6204	91.05
20180709	nan	nan	nan
20180710	7.138	0.366	92.5
20180711	3.823	0.3097	95.87
20180712	2.851	0.3162	96.83
20180713	2.084	0.2391	97.68
20180714	3.086	0.1414	96.77
20180715	4.161	0.2329	95.61
20180716	2.999	0.2532	96.75
20180717	2.362	0.171	97.47
20180718	1.24	0.1324	98.63
20180719	2.797	0.2079	96.99
20180720	2.349	0.1659	97.48
20180721	2.806	0.341	96.85
20180722	4.36	0.1965	95.44
20180723	4.591	0.2178	95.19
20180724	4.69	0.1953	95.11
20180725	4.778	0.256	94.97
20180726	3.711	0.1954	96.09
20180727	3.2	0.1926	96.61
20180728	0.7933	0.2049	99.0
20180729	1.235	0.1871	98.58
20180730	1.188	0.1726	98.64
20180731	0.7981	0.2123	98.99
20180801	0.4488	0.04966	99.5
20180802	1.663	0.06855	98.27
20180803	3.682	0.1507	96.17
20180804	3.298	0.1478	96.55
20180805	3.295	0.1417	96.56
20180806	3.412	0.2119	96.38
20180807	nan	nan	nan
20180808	nan	nan	nan
20180809	nan	nan	nan
20180810	nan	nan	nan
20180811	nan	nan	nan
20180812	nan	nan	nan
20180813	nan	nan	nan
20180814	nan	nan	nan
20180815	nan	nan	nan
20180816	nan	nan	nan
20180817	nan	nan	nan
20180818	nan	nan	nan
20180819	nan	nan	nan
20180820	nan	nan	nan
20180821	nan	nan	nan
20180822	5.549	0.9231	93.53
20180823	4.738	0.9732	94.29
20180824	5.831	1.036	93.13
20180825	nan	nan	nan
20180826	4.818	0.8234	94.36
20180827	6.308	0.7743	92.92
20180828	2.136	0.4172	97.45
20180829	2.271	0.3183	97.41
20180830	4.087	0.3441	95.57
20180831	4.583	0.2414	95.18
20180901	5.443	0.2181	94.34
20180902	5.748	0.2592	93.99
20180903	5.944	5.018	89.04
20180904	4.208	4.624	91.17
20180905	3.029	0.2338	96.74
20180906	1.05	0.07242	98.88
20180907	2.351	0.2774	97.37
20180908	3.967	0.1652	95.87
20180909	1.626	0.2142	98.16
20180910	0.641	0.07571	99.28
20180911	1.774	1.474	96.75
20180912	4.706	1.046	94.25
20180913	6.571	0.9581	92.47
20180914	6.689	2.064	91.25
20180915	8.118	1.925	89.96
20180916	nan	nan	nan
20180917	nan	nan	nan
20180918	nan	nan	nan
20180919	nan	nan	nan
20180920	nan	nan	nan
20180921	nan	nan	nan
20180922	4.606	3.311	92.08
20180923	8.046	3.299	88.65
20180924	nan	nan	nan
20180925	nan	nan	nan
20180926	nan	nan	nan
20180927	nan	nan	nan
20180928	nan	nan	nan
20180929	nan	nan	nan
20180930	nan	nan	nan
20181001	nan	nan	nan
20181002	nan	nan	nan
20181003	nan	nan	nan
20181004	nan	nan	nan
20181005	nan	nan	nan
20181006	nan	nan	nan
20181007	nan	nan	nan
20181008	nan	nan	nan
20181009	nan	nan	nan
20181010	nan	nan	nan
20181011	nan	nan	nan
20181012	nan	nan	nan
20181013	nan	nan	nan
20181014	nan	nan	nan
20181015	nan	nan	nan
20181016	nan	nan	nan
20181017	nan	nan	nan
20181018	nan	nan	nan
20181019	nan	nan	nan
20181020	nan	nan	nan
20181021	24.58	49.26	26.16
20181022	nan	nan	nan
20181023	27.81	44.2	27.98
20181024	10.45	69.03	20.52
20181025	36.75	51.64	11.61
20181026	45.89	46.45	7.663
20181027	32.35	61.77	5.882
20181028	37.21	56.0	6.786
20181029	23.34	70.75	5.916
20181030	47.39	50.19	2.42
20181031	51.15	47.22	1.623
20181101	36.63	60.42	2.959
20181102	42.35	54.89	2.754
20181103	36.94	58.43	4.634
20181104	55.67	40.34	3.992
20181105	46.31	48.74	4.948
20181106	40.0	54.75	5.248
20181107	nan	nan	nan
20181108	nan	nan	nan
20181109	nan	nan	nan
20181110	nan	nan	nan
20181111	nan	nan	nan
20181112	nan	nan	nan
20181113	nan	nan	nan
20181114	nan	nan	nan
20181115	nan	nan	nan
20181116	nan	nan	nan
20181117	nan	nan	nan
20181118	nan	nan	nan
20181119	nan	nan	nan
20181120	nan	nan	nan
20181121	nan	nan	nan
20181122	nan	nan	nan
20181123	nan	nan	nan
20181124	nan	nan	nan
20181125	nan	nan	nan
20181126	nan	nan	nan
20181127	nan	nan	nan
20181128	nan	nan	nan
20181129	nan	nan	nan
20181130	nan	nan	nan
20181201	nan	nan	nan
20181202	nan	nan	nan
20181203	nan	nan	nan
20181204	nan	nan	nan
20181205	nan	nan	nan
20181206	nan	nan	nan
20181207	nan	nan	nan
20181208	nan	nan	nan
20181209	nan	nan	nan
20181210	nan	nan	nan
20181211	nan	nan	nan
20181212	nan	nan	nan
20181213	nan	nan	nan
20181214	nan	nan	nan
20181215	nan	nan	nan
20181216	nan	nan	nan
20181217	nan	nan	nan
20181218	nan	nan	nan
20181219	nan	nan	nan
20181220	nan	nan	nan
20181221	nan	nan	nan
20181222	nan	nan	nan
20181223	nan	nan	nan
20181224	nan	nan	nan
20181225	nan	nan	nan
20181226	nan	nan	nan
20181227	nan	nan	nan
20181228	nan	nan	nan
20181229	nan	nan	nan
20181230	nan	nan	nan
20181231	nan	nan	nan
20190101	nan	nan	nan
20190102	nan	nan	nan
20190103	nan	nan	nan
20190104	nan	nan	nan
20190105	nan	nan	nan
20190106	nan	nan	nan
20190107	nan	nan	nan
20190108	nan	nan	nan
20190109	nan	nan	nan
20190110	nan	nan	nan
20190111	nan	nan	nan
20190112	nan	nan	nan
20190113	nan	nan	nan
20190114	nan	nan	nan
20190115	nan	nan	nan
20190116	nan	nan	nan
20190117	nan	nan	nan
20190118	nan	nan	nan
20190119	nan	nan	nan
20190120	nan	nan	nan
20190121	nan	nan	nan
20190122	nan	nan	nan
20190123	nan	nan	nan
20190124	nan	nan	nan
20190125	nan	nan	nan
20190126	nan	nan	nan
20190127	nan	nan	nan
20190128	nan	nan	nan
20190129	nan	nan	nan
20190130	nan	nan	nan
20190131	nan	nan	nan
20190201	nan	nan	nan
20190202	nan	nan	nan
20190203	nan	nan	nan
20190204	nan	nan	nan
20190205	nan	nan	nan
20190206	nan	nan	nan
20190207	nan	nan	nan
20190208	nan	nan	nan
20190209	11.15	88.34	0.5129
20190210	18.52	81.05	0.4321
20190211	22.7	76.92	0.3748
20190212	15.79	82.58	1.632
20190213	14.19	84.38	1.435
20190214	11.75	85.79	2.454
20190215	15.78	82.33	1.89
20190216	nan	nan	nan
20190217	nan	nan	nan
20190218	nan	nan	nan
20190219	nan	nan	nan
20190220	nan	nan	nan
20190221	nan	nan	nan
20190222	nan	nan	nan
20190223	nan	nan	nan
20190224	nan	nan	nan
20190225	63.62	35.66	0.7274
20190226	66.49	32.88	0.6284
20190227	nan	nan	nan
20190228	nan	nan	nan
20190301	68.65	30.96	0.3986
20190302	nan	nan	nan
20190303	nan	nan	nan
20190304	nan	nan	nan
20190305	nan	nan	nan
20190306	nan	nan	nan
20190307	nan	nan	nan
20190308	nan	nan	nan
20190309	nan	nan	nan
20190310	nan	nan	nan
20190311	nan	nan	nan
20190312	nan	nan	nan
20190313	nan	nan	nan
20190314	nan	nan	nan
20190315	nan	nan	nan
20190316	nan	nan	nan
20190317	nan	nan	nan
20190318	nan	nan	nan
20190319	nan	nan	nan
20190320	nan	nan	nan
20190321	nan	nan	nan
20190322	nan	nan	nan
20190323	nan	nan	nan
20190324	nan	nan	nan
20190325	nan	nan	nan
20190326	nan	nan	nan
20190327	nan	nan	nan
20190328	nan	nan	nan
20190329	nan	nan	nan
20190330	nan	nan	nan
20190331	nan	nan	nan
20190401	nan	nan	nan
20190402	nan	nan	nan
20190403	nan	nan	nan
20190404	nan	nan	nan
20190405	nan	nan	nan
20190406	4.017	95.98	0.0
20190407	4.363	95.64	0.0
20190408	3.295	96.66	0.04472
20190409	1.103	98.9	0.0
20190410	0.4048	99.6	0.0
20190411	0.7766	99.22	0.0
20190412	0.8336	99.17	0.0
20190413	0.9104	99.09	0.0
20190414	4.689	95.31	0.0
20190415	12.58	87.42	0.0
20190416	9.332	90.67	0.0
20190417	nan	nan	nan
20190418	nan	nan	nan
20190419	nan	nan	nan
20190420	nan	nan	nan
20190421	73.24	26.75	0.01178
20190422	61.68	38.32	0.0004487
20190423	70.11	29.68	0.2048
20190424	74.88	24.93	0.1923
20190425	57.98	41.51	0.5082
20190426	15.72	0.0	84.28
20190427	57.14	17.34	25.52
20190428	59.56	36.38	4.056
20190429	64.47	31.98	3.551
20190430	64.6	31.69	3.712
20190501	71.07	25.63	3.298
20190502	70.77	25.94	3.295
20190503	73.97	24.23	1.808
20190504	69.95	28.82	1.228
20190505	nan	nan	nan
20190506	nan	nan	nan
20190507	nan	nan	nan
20190508	nan	nan	nan
20190509	58.92	39.83	1.249
20190510	68.38	30.37	1.244
20190511	64.01	32.38	3.608
20190512	65.05	31.42	3.526
20190513	nan	nan	nan
20190514	nan	nan	nan
20190515	nan	nan	nan
20190516	nan	nan	nan
20190517	nan	nan	nan
20190518	nan	nan	nan
20190519	nan	nan	nan
20190520	nan	nan	nan
20190521	nan	nan	nan
20190522	nan	nan	nan
20190523	nan	nan	nan
20190524	nan	nan	nan
20190525	nan	nan	nan
20190526	nan	nan	nan
20190527	nan	nan	nan
20190528	nan	nan	nan
20190529	nan	nan	nan
20190530	nan	nan	nan
20190531	nan	nan	nan
20190601	nan	nan	nan
20190602	nan	nan	nan
20190603	nan	nan	nan
20190604	nan	nan	nan
20190605	nan	nan	nan
20190606	nan	nan	nan
20190607	nan	nan	nan
20190608	nan	nan	nan
20190609	nan	nan	nan
20190610	nan	nan	nan
20190611	nan	nan	nan
20190612	nan	nan	nan
20190613	5.58	0.0	94.42
20190614	19.82	2.78	77.4
20190615	22.93	2.106	74.96
20190616	26.22	1.362	72.42
20190617	25.09	2.29	72.62
20190618	26.58	1.698	71.72
20190619	26.56	1.697	71.74
20190620	nan	nan	nan
20190621	nan	nan	nan
20190622	nan	nan	nan
20190623	nan	nan	nan
20190624	nan	nan	nan
20190625	nan	nan	nan
20190626	nan	nan	nan
20190627	nan	nan	nan
20190628	nan	nan	nan
20190629	nan	nan	nan
20190630	nan	nan	nan
20190701	nan	nan	nan
20190702	nan	nan	nan
20190703	nan	nan	nan
20190704	nan	nan	nan
20190705	nan	nan	nan
20190706	nan	nan	nan
20190707	nan	nan	nan
20190708	nan	nan	nan
20190709	14.83	2.114	83.05
20190710	17.22	1.601	81.18
20190711	16.24	1.535	82.22
20190712	14.55	1.189	84.26
20190713	9.424	1.2	89.38
20190714	11.78	1.102	87.12
20190715	12.14	0.4213	87.44
20190716	nan	nan	nan
20190717	nan	nan	nan
20190718	14.93	0.976	84.09
20190719	10.08	0.5227	89.4
20190720	nan	nan	nan
20190721	nan	nan	nan
20190722	10.87	0.5039	88.62
20190723	10.18	0.7041	89.12
20190724	10.06	0.705	89.23
20190725	nan	nan	nan
20190726	2.644	0.2235	97.13
20190727	0.2436	0.01932	99.74
20190728	0.1479	0.004931	99.85
20190729	0.09671	0.004925	99.9
20190730	0.06359	0.0	99.94
20190731	0.06351	0.0	99.94
20190801	1.494	0.3724	98.13
20190802	2.896	0.1684	96.94
20190803	4.374	0.3482	95.28
20190804	3.642	0.3306	96.03
20190805	4.768	0.2173	95.01
20190806	2.364	0.2053	97.43
20190807	4.107	0.237	95.66
20190808	3.935	0.2258	95.84
20190809	4.754	0.2798	94.97
20190810	8.718	0.1	91.18
20190811	8.83	0.1236	91.05
20190812	nan	nan	nan
20190813	nan	nan	nan
20190814	nan	nan	nan
20190815	nan	nan	nan
20190816	nan	nan	nan
20190817	nan	nan	nan
20190818	nan	nan	nan
20190819	nan	nan	nan
20190820	nan	nan	nan
20190821	nan	nan	nan
20190822	nan	nan	nan
20190823	6.946	1.189	91.86
20190824	nan	nan	nan
20190825	nan	nan	nan
20190826	nan	nan	nan
20190827	nan	nan	nan
20190828	2.763	0.3307	96.91
20190829	4.126	0.2826	95.59
20190830	nan	nan	nan
20190831	nan	nan	nan
20190901	1.767	0.19	98.04
20190902	4.481	0.3237	95.2
20190903	7.685	0.2219	92.09
20190904	6.309	2.851	90.84
20190905	6.749	2.82	90.43
20190906	8.568	2.744	88.69
20190907	8.565	2.465	88.97
20190908	nan	nan	nan
20190909	nan	nan	nan
20190910	nan	nan	nan
20190911	nan	nan	nan
20190912	nan	nan	nan
20190913	7.357	2.603	90.04
20190914	nan	nan	nan
20190915	nan	nan	nan
20190916	nan	nan	nan
20190917	nan	nan	nan
20190918	nan	nan	nan
20190919	15.04	26.19	58.78
20190920	nan	nan	nan
20190921	nan	nan	nan
20190922	15.29	43.25	41.46
20190923	nan	nan	nan
20190924	nan	nan	nan
20190925	nan	nan	nan
20190926	15.37	31.31	53.32
20190927	17.32	18.71	63.96
20190928	11.46	12.57	75.97
20190929	12.15	12.34	75.51
20190930	12.97	12.39	74.65
20191001	19.28	15.9	64.82
20191002	19.78	25.0	55.23
20191003	19.84	24.42	55.73
20191004	17.5	40.11	42.39
20191005	nan	nan	nan
20191006	nan	nan	nan
20191007	nan	nan	nan
20191008	nan	nan	nan
20191009	nan	nan	nan
20191010	nan	nan	nan
20191011	nan	nan	nan
20191012	nan	nan	nan
20191013	nan	nan	nan
20191014	35.16	62.89	1.951
20191015	30.29	68.08	1.634
20191016	38.6	58.99	2.41
20191017	25.57	65.22	9.211
20191018	30.09	62.88	7.028
20191019	16.23	77.56	6.211
20191020	39.89	58.35	1.762
20191021	51.56	47.25	1.188
20191022	45.66	53.22	1.119
20191023	38.36	59.76	1.879
20191024	38.87	59.33	1.795
20191025	40.38	58.61	1.004
20191026	20.09	36.78	43.13
20191027	9.087	61.49	29.42
20191028	30.25	58.59	11.16
20191029	26.41	65.3	8.287
20191030	35.81	63.17	1.017
20191031	27.52	71.09	1.389
20191101	29.8	68.86	1.338
20191102	33.87	65.18	0.9439
20191103	21.98	77.29	0.7266
20191104	24.9	74.06	1.041
20191105	16.5	82.05	1.451
20191106	nan	nan	nan
20191107	25.29	73.82	0.8958
20191108	25.2	73.9	0.8961
20191109	nan	nan	nan
20191110	nan	nan	nan
20191111	nan	nan	nan
20191112	nan	nan	nan
20191113	nan	nan	nan
20191114	nan	nan	nan
20191115	nan	nan	nan
20191116	nan	nan	nan
20191117	nan	nan	nan
20191118	nan	nan	nan
20191119	nan	nan	nan
20191120	nan	nan	nan
20191121	nan	nan	nan
20191122	nan	nan	nan
20191123	nan	nan	nan
20191124	nan	nan	nan
20191125	nan	nan	nan
20191126	nan	nan	nan
20191127	nan	nan	nan
20191128	nan	nan	nan
20191129	nan	nan	nan
20191130	nan	nan	nan
20191201	nan	nan	nan
20191202	nan	nan	nan
20191203	nan	nan	nan
20191204	nan	nan	nan
20191205	nan	nan	nan
20191206	nan	nan	nan
20191207	nan	nan	nan
20191208	nan	nan	nan
20191209	nan	nan	nan
20191210	nan	nan	nan
20191211	nan	nan	nan
20191212	nan	nan	nan
20191213	nan	nan	nan
20191214	nan	nan	nan
20191215	nan	nan	nan
20191216	nan	nan	nan
20191217	nan	nan	nan
20191218	nan	nan	nan
20191219	nan	nan	nan
20191220	nan	nan	nan
20191221	nan	nan	nan
20191222	nan	nan	nan
20191223	nan	nan	nan
20191224	nan	nan	nan
20191225	nan	nan	nan
20191226	nan	nan	nan
20191227	nan	nan	nan
20191228	nan	nan	nan
20191229	nan	nan	nan
20191230	nan	nan	nan
20191231	nan	nan	nan
20200101	nan	nan	nan
20200102	nan	nan	nan
20200103	nan	nan	nan
20200104	nan	nan	nan
20200105	nan	nan	nan
20200106	nan	nan	nan
20200107	nan	nan	nan
20200108	nan	nan	nan
20200109	nan	nan	nan
20200110	nan	nan	nan
20200111	nan	nan	nan
20200112	nan	nan	nan
20200113	nan	nan	nan
20200114	nan	nan	nan
20200115	nan	nan	nan
20200116	nan	nan	nan
20200117	nan	nan	nan
20200118	nan	nan	nan
20200119	nan	nan	nan
20200120	nan	nan	nan
20200121	nan	nan	nan
20200122	nan	nan	nan
20200123	nan	nan	nan
20200124	nan	nan	nan
20200125	nan	nan	nan
20200126	nan	nan	nan
20200127	nan	nan	nan
20200128	nan	nan	nan
20200129	nan	nan	nan
20200130	nan	nan	nan
20200131	nan	nan	nan
20200201	nan	nan	nan
20200202	nan	nan	nan
20200203	nan	nan	nan
20200204	nan	nan	nan
20200205	nan	nan	nan
20200206	nan	nan	nan
20200207	nan	nan	nan
20200208	nan	nan	nan
20200209	nan	nan	nan
20200210	nan	nan	nan
20200211	nan	nan	nan
20200212	nan	nan	nan
20200213	nan	nan	nan
20200214	nan	nan	nan
20200215	nan	nan	nan
20200216	nan	nan	nan
20200217	nan	nan	nan
20200218	nan	nan	nan
20200219	0.04672	97.84	2.11
20200220	0.05661	97.83	2.113
20200221	0.01796	98.34	1.647
20200222	0.03485	98.61	1.36
20200223	0.02593	97.68	2.295
20200224	0.04129	98.0	1.956
20200225	nan	nan	nan
20200226	nan	nan	nan
20200227	nan	nan	nan
20200228	nan	nan	nan
20200229	nan	nan	nan
20200301	nan	nan	nan
20200302	nan	nan	nan
20200303	nan	nan	nan
20200304	nan	nan	nan
20200305	nan	nan	nan
20200306	nan	nan	nan
20200307	nan	nan	nan
20200308	nan	nan	nan
20200309	nan	nan	nan
20200310	nan	nan	nan
20200311	nan	nan	nan
20200312	nan	nan	nan
20200313	nan	nan	nan
20200314	nan	nan	nan
20200315	nan	nan	nan
20200316	nan	nan	nan
20200317	nan	nan	nan
20200318	nan	nan	nan
20200319	nan	nan	nan
20200320	nan	nan	nan
20200321	nan	nan	nan
20200322	nan	nan	nan
20200323	nan	nan	nan
20200324	nan	nan	nan
20200325	nan	nan	nan
20200326	nan	nan	nan
20200327	nan	nan	nan
20200328	nan	nan	nan
20200329	nan	nan	nan
20200330	nan	nan	nan
20200331	nan	nan	nan
20200401	nan	nan	nan
20200402	nan	nan	nan
20200403	nan	nan	nan
20200404	nan	nan	nan
20200405	nan	nan	nan
20200406	nan	nan	nan
20200407	nan	nan	nan
20200408	nan	nan	nan
20200409	nan	nan	nan
20200410	nan	nan	nan
20200411	nan	nan	nan
20200412	nan	nan	nan
20200413	nan	nan	nan
20200414	nan	nan	nan
20200415	nan	nan	nan
20200416	nan	nan	nan
20200417	nan	nan	nan
20200418	nan	nan	nan
20200419	nan	nan	nan
20200420	nan	nan	nan
20200421	nan	nan	nan
20200422	nan	nan	nan
20200423	nan	nan	nan
20200424	25.38	74.62	0.0
20200425	30.25	69.75	0.0
20200426	30.33	69.67	0.0
20200427	nan	nan	nan
20200428	13.87	86.13	0.0
20200429	16.87	83.13	0.0
20200430	16.13	83.87	0.0
20200501	nan	nan	nan
20200502	nan	nan	nan
20200503	nan	nan	nan
20200504	nan	nan	nan
20200505	nan	nan	nan
20200506	nan	nan	nan
20200507	nan	nan	nan
20200508	nan	nan	nan
20200509	nan	nan	nan
20200510	nan	nan	nan
20200511	nan	nan	nan
20200512	nan	nan	nan
20200513	nan	nan	nan
20200514	13.79	86.19	0.02197
20200515	14.26	85.72	0.02197
20200516	18.37	81.6	0.02199
20200517	nan	nan	nan
20200518	11.62	88.36	0.02177
20200519	14.83	85.15	0.0208
20200520	14.58	85.4	0.02089
20200521	63.84	36.04	0.1235
20200522	54.35	45.51	0.145
20200523	73.78	26.11	0.1058
20200524	77.58	22.21	0.2012
20200525	71.91	27.82	0.2695
20200526	72.71	27.02	0.2695
20200527	71.66	27.92	0.4141
20200528	73.39	26.22	0.3869
20200529	74.31	25.31	0.3772
20200530	70.6	28.93	0.4706
20200531	73.81	24.25	1.937
20200601	64.47	33.12	2.402
20200602	67.86	29.79	2.353
20200603	nan	nan	nan
20200604	nan	nan	nan
20200605	nan	nan	nan
20200606	nan	nan	nan
20200607	58.57	31.44	9.99
20200608	nan	nan	nan
20200609	nan	nan	nan
20200610	nan	nan	nan
20200611	nan	nan	nan
20200612	nan	nan	nan
20200613	44.29	23.89	31.83
20200614	46.61	22.14	31.25
20200615	nan	nan	nan
20200616	41.25	23.41	35.33
20200617	42.09	15.99	41.91
20200618	38.24	19.36	42.4
20200619	36.76	17.83	45.41
20200620	30.67	20.06	49.27
20200621	30.82	15.33	53.85
20200622	31.91	12.26	55.84
20200623	30.18	12.85	56.96
20200624	32.4	11.68	55.92
20200625	31.89	11.22	56.89
20200626	33.42	8.939	57.64
20200627	nan	nan	nan
20200628	26.86	8.37	64.77
20200629	28.18	6.347	65.47
20200630	29.66	5.524	64.81
20200701	nan	nan	nan
20200702	nan	nan	nan
20200703	nan	nan	nan
20200704	nan	nan	nan
20200705	nan	nan	nan
20200706	nan	nan	nan
20200707	nan	nan	nan
20200708	nan	nan	nan
20200709	nan	nan	nan
20200710	nan	nan	nan
20200711	nan	nan	nan
20200712	nan	nan	nan
20200713	nan	nan	nan
20200714	nan	nan	nan
20200715	nan	nan	nan
20200716	nan	nan	nan
20200717	nan	nan	nan
20200718	nan	nan	nan
20200719	nan	nan	nan
20200720	nan	nan	nan
20200721	nan	nan	nan
20200722	nan	nan	nan
20200723	nan	nan	nan
20200724	nan	nan	nan
20200725	nan	nan	nan
20200726	nan	nan	nan
20200727	nan	nan	nan
20200728	nan	nan	nan
20200729	nan	nan	nan
20200730	nan	nan	nan
20200731	1.921	0.005596	98.07
20200801	4.68	0.3565	94.96
20200802	4.027	0.2121	95.76
20200803	3.928	0.1674	95.9
20200804	5.088	0.3219	94.59
20200805	8.036	0.3122	91.65
20200806	2.893	0.3427	96.76
20200807	3.73	0.3648	95.91
20200808	3.518	0.2658	96.22
20200809	6.982	0.2995	92.72
20200810	7.551	0.2705	92.18
20200811	9.128	0.3824	90.49
20200812	8.667	0.3145	91.02
20200813	9.378	0.3328	90.29
20200814	9.448	1.056	89.5
20200815	9.418	1.053	89.53
20200816	13.81	0.7354	85.46
20200817	14.01	0.8194	85.17
20200818	nan	nan	nan
20200819	nan	nan	nan
20200820	nan	nan	nan
20200821	5.987	0.2316	93.78
20200822	6.201	0.2609	93.54
20200823	7.15	2.109	90.74
20200824	6.985	2.114	90.9
20200825	6.788	1.511	91.7
20200826	nan	nan	nan
20200827	nan	nan	nan
20200828	nan	nan	nan
20200829	nan	nan	nan
20200830	nan	nan	nan
20200831	nan	nan	nan
20200901	nan	nan	nan
20200902	nan	nan	nan
20200903	3.48	0.4078	96.11
20200904	5.052	0.3215	94.63
20200905	4.576	0.2968	95.13
20200906	nan	nan	nan
20200907	5.819	0.2675	93.91
20200908	5.615	0.3218	94.06
20200909	8.64	0.2794	91.08
20200910	nan	nan	nan
20200911	nan	nan	nan
20200912	nan	nan	nan
20200913	nan	nan	nan
20200914	nan	nan	nan
20200915	nan	nan	nan
20200916	nan	nan	nan
20200917	nan	nan	nan
20200918	nan	nan	nan
20200919	nan	nan	nan
20200920	nan	nan	nan
20200921	nan	nan	nan
20200922	nan	nan	nan
20200923	nan	nan	nan
20200924	nan	nan	nan
20200925	nan	nan	nan
20200926	nan	nan	nan
20200927	10.14	27.91	61.95
20200928	22.11	17.45	60.44
20200929	19.11	15.05	65.84
20200930	21.43	14.07	64.5
20201001	12.89	8.2	78.91
20201002	11.84	5.21	82.95
20201003	12.29	3.839	83.87
20201004	nan	nan	nan
20201005	nan	nan	nan
20201006	nan	nan	nan
20201007	nan	nan	nan
20201008	nan	nan	nan
20201009	nan	nan	nan
20201010	nan	nan	nan
20201011	nan	nan	nan
20201012	nan	nan	nan
20201013	nan	nan	nan
20201014	nan	nan	nan
20201015	nan	nan	nan
20201016	nan	nan	nan
20201017	nan	nan	nan
20201018	nan	nan	nan
20201019	nan	nan	nan
20201020	20.49	78.76	0.7445
20201021	14.01	84.15	1.845
20201022	25.24	73.27	1.489
20201023	25.29	73.39	1.328
20201024	28.28	70.41	1.319
20201025	21.07	77.3	1.628
20201026	21.66	76.72	1.614
20201027	nan	nan	nan
20201028	nan	nan	nan
20201029	nan	nan	nan
20201030	nan	nan	nan
20201031	nan	nan	nan
20201101	nan	nan	nan
20201102	nan	nan	nan
20201103	nan	nan	nan
20201104	nan	nan	nan
20201105	nan	nan	nan
20201106	nan	nan	nan
20201107	nan	nan	nan
20201108	nan	nan	nan
20201109	nan	nan	nan
20201110	nan	nan	nan
20201111	nan	nan	nan
20201112	nan	nan	nan
20201113	nan	nan	nan
20201114	nan	nan	nan
20201115	nan	nan	nan
20201116	nan	nan	nan
20201117	nan	nan	nan
20201118	nan	nan	nan
20201119	nan	nan	nan
20201120	nan	nan	nan
20201121	nan	nan	nan
20201122	nan	nan	nan
20201123	nan	nan	nan
20201124	nan	nan	nan
20201125	nan	nan	nan
20201126	nan	nan	nan
20201127	nan	nan	nan
20201128	nan	nan	nan
20201129	nan	nan	nan
20201130	nan	nan	nan
20201201	nan	nan	nan
20201202	nan	nan	nan
20201203	nan	nan	nan
20201204	nan	nan	nan
20201205	nan	nan	nan
20201206	nan	nan	nan
20201207	nan	nan	nan
20201208	nan	nan	nan
20201209	nan	nan	nan
20201210	nan	nan	nan
20201211	nan	nan	nan
20201212	nan	nan	nan
20201213	nan	nan	nan
20201214	nan	nan	nan
20201215	nan	nan	nan
20201216	nan	nan	nan
20201217	nan	nan	nan
20201218	nan	nan	nan
20201219	nan	nan	nan
20201220	nan	nan	nan
20201221	nan	nan	nan
20201222	nan	nan	nan
20201223	nan	nan	nan
20201224	nan	nan	nan
20201225	nan	nan	nan
20201226	nan	nan	nan
20201227	nan	nan	nan
20201228	nan	nan	nan
20201229	nan	nan	nan
20201230	nan	nan	nan
20201231	nan	nan	nan
20210101	nan	nan	nan
20210102	nan	nan	nan
20210103	nan	nan	nan
20210104	nan	nan	nan
20210105	nan	nan	nan
20210106	nan	nan	nan
20210107	nan	nan	nan
20210108	nan	nan	nan
20210109	nan	nan	nan
20210110	nan	nan	nan
20210111	nan	nan	nan
20210112	nan	nan	nan
20210113	nan	nan	nan
20210114	nan	nan	nan
20210115	nan	nan	nan
20210116	nan	nan	nan
20210117	nan	nan	nan
20210118	nan	nan	nan
20210119	nan	nan	nan
20210120	nan	nan	nan
20210121	nan	nan	nan
20210122	nan	nan	nan
20210123	nan	nan	nan
20210124	nan	nan	nan
20210125	nan	nan	nan
20210126	nan	nan	nan
20210127	nan	nan	nan
20210128	nan	nan	nan
20210129	nan	nan	nan
20210130	nan	nan	nan
20210131	nan	nan	nan
20210201	nan	nan	nan
20210202	nan	nan	nan
20210203	nan	nan	nan
20210204	nan	nan	nan
20210205	nan	nan	nan
20210206	nan	nan	nan
20210207	nan	nan	nan
20210208	nan	nan	nan
20210209	nan	nan	nan
20210210	nan	nan	nan
20210211	nan	nan	nan
20210212	nan	nan	nan
20210213	nan	nan	nan
20210214	nan	nan	nan
20210215	nan	nan	nan
20210216	nan	nan	nan
20210217	nan	nan	nan
20210218	13.93	85.95	0.1179
20210219	21.32	78.56	0.1152
20210220	21.2	78.68	0.1175
20210221	25.37	74.14	0.4881
20210222	nan	nan	nan
20210223	23.9	75.64	0.4605
20210224	nan	nan	nan
20210225	nan	nan	nan
20210226	nan	nan	nan
20210227	nan	nan	nan
20210228	nan	nan	nan
20210301	nan	nan	nan
20210302	nan	nan	nan
20210303	nan	nan	nan
20210304	nan	nan	nan
20210305	nan	nan	nan
20210306	nan	nan	nan
20210307	nan	nan	nan
20210308	nan	nan	nan
20210309	nan	nan	nan
20210310	nan	nan	nan
20210311	nan	nan	nan
20210312	nan	nan	nan
20210313	nan	nan	nan
20210314	nan	nan	nan
20210315	nan	nan	nan
20210316	nan	nan	nan
20210317	nan	nan	nan
20210318	nan	nan	nan
20210319	nan	nan	nan
20210320	nan	nan	nan
20210321	nan	nan	nan
20210322	nan	nan	nan
20210323	nan	nan	nan
20210324	nan	nan	nan
20210325	nan	nan	nan
20210326	nan	nan	nan
20210327	nan	nan	nan
20210328	nan	nan	nan
20210329	nan	nan	nan
20210330	nan	nan	nan
20210331	nan	nan	nan
20210401	nan	nan	nan
20210402	nan	nan	nan
20210403	nan	nan	nan
20210404	nan	nan	nan
20210405	nan	nan	nan
20210406	nan	nan	nan
20210407	nan	nan	nan
20210408	nan	nan	nan
20210409	nan	nan	nan
20210410	nan	nan	nan
20210411	nan	nan	nan
20210412	nan	nan	nan
20210413	nan	nan	nan
20210414	nan	nan	nan
20210415	nan	nan	nan
20210416	nan	nan	nan
20210417	nan	nan	nan
20210418	7.012	92.94	0.04584
20210419	7.012	92.92	0.06736
20210420	7.007	92.78	0.2147
20210421	7.007	92.78	0.2147
20210422	7.007	92.6	0.3962
20210423	6.997	92.48	0.5248
20210424	17.15	82.32	0.5289
20210425	17.15	82.32	0.5289
20210426	17.19	82.28	0.5312
20210427	nan	nan	nan
20210428	nan	nan	nan
20210429	nan	nan	nan
20210430	nan	nan	nan
20210501	nan	nan	nan
20210502	nan	nan	nan
20210503	nan	nan	nan
20210504	nan	nan	nan
20210505	nan	nan	nan
20210506	nan	nan	nan
20210507	nan	nan	nan
20210508	nan	nan	nan
20210509	nan	nan	nan
20210510	nan	nan	nan
20210511	nan	nan	nan
20210512	nan	nan	nan
20210513	nan	nan	nan
20210514	nan	nan	nan
20210515	nan	nan	nan
20210516	nan	nan	nan
20210517	nan	nan	nan
20210518	nan	nan	nan
20210519	nan	nan	nan
20210520	nan	nan	nan
20210521	nan	nan	nan
20210522	nan	nan	nan
20210523	68.28	24.07	7.646
20210524	68.28	24.07	7.646
20210525	64.29	27.92	7.786
20210526	nan	nan	nan
20210527	nan	nan	nan
20210528	nan	nan	nan
20210529	nan	nan	nan
20210530	nan	nan	nan
20210531	nan	nan	nan
20210601	nan	nan	nan
20210602	nan	nan	nan
20210603	39.46	26.64	33.9
20210604	39.17	23.59	37.24
20210605	40.45	21.86	37.69
20210606	36.44	23.38	40.18
20210607	36.44	23.31	40.25
20210608	35.63	21.07	43.3
20210609	34.86	19.37	45.77
20210610	33.38	17.83	48.79
20210611	nan	nan	nan
20210612	nan	nan	nan
20210613	nan	nan	nan
20210614	nan	nan	nan
20210615	nan	nan	nan
20210616	nan	nan	nan
20210617	nan	nan	nan
20210618	nan	nan	nan
20210619	nan	nan	nan
20210620	nan	nan	nan
20210621	nan	nan	nan
20210622	nan	nan	nan
20210623	nan	nan	nan
20210624	nan	nan	nan
20210625	nan	nan	nan
20210626	nan	nan	nan
20210627	nan	nan	nan
20210628	nan	nan	nan
20210629	nan	nan	nan
20210630	nan	nan	nan
20210701	nan	nan	nan
20210702	nan	nan	nan
20210703	nan	nan	nan
20210704	5.213	0.9575	93.83
20210705	6.045	0.3921	93.56
20210706	7.532	0.32	92.15
20210707	7.602	0.5357	91.86
20210708	7.731	0.7744	91.49
20210709	9.255	0.6449	90.1
20210710	5.178	0.2602	94.56
20210711	6.04	0.2037	93.76
20210712	7.218	0.209	92.57
20210713	nan	nan	nan
20210714	1.828	0.1152	98.06
20210715	5.679	0.169	94.15
20210716	6.733	0.1626	93.1
20210717	nan	nan	nan
20210718	7.941	0.5843	91.47
20210719	8.171	0.6145	91.21
20210720	9.913	0.4646	89.62
20210721	nan	nan	nan
20210722	nan	nan	nan
20210723	nan	nan	nan
20210724	nan	nan	nan
20210725	nan	nan	nan
20210726	nan	nan	nan
20210727	2.248	0.293	97.46
20210728	0.9638	0.07435	98.96
20210729	1.429	0.1577	98.41
20210730	2.572	0.1387	97.29
20210731	3.696	0.1151	96.19
20210801	nan	nan	nan
20210802	nan	nan	nan
20210803	nan	nan	nan
20210804	nan	nan	nan
20210805	nan	nan	nan
20210806	nan	nan	nan
20210807	0.9407	0.01717	99.04
20210808	0.1452	0.004033	99.85
20210809	0.1412	0.004035	99.85
20210810	0.3614	0.004495	99.63
20210811	4.424	0.2205	95.36
20210812	4.43	0.221	95.35
20210813	4.189	0.2359	95.58
20210814	4.154	0.2761	95.57
20210815	nan	nan	nan
20210816	nan	nan	nan
20210817	nan	nan	nan
20210818	nan	nan	nan
20210819	nan	nan	nan
20210820	nan	nan	nan
20210821	nan	nan	nan
20210822	nan	nan	nan
20210823	nan	nan	nan
20210824	nan	nan	nan
20210825	nan	nan	nan
20210826	0.5585	0.006987	99.43
20210827	0.2123	0.003175	99.78
20210828	1.159	0.1033	98.74
20210829	1.144	0.1033	98.75
20210830	1.148	0.1037	98.75
20210831	1.925	0.4902	97.59
20210901	15.54	0.8595	83.6
20210902	16.68	4.82	78.5
20210903	nan	nan	nan
20210904	nan	nan	nan
20210905	nan	nan	nan
20210906	nan	nan	nan
20210907	nan	nan	nan
20210908	nan	nan	nan
20210909	nan	nan	nan
20210910	nan	nan	nan
20210911	10.65	4.464	84.88
20210912	9.452	4.173	86.38
20210913	13.17	4.468	82.36
20210914	15.86	6.736	77.4
20210915	12.52	17.69	69.79
20210916	12.3	17.25	70.44
20210917	12.93	18.46	68.61
20210918	7.204	10.63	82.17
20210919	10.76	7.079	82.16
20210920	7.927	6.155	85.92
20210921	8.093	5.75	86.16
20210922	9.939	8.566	81.49
20210923	12.68	7.548	79.77
20210924	12.77	7.425	79.81
20210925	nan	nan	nan
20210926	nan	nan	nan
20210927	nan	nan	nan
20210928	nan	nan	nan
20210929	nan	nan	nan
20210930	nan	nan	nan
20211001	nan	nan	nan
20211002	nan	nan	nan
20211003	nan	nan	nan
20211004	nan	nan	nan
20211005	nan	nan	nan
20211006	nan	nan	nan
20211007	nan	nan	nan
20211008	nan	nan	nan
20211009	nan	nan	nan
20211010	nan	nan	nan
20211011	nan	nan	nan
20211012	nan	nan	nan
20211013	nan	nan	nan
20211014	nan	nan	nan
20211015	nan	nan	nan
20211016	nan	nan	nan
20211017	nan	nan	nan
20211018	nan	nan	nan
20211019	14.63	84.25	1.125
20211020	14.63	84.28	1.086
20211021	15.97	83.0	1.034
20211022	18.97	80.09	0.9328
20211023	16.32	82.28	1.406
20211024	16.68	81.95	1.376
20211025	17.35	81.32	1.322
20211026	nan	nan	nan
20211027	nan	nan	nan
20211028	nan	nan	nan
20211029	11.83	83.05	5.122
20211030	nan	nan	nan
20211031	nan	nan	nan
20211101	nan	nan	nan
20211102	nan	nan	nan
20211103	nan	nan	nan
20211104	nan	nan	nan
20211105	nan	nan	nan
20211106	nan	nan	nan
20211107	nan	nan	nan
20211108	nan	nan	nan
20211109	nan	nan	nan
20211110	nan	nan	nan
20211111	nan	nan	nan
20211112	nan	nan	nan
20211113	nan	nan	nan
20211114	nan	nan	nan
20211115	nan	nan	nan
20211116	nan	nan	nan
20211117	nan	nan	nan
20211118	nan	nan	nan
20211119	nan	nan	nan
20211120	nan	nan	nan
20211121	nan	nan	nan
20211122	nan	nan	nan
20211123	nan	nan	nan
20211124	nan	nan	nan
20211125	nan	nan	nan
20211126	nan	nan	nan
20211127	nan	nan	nan
20211128	nan	nan	nan
20211129	nan	nan	nan
20211130	nan	nan	nan
20211201	nan	nan	nan
20211202	nan	nan	nan
20211203	nan	nan	nan
20211204	nan	nan	nan
20211205	nan	nan	nan
20211206	nan	nan	nan
20211207	nan	nan	nan
20211208	nan	nan	nan
20211209	nan	nan	nan
20211210	nan	nan	nan
20211211	nan	nan	nan
20211212	nan	nan	nan
20211213	nan	nan	nan
20211214	nan	nan	nan
20211215	nan	nan	nan
20211216	nan	nan	nan
20211217	nan	nan	nan
20211218	nan	nan	nan
20211219	nan	nan	nan
20211220	nan	nan	nan
20211221	nan	nan	nan
20211222	nan	nan	nan
20211223	nan	nan	nan
20211224	nan	nan	nan
20211225	nan	nan	nan
20211226	nan	nan	nan
20211227	nan	nan	nan
20211228	nan	nan	nan
20211229	nan	nan	nan
20211230	nan	nan	nan
20211231	nan	nan	nan
20220101	nan	nan	nan
20220102	nan	nan	nan
20220103	nan	nan	nan
20220104	nan	nan	nan
20220105	nan	nan	nan
20220106	nan	nan	nan
20220107	nan	nan	nan
20220108	nan	nan	nan
20220109	nan	nan	nan
20220110	nan	nan	nan
20220111	nan	nan	nan
20220112	nan	nan	nan
20220113	nan	nan	nan
20220114	nan	nan	nan
20220115	nan	nan	nan
20220116	nan	nan	nan
20220117	nan	nan	nan
20220118	nan	nan	nan
20220119	nan	nan	nan
20220120	nan	nan	nan
20220121	nan	nan	nan
20220122	nan	nan	nan
20220123	nan	nan	nan
20220124	nan	nan	nan
20220125	nan	nan	nan
20220126	nan	nan	nan
20220127	nan	nan	nan
20220128	nan	nan	nan
20220129	nan	nan	nan
20220130	nan	nan	nan
20220131	nan	nan	nan
20220201	nan	nan	nan
20220202	nan	nan	nan
20220203	nan	nan	nan
20220204	nan	nan	nan
20220205	nan	nan	nan
20220206	nan	nan	nan
20220207	nan	nan	nan
20220208	nan	nan	nan
20220209	nan	nan	nan
20220210	nan	nan	nan
20220211	nan	nan	nan
20220212	nan	nan	nan
20220213	nan	nan	nan
20220214	nan	nan	nan
20220215	nan	nan	nan
20220216	nan	nan	nan
20220217	nan	nan	nan
20220218	nan	nan	nan
20220219	nan	nan	nan
20220220	nan	nan	nan
20220221	nan	nan	nan
20220222	nan	nan	nan
20220223	nan	nan	nan
20220224	nan	nan	nan
20220225	nan	nan	nan
20220226	nan	nan	nan
20220227	nan	nan	nan
20220228	nan	nan	nan
20220301	nan	nan	nan
20220302	nan	nan	nan
20220303	nan	nan	nan
20220304	nan	nan	nan
20220305	nan	nan	nan
20220306	nan	nan	nan
20220307	nan	nan	nan
20220308	nan	nan	nan
20220309	nan	nan	nan
20220310	nan	nan	nan
20220311	nan	nan	nan
20220312	nan	nan	nan
20220313	nan	nan	nan
20220314	nan	nan	nan
20220315	nan	nan	nan
20220316	0.8079	99.19	0.0
20220317	0.8079	99.19	0.0
20220318	1.517	98.22	0.2678
20220319	1.517	98.22	0.2678
20220320	21.02	78.86	0.1187
20220321	31.22	68.63	0.149
20220322	31.18	68.43	0.39
20220323	32.22	67.38	0.3998
20220324	32.22	67.37	0.4112
20220325	36.01	63.59	0.4069
20220326	20.04	79.62	0.3407
20220327	nan	nan	nan
20220328	nan	nan	nan
20220329	nan	nan	nan
20220330	nan	nan	nan
20220331	nan	nan	nan
20220401	nan	nan	nan
20220402	nan	nan	nan
20220403	nan	nan	nan
20220404	nan	nan	nan
20220405	nan	nan	nan
20220406	nan	nan	nan
20220407	nan	nan	nan
20220408	nan	nan	nan
20220409	nan	nan	nan
20220410	nan	nan	nan
20220411	nan	nan	nan
20220412	nan	nan	nan
20220413	nan	nan	nan
20220414	nan	nan	nan
20220415	nan	nan	nan
20220416	nan	nan	nan
20220417	nan	nan	nan
20220418	nan	nan	nan
20220419	nan	nan	nan
20220420	nan	nan	nan
20220421	nan	nan	nan
20220422	nan	nan	nan
20220423	nan	nan	nan
20220424	nan	nan	nan
20220425	nan	nan	nan
20220426	74.3	24.65	1.044
20220427	74.57	24.69	0.7428
20220428	70.09	29.17	0.7446
20220429	70.09	29.17	0.7446
20220430	nan	nan	nan
20220501	nan	nan	nan
20220502	nan	nan	nan
20220503	nan	nan	nan
20220504	nan	nan	nan
20220505	nan	nan	nan
20220506	nan	nan	nan
20220507	nan	nan	nan
20220508	nan	nan	nan
20220509	nan	nan	nan
20220510	nan	nan	nan
20220511	nan	nan	nan
20220512	nan	nan	nan
20220513	nan	nan	nan
20220514	nan	nan	nan
20220515	nan	nan	nan
20220516	nan	nan	nan
20220517	nan	nan	nan
20220518	nan	nan	nan
20220519	nan	nan	nan
20220520	38.35	58.03	3.625
20220521	38.35	58.03	3.625
20220522	42.51	53.65	3.835
20220523	41.9	51.94	6.162
20220524	60.8	33.1	6.105
20220525	44.88	47.34	7.777
20220526	45.2	47.2	7.603
20220527	nan	nan	nan
20220528	nan	nan	nan
20220529	nan	nan	nan
20220530	nan	nan	nan
20220531	48.56	32.8	18.64
20220601	nan	nan	nan
20220602	nan	nan	nan
20220603	nan	nan	nan
20220604	nan	nan	nan
20220605	nan	nan	nan
20220606	nan	nan	nan
20220607	nan	nan	nan
20220608	nan	nan	nan
20220609	nan	nan	nan
20220610	nan	nan	nan
20220611	nan	nan	nan
20220612	nan	nan	nan
20220613	nan	nan	nan
20220614	nan	nan	nan
20220615	nan	nan	nan
20220616	nan	nan	nan
20220617	nan	nan	nan
20220618	nan	nan	nan
20220619	nan	nan	nan
20220620	nan	nan	nan
20220621	nan	nan	nan
20220622	nan	nan	nan
20220623	nan	nan	nan
20220624	nan	nan	nan
20220625	nan	nan	nan
20220626	nan	nan	nan
20220627	nan	nan	nan
20220628	13.55	4.252	82.2
20220629	15.75	4.008	80.24
20220630	13.03	3.696	83.27
20220701	9.778	2.409	87.81
20220702	8.942	1.141	89.92
20220703	8.017	0.6657	91.32
20220704	8.745	1.081	90.17
20220705	7.737	0.9555	91.31
20220706	8.084	0.9701	90.95
20220707	nan	nan	nan
20220708	nan	nan	nan
20220709	nan	nan	nan
20220710	nan	nan	nan
20220711	nan	nan	nan
20220712	nan	nan	nan
20220713	nan	nan	nan
20220714	nan	nan	nan
20220715	nan	nan	nan
20220716	nan	nan	nan
20220717	nan	nan	nan
20220718	nan	nan	nan
20220719	nan	nan	nan
20220720	nan	nan	nan
20220721	nan	nan	nan
20220722	nan	nan	nan
20220723	nan	nan	nan
20220724	nan	nan	nan
20220725	nan	nan	nan
20220726	nan	nan	nan
20220727	nan	nan	nan
20220728	nan	nan	nan
20220729	nan	nan	nan
20220730	0.5389	0.04156	99.42
20220731	1.693	0.02335	98.28
20220801	0.8884	0.007233	99.1
20220802	0.9248	0.007239	99.07
20220803	0.5958	0.007222	99.4
20220804	1.59	0.1827	98.23
20220805	2.672	0.1309	97.2
20220806	0.4097	0.05593	99.53
20220807	0.3837	0.05598	99.56
20220808	0.3934	0.05741	99.55
20220809	2.986	0.1796	96.83
20220810	nan	nan	nan
20220811	nan	nan	nan
20220812	nan	nan	nan
20220813	nan	nan	nan
20220814	nan	nan	nan
20220815	nan	nan	nan
20220816	nan	nan	nan
20220817	nan	nan	nan
20220818	nan	nan	nan
20220819	nan	nan	nan
20220820	nan	nan	nan
20220821	nan	nan	nan
20220822	nan	nan	nan
20220823	nan	nan	nan
