Date	WetSnow	DrySnow	BareGround
20140920	nan	nan	nan
20140921	nan	nan	nan
20140922	nan	nan	nan
20140923	nan	nan	nan
20140924	nan	nan	nan
20140925	nan	nan	nan
20140926	nan	nan	nan
20140927	nan	nan	nan
20140928	0.03296	0.2132	99.75
20140929	0.03294	0.213	99.75
20140930	0.0311	0.2073	99.76
20141001	0.02693	0.2061	99.77
20141002	0.02701	0.2067	99.77
20141003	0.01663	0.1713	99.81
20141004	18.83	0.1465	81.02
20141005	21.41	2.069	76.52
20141006	11.08	1.093	87.83
20141007	10.21	1.091	88.7
20141008	9.103	0.8457	90.05
20141009	8.665	0.8084	90.53
20141010	6.949	0.6323	92.42
20141011	6.552	0.5708	92.88
20141012	6.03	0.5079	93.46
20141013	6.029	0.5081	93.46
20141014	6.038	0.5088	93.45
20141015	5.872	0.4853	93.64
20141016	5.658	0.4851	93.86
20141017	17.34	6.773	75.88
20141018	17.28	6.542	76.18
20141019	16.67	6.286	77.05
20141020	16.07	6.072	77.86
20141021	16.14	6.13	77.74
20141022	14.98	5.603	79.41
20141023	15.53	5.89	78.58
20141024	15.44	5.871	78.69
20141025	15.45	5.877	78.67
20141026	15.45	5.933	78.62
20141027	15.57	5.96	78.47
20141028	14.84	5.55	79.61
20141029	14.74	5.405	79.85
20141030	14.6	5.399	80.0
20141031	13.33	18.37	68.31
20141101	13.26	18.45	68.28
20141102	13.02	19.3	67.67
20141103	15.71	24.04	60.25
20141104	15.59	23.95	60.47
20141105	15.53	23.64	60.83
20141106	15.53	23.64	60.83
20141107	42.41	16.16	41.43
20141108	42.43	16.16	41.41
20141109	43.68	16.11	40.21
20141110	49.46	14.43	36.11
20141111	50.99	13.89	35.12
20141112	51.24	13.74	35.03
20141113	51.45	13.79	34.75
20141114	56.96	11.75	31.29
20141115	57.65	11.49	30.86
20141116	nan	nan	nan
20141117	nan	nan	nan
20141118	nan	nan	nan
20141119	nan	nan	nan
20141120	nan	nan	nan
20141121	nan	nan	nan
20141122	nan	nan	nan
20141123	nan	nan	nan
20141124	nan	nan	nan
20141125	nan	nan	nan
20141126	nan	nan	nan
20141127	nan	nan	nan
20141128	nan	nan	nan
20141129	nan	nan	nan
20141130	nan	nan	nan
20141201	nan	nan	nan
20141202	nan	nan	nan
20141203	nan	nan	nan
20141204	nan	nan	nan
20141205	nan	nan	nan
20141206	nan	nan	nan
20141207	nan	nan	nan
20141208	nan	nan	nan
20141209	nan	nan	nan
20141210	nan	nan	nan
20141211	nan	nan	nan
20141212	nan	nan	nan
20141213	nan	nan	nan
20141214	nan	nan	nan
20141215	nan	nan	nan
20141216	nan	nan	nan
20141217	nan	nan	nan
20141218	nan	nan	nan
20141219	nan	nan	nan
20141220	nan	nan	nan
20141221	nan	nan	nan
20141222	nan	nan	nan
20141223	nan	nan	nan
20141224	nan	nan	nan
20141225	nan	nan	nan
20141226	nan	nan	nan
20141227	nan	nan	nan
20141228	nan	nan	nan
20141229	nan	nan	nan
20141230	nan	nan	nan
20141231	nan	nan	nan
20150101	nan	nan	nan
20150102	nan	nan	nan
20150103	nan	nan	nan
20150104	nan	nan	nan
20150105	nan	nan	nan
20150106	nan	nan	nan
20150107	nan	nan	nan
20150108	nan	nan	nan
20150109	nan	nan	nan
20150110	nan	nan	nan
20150111	nan	nan	nan
20150112	nan	nan	nan
20150113	nan	nan	nan
20150114	nan	nan	nan
20150115	nan	nan	nan
20150116	nan	nan	nan
20150117	nan	nan	nan
20150118	nan	nan	nan
20150119	nan	nan	nan
20150120	nan	nan	nan
20150121	nan	nan	nan
20150122	nan	nan	nan
20150123	nan	nan	nan
20150124	nan	nan	nan
20150125	nan	nan	nan
20150126	nan	nan	nan
20150127	nan	nan	nan
20150128	nan	nan	nan
20150129	nan	nan	nan
20150130	nan	nan	nan
20150131	nan	nan	nan
20150201	nan	nan	nan
20150202	nan	nan	nan
20150203	nan	nan	nan
20150204	nan	nan	nan
20150205	nan	nan	nan
20150206	nan	nan	nan
20150207	nan	nan	nan
20150208	nan	nan	nan
20150209	nan	nan	nan
20150210	nan	nan	nan
20150211	nan	nan	nan
20150212	nan	nan	nan
20150213	nan	nan	nan
20150214	nan	nan	nan
20150215	nan	nan	nan
20150216	nan	nan	nan
20150217	nan	nan	nan
20150218	nan	nan	nan
20150219	nan	nan	nan
20150220	nan	nan	nan
20150221	nan	nan	nan
20150222	nan	nan	nan
20150223	nan	nan	nan
20150224	nan	nan	nan
20150225	nan	nan	nan
20150226	nan	nan	nan
20150227	nan	nan	nan
20150228	nan	nan	nan
20150301	nan	nan	nan
20150302	nan	nan	nan
20150303	nan	nan	nan
20150304	nan	nan	nan
20150305	0.411	99.11	0.4776
20150306	0.4114	99.02	0.57
20150307	0.4114	99.02	0.57
20150308	0.4027	98.35	1.243
20150309	0.4029	98.35	1.247
20150310	2.305	96.51	1.182
20150311	2.31	96.34	1.353
20150312	1.737	97.11	1.157
20150313	1.747	97.13	1.122
20150314	7.772	90.94	1.288
20150315	7.621	90.04	2.341
20150316	7.697	88.89	3.409
20150317	7.697	88.89	3.409
20150318	7.697	88.89	3.409
20150319	11.38	86.31	2.306
20150320	11.35	86.27	2.377
20150321	12.99	84.96	2.051
20150322	14.37	83.65	1.973
20150323	14.37	83.65	1.973
20150324	10.09	88.45	1.459
20150325	10.09	88.45	1.459
20150326	5.161	94.3	0.5398
20150327	5.057	94.51	0.4328
20150328	5.049	94.45	0.4977
20150329	5.053	94.45	0.5013
20150330	5.069	94.43	0.4971
20150331	4.876	94.66	0.4615
20150401	4.85	94.68	0.466
20150402	4.56	94.98	0.4635
20150403	4.533	95.08	0.3864
20150404	3.958	95.69	0.3525
20150405	nan	nan	nan
20150406	nan	nan	nan
20150407	nan	nan	nan
20150408	nan	nan	nan
20150409	nan	nan	nan
20150410	nan	nan	nan
20150411	nan	nan	nan
20150412	nan	nan	nan
20150413	nan	nan	nan
20150414	nan	nan	nan
20150415	11.63	88.37	0.0
20150416	11.63	88.37	0.0
20150417	11.64	88.36	0.0
20150418	nan	nan	nan
20150419	nan	nan	nan
20150420	nan	nan	nan
20150421	nan	nan	nan
20150422	40.41	59.59	0.0
20150423	42.31	57.57	0.1268
20150424	24.8	75.12	0.08102
20150425	24.8	75.07	0.1284
20150426	15.01	84.95	0.03397
20150427	16.99	83.01	0.0
20150428	16.99	83.01	0.0
20150429	16.98	82.74	0.2805
20150430	16.98	82.64	0.3795
20150501	18.9	80.63	0.4696
20150502	18.88	80.54	0.5759
20150503	18.88	80.54	0.5759
20150504	18.15	81.25	0.5938
20150505	18.15	81.25	0.5938
20150506	52.45	46.96	0.5867
20150507	52.45	46.96	0.5867
20150508	71.0	28.43	0.5746
20150509	76.23	23.2	0.5656
20150510	76.01	21.3	2.686
20150511	76.05	21.21	2.747
20150512	76.17	21.09	2.741
20150513	70.23	26.87	2.899
20150514	70.33	26.77	2.903
20150515	70.97	26.1	2.937
20150516	60.75	34.09	5.161
20150517	60.68	33.71	5.616
20150518	52.59	40.66	6.746
20150519	52.59	40.67	6.746
20150520	55.36	37.95	6.69
20150521	60.08	33.31	6.608
20150522	60.09	33.3	6.607
20150523	59.96	32.9	7.144
20150524	59.94	32.72	7.338
20150525	59.88	32.45	7.663
20150526	59.45	30.8	9.755
20150527	59.56	30.63	9.808
20150528	59.6	30.61	9.792
20150529	61.04	27.96	10.99
20150530	60.82	27.16	12.02
20150531	61.6	26.22	12.18
20150601	55.94	28.54	15.52
20150602	58.15	26.74	15.12
20150603	56.59	24.77	18.63
20150604	56.12	23.38	20.5
20150605	56.0	22.28	21.72
20150606	46.09	27.17	26.74
20150607	46.09	27.13	26.78
20150608	45.37	26.2	28.43
20150609	50.84	21.13	28.03
20150610	50.78	21.07	28.15
20150611	49.47	20.58	29.95
20150612	50.46	18.78	30.76
20150613	50.22	18.22	31.55
20150614	51.81	16.66	31.53
20150615	50.3	15.99	33.7
20150616	50.02	15.91	34.07
20150617	52.45	12.62	34.93
20150618	47.38	14.34	38.28
20150619	47.13	12.82	40.04
20150620	44.75	11.85	43.4
20150621	44.71	11.84	43.45
20150622	42.84	10.15	47.01
20150623	42.99	9.604	47.4
20150624	42.84	9.334	47.83
20150625	42.14	9.435	48.42
20150626	41.84	8.992	49.17
20150627	40.54	8.683	50.78
20150628	39.76	8.38	51.86
20150629	37.3	6.344	56.36
20150630	28.6	14.52	56.88
20150701	24.86	13.32	61.82
20150702	24.82	13.3	61.88
20150703	29.03	11.56	59.41
20150704	28.47	11.51	60.02
20150705	28.41	11.48	60.11
20150706	28.31	11.5	60.19
20150707	28.66	11.18	60.16
20150708	29.23	10.85	59.91
20150709	28.07	10.38	61.55
20150710	24.46	10.06	65.48
20150711	24.27	8.844	66.88
20150712	20.62	7.786	71.6
20150713	13.92	6.893	79.19
20150714	12.04	6.617	81.35
20150715	19.46	5.378	75.16
20150716	19.44	5.374	75.18
20150717	19.88	5.354	74.77
20150718	18.11	5.279	76.62
20150719	17.33	5.394	77.28
20150720	18.3	5.267	76.43
20150721	17.43	4.342	78.23
20150722	14.21	4.617	81.17
20150723	12.78	3.968	83.26
20150724	15.6	4.592	79.81
20150725	15.59	4.478	79.93
20150726	14.91	4.276	80.82
20150727	16.06	4.158	79.78
20150728	11.93	3.507	84.56
20150729	13.17	2.952	83.88
20150730	13.14	2.812	84.04
20150731	12.73	2.825	84.44
20150801	13.63	2.819	83.55
20150802	nan	nan	nan
20150803	nan	nan	nan
20150804	nan	nan	nan
20150805	nan	nan	nan
20150806	nan	nan	nan
20150807	7.009	0.7345	92.26
20150808	nan	nan	nan
20150809	nan	nan	nan
20150810	6.49	0.3566	93.15
20150811	6.49	0.3566	93.15
20150812	7.034	0.5823	92.38
20150813	8.437	0.9919	90.57
20150814	8.37	0.991	90.64
20150815	3.104	1.171	95.72
20150816	1.132	0.776	98.09
20150817	1.613	0.6599	97.73
20150818	0.58	0.528	98.89
20150819	0.3257	0.4372	99.24
20150820	2.185	0.3865	97.43
20150821	0.3554	0.2298	99.41
20150822	0.184	0.1921	99.62
20150823	0.1826	0.192	99.63
20150824	0.5407	0.2862	99.17
20150825	1.577	0.3076	98.11
20150826	0.9673	0.1497	98.88
20150827	1.451	0.2039	98.35
20150828	1.445	0.204	98.35
20150829	2.727	0.2591	97.01
20150830	2.53	0.2592	97.21
20150831	2.281	0.2312	97.49
20150901	4.531	0.202	95.27
20150902	4.251	0.2075	95.54
20150903	4.256	0.1986	95.55
20150904	4.434	0.1873	95.38
20150905	6.739	0.199	93.06
20150906	nan	nan	nan
20150907	nan	nan	nan
20150908	nan	nan	nan
20150909	nan	nan	nan
20150910	1.662	0.684	97.65
20150911	0.4648	0.4375	99.1
20150912	0.2522	0.3015	99.45
20150913	1.615	0.4486	97.94
20150914	0.4275	0.3198	99.25
20150915	0.394	0.267	99.34
20150916	0.279	0.2343	99.49
20150917	1.174	0.3045	98.52
20150918	2.381	1.028	96.59
20150919	2.334	1.026	96.64
20150920	2.662	1.022	96.32
20150921	1.52	0.6743	97.81
20150922	1.362	0.6023	98.04
20150923	3.174	0.6511	96.18
20150924	1.852	0.1917	97.96
20150925	3.619	0.1687	96.21
20150926	3.637	0.1695	96.19
20150927	5.252	0.2614	94.49
20150928	4.67	0.2611	95.07
20150929	4.016	0.2773	95.71
20150930	6.282	7.441	86.28
20151001	6.168	7.336	86.5
20151002	8.054	7.893	84.05
20151003	7.941	7.441	84.62
20151004	9.644	17.36	73.0
20151005	8.047	62.44	29.51
20151006	8.039	61.29	30.67
20151007	7.872	58.54	33.59
20151008	7.712	55.15	37.14
20151009	7.612	52.62	39.77
20151010	7.403	49.77	42.82
20151011	7.69	60.87	31.44
20151012	14.55	60.62	24.83
20151013	14.54	60.26	25.2
20151014	15.15	59.96	24.89
20151015	15.1	59.34	25.56
20151016	17.79	57.46	24.76
20151017	21.53	49.75	28.72
20151018	21.17	46.76	32.06
20151019	19.69	37.48	42.84
20151020	19.94	37.24	42.82
20151021	22.27	33.7	44.03
20151022	nan	nan	nan
20151023	nan	nan	nan
20151024	nan	nan	nan
20151025	nan	nan	nan
20151026	nan	nan	nan
20151027	nan	nan	nan
20151028	nan	nan	nan
20151029	10.62	60.35	29.03
20151030	10.26	56.4	33.35
20151031	11.81	60.13	28.06
20151101	11.81	60.14	28.05
20151102	11.75	58.84	29.42
20151103	11.45	56.34	32.21
20151104	23.89	47.12	29.0
20151105	24.01	58.56	17.43
20151106	24.01	58.57	17.43
20151107	24.15	58.88	16.97
20151108	24.43	58.51	17.06
20151109	24.92	58.23	16.85
20151110	nan	nan	nan
20151111	nan	nan	nan
20151112	nan	nan	nan
20151113	nan	nan	nan
20151114	nan	nan	nan
20151115	nan	nan	nan
20151116	nan	nan	nan
20151117	nan	nan	nan
20151118	nan	nan	nan
20151119	nan	nan	nan
20151120	nan	nan	nan
20151121	nan	nan	nan
20151122	nan	nan	nan
20151123	nan	nan	nan
20151124	nan	nan	nan
20151125	nan	nan	nan
20151126	nan	nan	nan
20151127	nan	nan	nan
20151128	nan	nan	nan
20151129	nan	nan	nan
20151130	nan	nan	nan
20151201	nan	nan	nan
20151202	nan	nan	nan
20151203	nan	nan	nan
20151204	nan	nan	nan
20151205	nan	nan	nan
20151206	nan	nan	nan
20151207	nan	nan	nan
20151208	nan	nan	nan
20151209	nan	nan	nan
20151210	nan	nan	nan
20151211	nan	nan	nan
20151212	nan	nan	nan
20151213	nan	nan	nan
20151214	nan	nan	nan
20151215	nan	nan	nan
20151216	nan	nan	nan
20151217	nan	nan	nan
20151218	nan	nan	nan
20151219	nan	nan	nan
20151220	nan	nan	nan
20151221	nan	nan	nan
20151222	nan	nan	nan
20151223	nan	nan	nan
20151224	nan	nan	nan
20151225	nan	nan	nan
20151226	nan	nan	nan
20151227	nan	nan	nan
20151228	nan	nan	nan
20151229	nan	nan	nan
20151230	nan	nan	nan
20151231	nan	nan	nan
20160101	nan	nan	nan
20160102	nan	nan	nan
20160103	nan	nan	nan
20160104	nan	nan	nan
20160105	nan	nan	nan
20160106	nan	nan	nan
20160107	nan	nan	nan
20160108	nan	nan	nan
20160109	nan	nan	nan
20160110	nan	nan	nan
20160111	nan	nan	nan
20160112	nan	nan	nan
20160113	nan	nan	nan
20160114	nan	nan	nan
20160115	nan	nan	nan
20160116	nan	nan	nan
20160117	nan	nan	nan
20160118	nan	nan	nan
20160119	nan	nan	nan
20160120	nan	nan	nan
20160121	nan	nan	nan
20160122	nan	nan	nan
20160123	nan	nan	nan
20160124	nan	nan	nan
20160125	nan	nan	nan
20160126	nan	nan	nan
20160127	nan	nan	nan
20160128	nan	nan	nan
20160129	nan	nan	nan
20160130	nan	nan	nan
20160131	nan	nan	nan
20160201	nan	nan	nan
20160202	nan	nan	nan
20160203	nan	nan	nan
20160204	nan	nan	nan
20160205	nan	nan	nan
20160206	nan	nan	nan
20160207	nan	nan	nan
20160208	nan	nan	nan
20160209	nan	nan	nan
20160210	nan	nan	nan
20160211	nan	nan	nan
20160212	nan	nan	nan
20160213	nan	nan	nan
20160214	nan	nan	nan
20160215	nan	nan	nan
20160216	nan	nan	nan
20160217	nan	nan	nan
20160218	nan	nan	nan
20160219	nan	nan	nan
20160220	nan	nan	nan
20160221	nan	nan	nan
20160222	nan	nan	nan
20160223	nan	nan	nan
20160224	nan	nan	nan
20160225	nan	nan	nan
20160226	0.0203	99.71	0.2658
20160227	0.0203	99.71	0.2658
20160228	0.1761	99.61	0.2135
20160229	0.1761	99.61	0.2135
20160301	0.9442	99.02	0.0335
20160302	0.9442	99.02	0.0335
20160303	0.9505	99.02	0.0335
20160304	0.9455	98.07	0.9812
20160305	0.9455	98.06	0.9924
20160306	0.9455	98.06	0.9924
20160307	0.9456	98.06	0.9925
20160308	0.9645	98.02	1.012
20160309	0.2733	98.53	1.202
20160310	0.2716	98.49	1.236
20160311	0.5532	98.42	1.025
20160312	0.553	98.42	1.03
20160313	0.553	98.42	1.03
20160314	0.553	98.42	1.03
20160315	17.58	81.5	0.913
20160316	26.35	72.92	0.732
20160317	26.39	72.87	0.7334
20160318	26.38	72.86	0.7561
20160319	26.45	72.79	0.7568
20160320	28.06	71.15	0.7912
20160321	23.23	76.75	0.01635
20160322	23.65	76.33	0.01665
20160323	24.09	75.89	0.01617
20160324	24.07	75.87	0.0585
20160325	23.45	76.5	0.04904
20160326	23.33	76.63	0.04887
20160327	23.48	76.47	0.04924
20160328	19.42	80.33	0.2519
20160329	19.39	80.36	0.2521
20160330	19.29	80.26	0.4463
20160331	19.24	80.11	0.6478
20160401	19.27	79.82	0.9089
20160402	3.598	96.11	0.2928
20160403	3.598	96.11	0.2928
20160404	1.498	98.27	0.235
20160405	1.498	98.24	0.2589
20160406	1.74	97.96	0.304
20160407	1.74	97.96	0.304
20160408	2.283	97.43	0.2891
20160409	2.586	97.12	0.2891
20160410	2.586	97.12	0.2891
20160411	2.586	97.12	0.2891
20160412	2.587	97.12	0.2892
20160413	2.639	97.08	0.28
20160414	6.195	93.56	0.2465
20160415	7.038	92.61	0.3476
20160416	nan	nan	nan
20160417	nan	nan	nan
20160418	2.035	97.7	0.26
20160419	2.002	97.45	0.55
20160420	4.003	95.43	0.566
20160421	0.4187	99.01	0.5704
20160422	0.4187	99.01	0.5704
20160423	0.4187	98.99	0.5929
20160424	0.416	98.8	0.7813
20160425	0.4135	98.31	1.273
20160426	0.5906	98.18	1.234
20160427	0.5898	98.18	1.234
20160428	46.45	50.66	2.898
20160429	46.15	50.27	3.58
20160430	62.57	32.98	4.448
20160501	62.39	31.81	5.8
20160502	56.87	36.63	6.504
20160503	54.94	38.65	6.413
20160504	54.93	38.63	6.436
20160505	54.93	38.63	6.436
20160506	54.9	38.21	6.891
20160507	54.9	38.2	6.905
20160508	59.75	33.29	6.957
20160509	59.84	33.08	7.082
20160510	60.25	32.45	7.301
20160511	60.52	32.28	7.194
20160512	60.61	32.09	7.302
20160513	65.33	26.97	7.699
20160514	57.8	33.34	8.856
20160515	57.25	33.28	9.472
20160516	57.75	32.73	9.523
20160517	57.86	30.54	11.6
20160518	57.51	29.53	12.96
20160519	57.03	28.58	14.39
20160520	41.61	41.23	17.16
20160521	41.54	41.11	17.35
20160522	48.05	32.21	19.75
20160523	48.18	31.87	19.96
20160524	46.64	30.88	22.48
20160525	47.58	29.04	23.38
20160526	36.25	31.23	32.53
20160527	35.1	24.16	40.74
20160528	35.1	23.88	41.02
20160529	31.7	21.49	46.81
20160530	28.36	17.25	54.39
20160531	24.87	19.51	55.61
20160601	26.99	17.57	55.44
20160602	24.2	15.96	59.84
20160603	31.84	13.02	55.15
20160604	31.78	12.92	55.3
20160605	34.73	11.63	53.63
20160606	34.59	10.7	54.7
20160607	35.12	9.524	55.36
20160608	35.96	9.313	54.73
20160609	36.59	7.747	55.66
20160610	34.8	7.855	57.35
20160611	33.4	7.031	59.56
20160612	34.97	6.874	58.16
20160613	38.09	5.247	56.67
20160614	38.34	5.143	56.52
20160615	41.33	5.611	53.06
20160616	41.09	5.64	53.27
20160617	41.51	5.624	52.87
20160618	41.46	5.611	52.93
20160619	41.21	5.634	53.15
20160620	41.22	5.636	53.14
20160621	nan	nan	nan
20160622	nan	nan	nan
20160623	nan	nan	nan
20160624	nan	nan	nan
20160625	nan	nan	nan
20160626	nan	nan	nan
20160627	2.292	0.09335	97.61
20160628	2.292	0.09335	97.61
20160629	12.78	1.003	86.21
20160630	9.789	0.166	90.04
20160701	10.15	0.7926	89.06
20160702	9.293	0.7724	89.94
20160703	7.919	0.7358	91.35
20160704	6.774	1.016	92.21
20160705	6.763	1.016	92.22
20160706	9.122	0.9859	89.89
20160707	10.11	0.9088	88.98
20160708	8.605	0.8651	90.53
20160709	9.68	0.774	89.55
20160710	9.021	0.7211	90.26
20160711	9.271	0.9977	89.73
20160712	5.212	0.4223	94.37
20160713	3.647	0.3906	95.96
20160714	5.949	0.9255	93.13
20160715	6.128	0.4511	93.42
20160716	6.082	0.5008	93.42
20160717	5.846	0.4992	93.65
20160718	7.547	0.4826	91.97
20160719	7.81	0.5034	91.69
20160720	6.565	0.3886	93.05
20160721	3.495	0.1933	96.31
20160722	0.2514	0.09812	99.65
20160723	1.017	0.2467	98.74
20160724	0.995	0.2356	98.77
20160725	1.497	0.1582	98.34
20160726	2.488	0.2248	97.29
20160727	2.488	0.2248	97.29
20160728	2.473	0.2723	97.25
20160729	2.125	0.2561	97.62
20160730	1.551	0.2679	98.18
20160731	2.687	0.2354	97.08
20160801	2.684	0.2245	97.09
20160802	4.174	0.175	95.65
20160803	4.311	0.1848	95.5
20160804	2.904	0.7223	96.37
20160805	1.58	0.5522	97.87
20160806	2.238	0.578	97.18
20160807	4.147	0.5308	95.32
20160808	4.139	0.5309	95.33
20160809	4.141	0.6063	95.25
20160810	2.812	0.2405	96.95
20160811	4.52	0.2375	95.24
20160812	5.14	0.226	94.63
20160813	3.436	0.1908	96.37
20160814	5.242	0.146	94.61
20160815	3.19	0.1135	96.7
20160816	1.436	0.221	98.34
20160817	0.2594	0.06956	99.67
20160818	0.2381	0.1432	99.62
20160819	1.273	0.157	98.57
20160820	0.6171	0.09078	99.29
20160821	0.7946	0.1999	99.01
20160822	0.08037	0.002679	99.92
20160823	1.977	0.2005	97.82
20160824	2.148	0.2607	97.59
20160825	2.144	0.2607	97.6
20160826	4.759	0.208	95.03
20160827	4.61	0.208	95.18
20160828	8.485	0.2197	91.3
20160829	8.452	0.2197	91.33
20160830	8.481	0.3778	91.14
20160831	8.857	0.355	90.79
20160901	8.858	0.3553	90.79
20160902	8.885	0.4289	90.69
20160903	5.768	0.1828	94.05
20160904	nan	nan	nan
20160905	nan	nan	nan
20160906	nan	nan	nan
20160907	nan	nan	nan
20160908	nan	nan	nan
20160909	nan	nan	nan
20160910	5.331	2.081	92.59
20160911	6.305	2.064	91.63
20160912	7.548	2.419	90.03
20160913	2.627	0.8054	96.57
20160914	2.697	0.8772	96.43
20160915	2.459	0.8351	96.71
20160916	1.11	0.2496	98.64
20160917	1.299	0.3019	98.4
20160918	1.161	0.2831	98.56
20160919	2.241	2.461	95.3
20160920	2.144	2.137	95.72
20160921	2.068	1.677	96.26
20160922	0.3382	0.2725	99.39
20160923	0.8135	0.218	98.97
20160924	2.738	0.2194	97.04
20160925	2.738	0.2194	97.04
20160926	2.372	0.2831	97.34
20160927	6.118	0.3809	93.5
20160928	6.503	0.377	93.12
20160929	7.642	0.4292	91.93
20160930	12.22	1.889	85.9
20161001	14.09	1.997	83.92
20161002	13.07	3.899	83.03
20161003	13.7	12.91	73.39
20161004	11.87	34.67	53.47
20161005	16.45	29.8	53.75
20161006	16.76	29.61	53.63
20161007	14.35	20.1	65.55
20161008	8.645	10.09	81.27
20161009	10.47	3.82	85.71
20161010	3.644	3.259	93.1
20161011	8.609	3.073	88.32
20161012	11.86	2.607	85.54
20161013	12.24	2.568	85.19
20161014	12.18	2.324	85.5
20161015	5.207	2.273	92.52
20161016	18.31	2.519	79.17
20161017	19.82	3.586	76.6
20161018	12.44	7.163	80.4
20161019	13.16	8.135	78.7
20161020	3.628	4.382	91.99
20161021	12.51	9.799	77.69
20161022	5.98	7.406	86.61
20161023	15.16	11.52	73.33
20161024	26.51	11.36	62.13
20161025	26.02	11.96	62.02
20161026	17.28	11.6	71.11
20161027	15.16	13.28	71.56
20161028	21.49	23.16	55.34
20161029	30.86	29.44	39.7
20161030	26.53	37.2	36.27
20161031	39.17	42.69	18.13
20161101	31.27	46.39	22.35
20161102	30.82	46.37	22.81
20161103	27.68	53.7	18.62
20161104	26.86	59.47	13.67
20161105	23.29	57.07	19.64
20161106	40.47	50.66	8.867
20161107	40.49	50.54	8.97
20161108	45.96	47.17	6.867
20161109	46.32	47.03	6.651
20161110	51.18	43.34	5.474
20161111	54.03	40.83	5.139
20161112	54.76	40.48	4.761
20161113	55.48	40.02	4.503
20161114	57.16	38.36	4.48
20161115	nan	nan	nan
20161116	nan	nan	nan
20161117	nan	nan	nan
20161118	nan	nan	nan
20161119	nan	nan	nan
20161120	nan	nan	nan
20161121	nan	nan	nan
20161122	nan	nan	nan
20161123	nan	nan	nan
20161124	nan	nan	nan
20161125	nan	nan	nan
20161126	nan	nan	nan
20161127	nan	nan	nan
20161128	nan	nan	nan
20161129	nan	nan	nan
20161130	nan	nan	nan
20161201	nan	nan	nan
20161202	nan	nan	nan
20161203	nan	nan	nan
20161204	nan	nan	nan
20161205	nan	nan	nan
20161206	nan	nan	nan
20161207	nan	nan	nan
20161208	nan	nan	nan
20161209	nan	nan	nan
20161210	nan	nan	nan
20161211	nan	nan	nan
20161212	nan	nan	nan
20161213	nan	nan	nan
20161214	nan	nan	nan
20161215	nan	nan	nan
20161216	nan	nan	nan
20161217	nan	nan	nan
20161218	nan	nan	nan
20161219	nan	nan	nan
20161220	nan	nan	nan
20161221	nan	nan	nan
20161222	nan	nan	nan
20161223	nan	nan	nan
20161224	nan	nan	nan
20161225	nan	nan	nan
20161226	nan	nan	nan
20161227	nan	nan	nan
20161228	nan	nan	nan
20161229	nan	nan	nan
20161230	nan	nan	nan
20161231	nan	nan	nan
20170101	nan	nan	nan
20170102	nan	nan	nan
20170103	nan	nan	nan
20170104	nan	nan	nan
20170105	nan	nan	nan
20170106	nan	nan	nan
20170107	nan	nan	nan
20170108	nan	nan	nan
20170109	nan	nan	nan
20170110	nan	nan	nan
20170111	nan	nan	nan
20170112	nan	nan	nan
20170113	nan	nan	nan
20170114	nan	nan	nan
20170115	nan	nan	nan
20170116	nan	nan	nan
20170117	nan	nan	nan
20170118	nan	nan	nan
20170119	nan	nan	nan
20170120	nan	nan	nan
20170121	nan	nan	nan
20170122	nan	nan	nan
20170123	nan	nan	nan
20170124	nan	nan	nan
20170125	nan	nan	nan
20170126	nan	nan	nan
20170127	nan	nan	nan
20170128	nan	nan	nan
20170129	nan	nan	nan
20170130	nan	nan	nan
20170131	nan	nan	nan
20170201	nan	nan	nan
20170202	nan	nan	nan
20170203	nan	nan	nan
20170204	nan	nan	nan
20170205	nan	nan	nan
20170206	nan	nan	nan
20170207	2.515	97.14	0.3428
20170208	2.381	97.11	0.5061
20170209	2.769	96.86	0.3745
20170210	2.767	96.82	0.4087
20170211	1.558	98.02	0.4217
20170212	7.359	92.22	0.4207
20170213	39.6	60.06	0.3378
20170214	45.53	53.97	0.5
20170215	45.54	53.97	0.4917
20170216	45.69	53.82	0.4933
20170217	44.71	54.85	0.4365
20170218	nan	nan	nan
20170219	nan	nan	nan
20170220	nan	nan	nan
20170221	nan	nan	nan
20170222	nan	nan	nan
20170223	nan	nan	nan
20170224	nan	nan	nan
20170225	4.924	93.98	1.101
20170226	1.625	97.56	0.8121
20170227	0.3649	99.36	0.2747
20170228	0.2019	99.5	0.2971
20170301	0.07184	99.54	0.3919
20170302	0.04291	99.79	0.1716
20170303	0.02495	99.64	0.3371
20170304	0.02957	99.58	0.393
20170305	0.01047	99.75	0.2385
20170306	0.004519	99.89	0.1058
20170307	0.02398	99.88	0.09412
20170308	0.01353	99.89	0.09608
20170309	0.04107	99.87	0.08485
20170310	0.04391	99.58	0.3794
20170311	0.01503	99.64	0.3475
20170312	0.04434	99.59	0.3675
20170313	0.04573	99.61	0.3437
20170314	nan	nan	nan
20170315	nan	nan	nan
20170316	nan	nan	nan
20170317	nan	nan	nan
20170318	nan	nan	nan
20170319	nan	nan	nan
20170320	nan	nan	nan
20170321	nan	nan	nan
20170322	nan	nan	nan
20170323	nan	nan	nan
20170324	0.01571	99.84	0.1468
20170325	nan	nan	nan
20170326	nan	nan	nan
20170327	nan	nan	nan
20170328	8.965	90.98	0.05199
20170329	nan	nan	nan
20170330	nan	nan	nan
20170331	nan	nan	nan
20170401	nan	nan	nan
20170402	nan	nan	nan
20170403	nan	nan	nan
20170404	20.66	79.32	0.02726
20170405	33.35	66.58	0.0697
20170406	33.75	66.17	0.08288
20170407	36.06	63.86	0.07435
20170408	11.86	88.12	0.01596
20170409	16.83	83.15	0.01624
20170410	16.75	83.23	0.01623
20170411	17.08	82.9	0.01636
20170412	15.83	84.15	0.0246
20170413	5.303	94.7	0.0
20170414	3.366	96.62	0.01185
20170415	nan	nan	nan
20170416	nan	nan	nan
20170417	2.402	97.6	0.0
20170418	2.365	97.63	0.0
20170419	2.396	97.6	0.0
20170420	2.251	97.75	0.0
20170421	2.488	97.51	0.0
20170422	1.765	98.23	0.0
20170423	0.554	99.45	0.0
20170424	nan	nan	nan
20170425	1.467	98.53	0.0
20170426	3.365	96.64	0.0
20170427	2.336	97.66	0.0
20170428	0.3315	99.67	0.0
20170429	0.5145	99.49	0.0
20170430	0.6367	99.36	0.0
20170501	0.8643	99.14	0.0
20170502	1.12	98.88	0.0
20170503	4.234	95.77	0.0
20170504	5.038	94.96	0.0
20170505	60.14	39.86	0.0
20170506	75.08	24.92	0.0
20170507	73.65	26.32	0.02222
20170508	71.74	28.18	0.0839
20170509	57.93	41.99	0.08133
20170510	63.09	36.82	0.08907
20170511	36.44	63.48	0.08505
20170512	22.14	77.71	0.1484
20170513	19.89	80.0	0.1045
20170514	13.39	86.42	0.1971
20170515	23.81	75.84	0.3543
20170516	15.58	84.09	0.332
20170517	23.27	76.4	0.3267
20170518	35.2	64.14	0.6632
20170519	68.84	30.52	0.6373
20170520	72.98	26.42	0.5972
20170521	76.7	22.74	0.5597
20170522	80.07	19.51	0.4138
20170523	78.12	21.34	0.5337
20170524	76.83	22.64	0.5329
20170525	78.74	20.24	1.029
20170526	75.4	23.54	1.061
20170527	67.77	29.37	2.865
20170528	72.92	24.28	2.793
20170529	71.46	25.89	2.655
20170530	73.06	24.23	2.708
20170531	72.47	24.88	2.649
20170601	73.83	23.84	2.325
20170602	69.52	27.64	2.838
20170603	41.99	53.14	4.872
20170604	52.37	42.78	4.848
20170605	52.54	42.81	4.643
20170606	66.67	28.24	5.087
20170607	55.14	37.85	7.015
20170608	55.59	33.55	10.86
20170609	56.3	28.76	14.94
20170610	52.17	26.67	21.15
20170611	49.55	27.49	22.96
20170612	42.46	32.09	25.45
20170613	46.51	25.2	28.29
20170614	48.62	20.84	30.54
20170615	49.25	19.47	31.28
20170616	49.75	18.15	32.1
20170617	47.3	18.37	34.32
20170618	49.79	15.7	34.51
20170619	51.06	13.42	35.52
20170620	52.67	11.94	35.4
20170621	nan	nan	nan
20170622	nan	nan	nan
20170623	48.33	12.11	39.56
20170624	nan	nan	nan
20170625	nan	nan	nan
20170626	nan	nan	nan
20170627	nan	nan	nan
20170628	nan	nan	nan
20170629	nan	nan	nan
20170630	nan	nan	nan
20170701	nan	nan	nan
20170702	nan	nan	nan
20170703	nan	nan	nan
20170704	nan	nan	nan
20170705	nan	nan	nan
20170706	nan	nan	nan
20170707	nan	nan	nan
20170708	nan	nan	nan
20170709	nan	nan	nan
20170710	nan	nan	nan
20170711	28.44	5.282	66.28
20170712	31.67	3.755	64.58
20170713	nan	nan	nan
20170714	nan	nan	nan
20170715	nan	nan	nan
20170716	nan	nan	nan
20170717	nan	nan	nan
20170718	nan	nan	nan
20170719	nan	nan	nan
20170720	nan	nan	nan
20170721	nan	nan	nan
20170722	nan	nan	nan
20170723	14.79	0.8878	84.32
20170724	15.69	0.687	83.62
20170725	8.429	0.6008	90.97
20170726	10.18	0.433	89.39
20170727	11.21	0.2694	88.52
20170728	9.577	0.2012	90.22
20170729	6.716	0.1791	93.1
20170730	9.206	0.3085	90.49
20170731	12.14	0.2298	87.63
20170801	13.12	0.2192	86.66
20170802	13.11	0.2469	86.64
20170803	13.58	0.1991	86.22
20170804	11.44	0.2046	88.36
20170805	nan	nan	nan
20170806	nan	nan	nan
20170807	11.74	5.672	82.58
20170808	10.87	1.827	87.3
20170809	10.95	1.83	87.22
20170810	10.69	3.271	86.04
20170811	9.294	2.178	88.53
20170812	10.19	2.683	87.13
20170813	11.06	2.048	86.89
20170814	11.26	1.787	86.96
20170815	nan	nan	nan
20170816	8.789	1.448	89.76
20170817	10.92	0.9136	88.16
20170818	11.01	0.9216	88.07
20170819	9.857	0.6123	89.53
20170820	nan	nan	nan
20170821	nan	nan	nan
20170822	nan	nan	nan
20170823	nan	nan	nan
20170824	nan	nan	nan
20170825	nan	nan	nan
20170826	nan	nan	nan
20170827	nan	nan	nan
20170828	nan	nan	nan
20170829	nan	nan	nan
20170830	nan	nan	nan
20170831	nan	nan	nan
20170901	nan	nan	nan
20170902	nan	nan	nan
20170903	nan	nan	nan
20170904	3.865	0.4179	95.72
20170905	4.842	0.26	94.9
20170906	6.097	0.2233	93.68
20170907	3.416	0.2699	96.31
20170908	5.79	0.1863	94.02
20170909	5.635	0.1862	94.18
20170910	9.029	0.2708	90.7
20170911	8.917	0.9359	90.15
20170912	10.57	4.621	84.81
20170913	10.89	4.59	84.52
20170914	nan	nan	nan
20170915	nan	nan	nan
20170916	nan	nan	nan
20170917	nan	nan	nan
20170918	nan	nan	nan
20170919	nan	nan	nan
20170920	nan	nan	nan
20170921	nan	nan	nan
20170922	10.04	0.5668	89.39
20170923	9.919	3.375	86.71
20170924	6.445	0.3851	93.17
20170925	8.017	0.2177	91.77
20170926	5.186	0.2503	94.56
20170927	1.508	0.4236	98.07
20170928	1.521	0.6103	97.87
20170929	2.56	0.3567	97.08
20170930	3.093	0.3801	96.53
20171001	1.982	0.4126	97.61
20171002	3.503	0.3229	96.17
20171003	3.509	0.8223	95.67
20171004	9.503	0.8124	89.68
20171005	9.183	0.6728	90.14
20171006	12.01	0.6409	87.35
20171007	13.78	1.348	84.87
20171008	nan	nan	nan
20171009	9.95	6.116	83.93
20171010	6.778	8.447	84.78
20171011	13.13	10.23	76.65
20171012	14.21	16.23	69.56
20171013	6.957	23.51	69.53
20171014	11.46	26.74	61.81
20171015	9.716	31.49	58.79
20171016	20.97	26.61	52.41
20171017	15.92	49.2	34.88
20171018	23.54	45.85	30.61
20171019	27.23	47.42	25.35
20171020	14.8	79.17	6.036
20171021	19.48	75.84	4.683
20171022	9.377	86.18	4.444
20171023	33.02	65.44	1.543
20171024	31.05	67.68	1.276
20171025	25.91	72.44	1.655
20171026	28.27	69.49	2.236
20171027	28.13	69.74	2.137
20171028	31.19	66.27	2.538
20171029	22.01	74.99	3.002
20171030	19.81	78.63	1.561
20171031	9.807	88.76	1.435
20171101	13.81	84.93	1.26
20171102	12.84	84.21	2.955
20171103	13.97	83.85	2.181
20171104	23.46	72.32	4.224
20171105	20.56	75.92	3.513
20171106	11.73	85.7	2.576
20171107	13.43	83.94	2.631
20171108	14.23	83.12	2.648
20171109	18.28	79.71	2.017
20171110	nan	nan	nan
20171111	nan	nan	nan
20171112	nan	nan	nan
20171113	nan	nan	nan
20171114	nan	nan	nan
20171115	nan	nan	nan
20171116	nan	nan	nan
20171117	nan	nan	nan
20171118	nan	nan	nan
20171119	nan	nan	nan
20171120	nan	nan	nan
20171121	nan	nan	nan
20171122	nan	nan	nan
20171123	nan	nan	nan
20171124	nan	nan	nan
20171125	nan	nan	nan
20171126	nan	nan	nan
20171127	nan	nan	nan
20171128	nan	nan	nan
20171129	nan	nan	nan
20171130	nan	nan	nan
20171201	nan	nan	nan
20171202	nan	nan	nan
20171203	nan	nan	nan
20171204	nan	nan	nan
20171205	nan	nan	nan
20171206	nan	nan	nan
20171207	nan	nan	nan
20171208	nan	nan	nan
20171209	nan	nan	nan
20171210	nan	nan	nan
20171211	nan	nan	nan
20171212	nan	nan	nan
20171213	nan	nan	nan
20171214	nan	nan	nan
20171215	nan	nan	nan
20171216	nan	nan	nan
20171217	nan	nan	nan
20171218	nan	nan	nan
20171219	nan	nan	nan
20171220	nan	nan	nan
20171221	nan	nan	nan
20171222	nan	nan	nan
20171223	nan	nan	nan
20171224	nan	nan	nan
20171225	nan	nan	nan
20171226	nan	nan	nan
20171227	nan	nan	nan
20171228	nan	nan	nan
20171229	nan	nan	nan
20171230	nan	nan	nan
20171231	nan	nan	nan
20180101	nan	nan	nan
20180102	nan	nan	nan
20180103	nan	nan	nan
20180104	nan	nan	nan
20180105	nan	nan	nan
20180106	nan	nan	nan
20180107	nan	nan	nan
20180108	nan	nan	nan
20180109	nan	nan	nan
20180110	nan	nan	nan
20180111	nan	nan	nan
20180112	nan	nan	nan
20180113	nan	nan	nan
20180114	nan	nan	nan
20180115	nan	nan	nan
20180116	nan	nan	nan
20180117	nan	nan	nan
20180118	nan	nan	nan
20180119	nan	nan	nan
20180120	nan	nan	nan
20180121	nan	nan	nan
20180122	nan	nan	nan
20180123	nan	nan	nan
20180124	nan	nan	nan
20180125	nan	nan	nan
20180126	nan	nan	nan
20180127	nan	nan	nan
20180128	nan	nan	nan
20180129	nan	nan	nan
20180130	nan	nan	nan
20180131	nan	nan	nan
20180201	nan	nan	nan
20180202	nan	nan	nan
20180203	nan	nan	nan
20180204	nan	nan	nan
20180205	nan	nan	nan
20180206	nan	nan	nan
20180207	nan	nan	nan
20180208	nan	nan	nan
20180209	7.384	91.65	0.9614
20180210	6.85	92.29	0.8608
20180211	1.021	97.41	1.573
20180212	1.01	96.72	2.272
20180213	3.523	94.81	1.664
20180214	0.8594	95.41	3.728
20180215	3.18	93.33	3.49
20180216	7.291	92.16	0.5485
20180217	2.521	97.23	0.2532
20180218	4.628	95.22	0.1525
20180219	3.259	94.98	1.765
20180220	10.78	88.99	0.2261
20180221	5.08	94.81	0.1135
20180222	1.104	98.81	0.08618
20180223	5.308	94.57	0.124
20180224	3.732	96.12	0.1466
20180225	11.07	88.8	0.1301
20180226	5.191	94.32	0.4913
20180227	7.649	92.12	0.2339
20180228	10.11	89.66	0.2237
20180301	10.17	89.61	0.2166
20180302	10.31	89.47	0.2189
20180303	10.39	89.32	0.2886
20180304	13.52	86.13	0.3517
20180305	9.418	90.27	0.3117
20180306	4.792	95.17	0.03963
20180307	8.09	91.73	0.1782
20180308	5.757	94.19	0.0573
20180309	13.59	86.4	0.01022
20180310	9.589	90.41	0.003405
20180311	7.526	92.46	0.01797
20180312	8.245	91.73	0.02771
20180313	8.936	91.06	0.006612
20180314	9.094	90.91	0.0
20180315	2.839	97.15	0.007747
20180316	11.35	88.65	0.001341
20180317	12.23	87.77	0.0
20180318	11.0	88.96	0.04472
20180319	10.24	89.72	0.0447
20180320	8.902	91.05	0.0447
20180321	7.968	91.86	0.1676
20180322	7.125	92.71	0.1685
20180323	4.013	95.99	0.0
20180324	8.64	91.36	0.0
20180325	8.7	91.3	0.0
20180326	9.116	90.88	0.0
20180327	7.845	92.02	0.1332
20180328	8.651	91.18	0.1694
20180329	7.774	91.95	0.2715
20180330	7.188	92.47	0.3459
20180331	nan	nan	nan
20180401	nan	nan	nan
20180402	2.635	97.31	0.05347
20180403	0.5381	99.46	0.0
20180404	1.234	98.77	0.0
20180405	2.99	96.98	0.03447
20180406	3.052	96.91	0.03447
20180407	3.07	96.87	0.05739
20180408	0.6618	99.29	0.04508
20180409	1.273	98.64	0.08655
20180410	2.245	97.68	0.07815
20180411	2.237	97.69	0.07655
20180412	0.4406	99.56	0.0
20180413	1.908	98.09	0.0
20180414	10.23	89.77	0.0
20180415	10.98	89.02	0.0
20180416	26.84	73.16	0.0
20180417	19.71	80.29	0.0
20180418	8.547	91.41	0.04462
20180419	17.05	82.9	0.04462
20180420	56.09	43.87	0.03614
20180421	70.09	29.88	0.02722
20180422	72.97	27.01	0.02097
20180423	64.14	35.69	0.1687
20180424	67.26	32.57	0.1673
20180425	76.01	23.82	0.1763
20180426	77.34	22.48	0.1755
20180427	77.21	22.61	0.1787
20180428	76.64	23.18	0.1843
20180429	81.6	18.19	0.2107
20180430	nan	nan	nan
20180501	69.01	29.3	1.695
20180502	64.61	33.6	1.79
20180503	67.02	29.84	3.131
20180504	66.57	28.93	4.501
20180505	63.03	32.47	4.504
20180506	68.57	26.07	5.363
20180507	68.8	25.84	5.363
20180508	57.64	35.76	6.602
20180509	49.16	43.26	7.584
20180510	52.91	35.87	11.22
20180511	52.76	34.73	12.51
20180512	50.74	35.43	13.83
20180513	49.27	35.87	14.85
20180514	33.98	46.33	19.69
20180515	37.08	40.82	22.1
20180516	38.27	32.53	29.2
20180517	29.72	34.42	35.86
20180518	36.76	25.11	38.14
20180519	36.73	24.21	39.07
20180520	38.51	21.94	39.55
20180521	39.74	20.41	39.85
20180522	41.56	18.68	39.77
20180523	44.62	16.61	38.77
20180524	nan	nan	nan
20180525	nan	nan	nan
20180526	nan	nan	nan
20180527	nan	nan	nan
20180528	nan	nan	nan
20180529	nan	nan	nan
20180530	nan	nan	nan
20180531	32.84	3.939	63.23
20180601	26.74	5.838	67.42
20180602	26.9	4.925	68.17
20180603	29.08	5.295	65.63
20180604	36.13	3.239	60.63
20180605	35.33	5.843	58.83
20180606	36.72	5.622	57.66
20180607	40.21	5.327	54.47
20180608	nan	nan	nan
20180609	nan	nan	nan
20180610	nan	nan	nan
20180611	nan	nan	nan
20180612	nan	nan	nan
20180613	nan	nan	nan
20180614	nan	nan	nan
20180615	nan	nan	nan
20180616	nan	nan	nan
20180617	22.74	3.075	74.18
20180618	22.32	3.07	74.61
20180619	22.58	3.106	74.31
20180620	24.64	4.057	71.3
20180621	24.83	5.084	70.09
20180622	24.47	4.858	70.67
20180623	23.73	4.863	71.41
20180624	nan	nan	nan
20180625	nan	nan	nan
20180626	nan	nan	nan
20180627	nan	nan	nan
20180628	nan	nan	nan
20180629	nan	nan	nan
20180630	nan	nan	nan
20180701	9.777	3.14	87.08
20180702	7.846	1.489	90.67
20180703	9.122	1.27	89.61
20180704	9.897	1.182	88.92
20180705	10.45	0.8816	88.67
20180706	10.34	0.9511	88.71
20180707	10.35	0.9557	88.69
20180708	8.328	0.6204	91.05
20180709	9.953	0.4865	89.56
20180710	7.138	0.366	92.5
20180711	3.823	0.3097	95.87
20180712	2.851	0.3162	96.83
20180713	2.084	0.2391	97.68
20180714	3.086	0.1414	96.77
20180715	4.161	0.2329	95.61
20180716	2.999	0.2532	96.75
20180717	2.362	0.171	97.47
20180718	1.24	0.1324	98.63
20180719	2.797	0.2079	96.99
20180720	2.349	0.1659	97.48
20180721	2.806	0.341	96.85
20180722	4.36	0.1965	95.44
20180723	4.591	0.2178	95.19
20180724	4.69	0.1953	95.11
20180725	4.778	0.256	94.97
20180726	3.711	0.1954	96.09
20180727	3.2	0.1926	96.61
20180728	0.7933	0.2049	99.0
20180729	1.235	0.1871	98.58
20180730	1.188	0.1726	98.64
20180731	0.7981	0.2123	98.99
20180801	0.4488	0.04966	99.5
20180802	1.663	0.06855	98.27
20180803	3.682	0.1507	96.17
20180804	3.298	0.1478	96.55
20180805	3.295	0.1417	96.56
20180806	3.412	0.2119	96.38
20180807	4.436	0.1417	95.42
20180808	5.829	0.1615	94.01
20180809	6.006	0.3152	93.68
20180810	6.92	0.261	92.82
20180811	6.524	1.508	91.97
20180812	7.471	1.526	91.0
20180813	7.557	1.531	90.91
20180814	8.125	1.784	90.09
20180815	nan	nan	nan
20180816	nan	nan	nan
20180817	nan	nan	nan
20180818	2.957	0.3562	96.69
20180819	5.292	0.2315	94.48
20180820	6.428	0.4808	93.09
20180821	5.843	0.8242	93.33
20180822	5.549	0.9231	93.53
20180823	4.738	0.9732	94.29
20180824	5.831	1.036	93.13
20180825	6.089	1.144	92.77
20180826	4.818	0.8234	94.36
20180827	6.308	0.7743	92.92
20180828	2.136	0.4172	97.45
20180829	2.271	0.3183	97.41
20180830	4.087	0.3441	95.57
20180831	4.583	0.2414	95.18
20180901	5.443	0.2181	94.34
20180902	5.748	0.2592	93.99
20180903	5.944	5.018	89.04
20180904	4.208	4.624	91.17
20180905	3.029	0.2338	96.74
20180906	1.05	0.07242	98.88
20180907	2.351	0.2774	97.37
20180908	3.967	0.1652	95.87
20180909	1.626	0.2142	98.16
20180910	0.641	0.07571	99.28
20180911	1.774	1.474	96.75
20180912	4.706	1.046	94.25
20180913	6.571	0.9581	92.47
20180914	6.689	2.064	91.25
20180915	8.118	1.925	89.96
20180916	9.65	3.298	87.05
20180917	9.212	2.348	88.44
20180918	9.355	2.123	88.52
20180919	10.71	16.19	73.1
20180920	9.205	8.918	81.88
20180921	8.144	6.62	85.24
20180922	4.606	3.311	92.08
20180923	8.046	3.299	88.65
20180924	11.9	3.103	84.99
20180925	15.26	3.404	81.33
20180926	15.7	1.845	82.45
20180927	23.72	7.639	68.65
20180928	23.7	21.43	54.88
20180929	nan	nan	nan
20180930	nan	nan	nan
20181001	nan	nan	nan
20181002	nan	nan	nan
20181003	nan	nan	nan
20181004	23.24	57.01	19.74
20181005	nan	nan	nan
20181006	nan	nan	nan
20181007	nan	nan	nan
20181008	nan	nan	nan
20181009	20.11	70.98	8.901
20181010	nan	nan	nan
20181011	nan	nan	nan
20181012	35.73	48.2	16.07
20181013	42.79	41.22	15.99
20181014	45.05	38.52	16.43
20181015	34.91	40.51	24.58
20181016	32.5	32.05	35.45
20181017	29.58	27.96	42.46
20181018	27.87	27.46	44.66
20181019	26.64	36.21	37.15
20181020	24.65	41.48	33.87
20181021	24.58	49.26	26.16
20181022	24.3	46.73	28.97
20181023	27.81	44.2	27.98
20181024	10.45	69.03	20.52
20181025	36.75	51.64	11.61
20181026	45.89	46.45	7.663
20181027	32.35	61.77	5.882
20181028	37.21	56.0	6.786
20181029	23.34	70.75	5.916
20181030	47.39	50.19	2.42
20181031	51.15	47.22	1.623
20181101	36.63	60.42	2.959
20181102	42.35	54.89	2.754
20181103	36.94	58.43	4.634
20181104	55.67	40.34	3.992
20181105	46.31	48.74	4.948
20181106	40.0	54.75	5.248
20181107	39.37	53.13	7.506
20181108	42.77	50.12	7.109
20181109	43.0	49.9	7.093
20181110	44.87	48.68	6.457
20181111	nan	nan	nan
20181112	nan	nan	nan
20181113	nan	nan	nan
20181114	nan	nan	nan
20181115	nan	nan	nan
20181116	nan	nan	nan
20181117	nan	nan	nan
20181118	nan	nan	nan
20181119	nan	nan	nan
20181120	nan	nan	nan
20181121	nan	nan	nan
20181122	nan	nan	nan
20181123	nan	nan	nan
20181124	nan	nan	nan
20181125	nan	nan	nan
20181126	nan	nan	nan
20181127	nan	nan	nan
20181128	nan	nan	nan
20181129	nan	nan	nan
20181130	nan	nan	nan
20181201	nan	nan	nan
20181202	nan	nan	nan
20181203	nan	nan	nan
20181204	nan	nan	nan
20181205	nan	nan	nan
20181206	nan	nan	nan
20181207	nan	nan	nan
20181208	nan	nan	nan
20181209	nan	nan	nan
20181210	nan	nan	nan
20181211	nan	nan	nan
20181212	nan	nan	nan
20181213	nan	nan	nan
20181214	nan	nan	nan
20181215	nan	nan	nan
20181216	nan	nan	nan
20181217	nan	nan	nan
20181218	nan	nan	nan
20181219	nan	nan	nan
20181220	nan	nan	nan
20181221	nan	nan	nan
20181222	nan	nan	nan
20181223	nan	nan	nan
20181224	nan	nan	nan
20181225	nan	nan	nan
20181226	nan	nan	nan
20181227	nan	nan	nan
20181228	nan	nan	nan
20181229	nan	nan	nan
20181230	nan	nan	nan
20181231	nan	nan	nan
20190101	nan	nan	nan
20190102	nan	nan	nan
20190103	nan	nan	nan
20190104	nan	nan	nan
20190105	nan	nan	nan
20190106	nan	nan	nan
20190107	nan	nan	nan
20190108	nan	nan	nan
20190109	nan	nan	nan
20190110	nan	nan	nan
20190111	nan	nan	nan
20190112	nan	nan	nan
20190113	nan	nan	nan
20190114	nan	nan	nan
20190115	nan	nan	nan
20190116	nan	nan	nan
20190117	nan	nan	nan
20190118	nan	nan	nan
20190119	nan	nan	nan
20190120	nan	nan	nan
20190121	nan	nan	nan
20190122	nan	nan	nan
20190123	nan	nan	nan
20190124	nan	nan	nan
20190125	nan	nan	nan
20190126	nan	nan	nan
20190127	nan	nan	nan
20190128	nan	nan	nan
20190129	nan	nan	nan
20190130	nan	nan	nan
20190131	nan	nan	nan
20190201	nan	nan	nan
20190202	nan	nan	nan
20190203	nan	nan	nan
20190204	nan	nan	nan
20190205	nan	nan	nan
20190206	nan	nan	nan
20190207	8.159	89.41	2.436
20190208	22.58	76.24	1.177
20190209	11.15	88.34	0.5129
20190210	18.52	81.05	0.4321
20190211	22.7	76.92	0.3748
20190212	15.79	82.58	1.632
20190213	14.19	84.38	1.435
20190214	11.75	85.79	2.454
20190215	15.78	82.33	1.89
20190216	18.83	79.2	1.973
20190217	9.328	88.91	1.757
20190218	18.59	79.74	1.673
20190219	19.28	79.34	1.377
20190220	20.8	77.41	1.796
20190221	14.81	83.68	1.504
20190222	28.76	70.01	1.223
20190223	56.11	42.96	0.9264
20190224	61.4	37.99	0.615
20190225	63.62	35.66	0.7274
20190226	66.49	32.88	0.6284
20190227	65.62	33.73	0.6478
20190228	68.93	30.38	0.6926
20190301	68.65	30.96	0.3986
20190302	62.98	36.73	0.2971
20190303	49.1	50.64	0.2597
20190304	50.39	49.36	0.2552
20190305	50.28	49.46	0.2569
20190306	49.75	49.98	0.2637
20190307	36.08	63.86	0.05941
20190308	34.08	65.86	0.05977
20190309	33.3	66.64	0.06141
20190310	11.2	88.79	0.01264
20190311	9.057	90.94	0.0
20190312	8.952	90.94	0.1059
20190313	8.573	91.32	0.1064
20190314	7.271	92.53	0.2007
20190315	6.737	92.96	0.298
20190316	6.649	93.03	0.3217
20190317	4.584	95.27	0.1437
20190318	3.762	96.08	0.1576
20190319	2.981	96.91	0.1081
20190320	2.617	97.17	0.2154
20190321	1.921	97.87	0.2054
20190322	1.455	98.39	0.1509
20190323	1.356	98.44	0.2018
20190324	nan	nan	nan
20190325	nan	nan	nan
20190326	nan	nan	nan
20190327	nan	nan	nan
20190328	nan	nan	nan
20190329	nan	nan	nan
20190330	nan	nan	nan
20190331	nan	nan	nan
20190401	nan	nan	nan
20190402	nan	nan	nan
20190403	nan	nan	nan
20190404	nan	nan	nan
20190405	10.3	89.7	0.0
20190406	4.017	95.98	0.0
20190407	4.363	95.64	0.0
20190408	3.295	96.66	0.04472
20190409	1.103	98.9	0.0
20190410	0.4048	99.6	0.0
20190411	0.7766	99.22	0.0
20190412	0.8336	99.17	0.0
20190413	0.9104	99.09	0.0
20190414	4.689	95.31	0.0
20190415	12.58	87.42	0.0
20190416	9.332	90.67	0.0
20190417	15.29	84.71	0.0
20190418	15.29	84.69	0.01188
20190419	16.87	83.12	0.01187
20190420	26.75	73.24	0.01186
20190421	73.24	26.75	0.01178
20190422	61.68	38.32	0.0004487
20190423	70.11	29.68	0.2048
20190424	74.88	24.93	0.1923
20190425	57.98	41.51	0.5082
20190426	15.72	0.0	84.28
20190427	57.14	17.34	25.52
20190428	59.56	36.38	4.056
20190429	64.47	31.98	3.551
20190430	64.6	31.69	3.712
20190501	71.07	25.63	3.298
20190502	70.77	25.94	3.295
20190503	73.97	24.23	1.808
20190504	69.95	28.82	1.228
20190505	66.47	32.46	1.067
20190506	73.87	25.13	0.9921
20190507	73.36	25.71	0.927
20190508	73.68	25.39	0.9318
20190509	58.92	39.83	1.249
20190510	68.38	30.37	1.244
20190511	64.01	32.38	3.608
20190512	65.05	31.42	3.526
20190513	68.21	28.38	3.411
20190514	68.07	28.27	3.661
20190515	67.23	28.55	4.223
20190516	74.2	21.37	4.426
20190517	62.92	28.92	8.164
20190518	64.31	23.04	12.65
20190519	58.29	27.12	14.59
20190520	57.38	26.56	16.06
20190521	52.52	29.82	17.66
20190522	55.53	25.5	18.96
20190523	56.86	22.71	20.44
20190524	58.39	20.64	20.97
20190525	60.57	18.69	20.73
20190526	63.08	17.03	19.89
20190527	62.54	17.67	19.79
20190528	63.21	17.32	19.47
20190529	63.7	16.89	19.41
20190530	nan	nan	nan
20190531	nan	nan	nan
20190601	nan	nan	nan
20190602	nan	nan	nan
20190603	nan	nan	nan
20190604	nan	nan	nan
20190605	50.1	16.48	33.42
20190606	47.61	15.2	37.18
20190607	43.73	15.54	40.72
20190608	44.8	14.41	40.79
20190609	44.15	14.41	41.44
20190610	48.28	9.404	42.31
20190611	46.58	8.93	44.49
20190612	43.75	8.99	47.26
20190613	5.58	0.0	94.42
20190614	19.82	2.78	77.4
20190615	22.93	2.106	74.96
20190616	26.22	1.362	72.42
20190617	25.09	2.29	72.62
20190618	26.58	1.698	71.72
20190619	26.56	1.697	71.74
20190620	28.58	2.954	68.46
20190621	29.46	2.785	67.75
20190622	30.87	2.349	66.78
20190623	nan	nan	nan
20190624	nan	nan	nan
20190625	nan	nan	nan
20190626	nan	nan	nan
20190627	nan	nan	nan
20190628	nan	nan	nan
20190629	nan	nan	nan
20190630	nan	nan	nan
20190701	nan	nan	nan
20190702	nan	nan	nan
20190703	nan	nan	nan
20190704	21.55	0.03607	78.42
20190705	24.96	0.4088	74.63
20190706	25.19	0.4155	74.39
20190707	25.61	0.3945	74.0
20190708	16.28	3.145	80.58
20190709	14.83	2.114	83.05
20190710	17.22	1.601	81.18
20190711	16.24	1.535	82.22
20190712	14.55	1.189	84.26
20190713	9.424	1.2	89.38
20190714	11.78	1.102	87.12
20190715	12.14	0.4213	87.44
20190716	15.27	0.3504	84.38
20190717	17.0	0.3077	82.69
20190718	14.93	0.976	84.09
20190719	10.08	0.5227	89.4
20190720	9.161	0.6008	90.24
20190721	10.55	0.5606	88.89
20190722	10.87	0.5039	88.62
20190723	10.18	0.7041	89.12
20190724	10.06	0.705	89.23
20190725	9.391	0.5486	90.06
20190726	2.644	0.2235	97.13
20190727	0.2436	0.01932	99.74
20190728	0.1479	0.004931	99.85
20190729	0.09671	0.004925	99.9
20190730	0.06359	0.0	99.94
20190731	0.06351	0.0	99.94
20190801	1.494	0.3724	98.13
20190802	2.896	0.1684	96.94
20190803	4.374	0.3482	95.28
20190804	3.642	0.3306	96.03
20190805	4.768	0.2173	95.01
20190806	2.364	0.2053	97.43
20190807	4.107	0.237	95.66
20190808	3.935	0.2258	95.84
20190809	4.754	0.2798	94.97
20190810	8.718	0.1	91.18
20190811	8.83	0.1236	91.05
20190812	5.868	0.1678	93.96
20190813	nan	nan	nan
20190814	7.714	8.117	84.17
20190815	9.321	8.007	82.67
20190816	9.624	8.138	82.24
20190817	8.571	1.296	90.13
20190818	7.941	1.732	90.33
20190819	8.77	1.781	89.45
20190820	8.173	1.642	90.19
20190821	5.586	1.627	92.79
20190822	7.538	1.585	90.88
20190823	6.946	1.189	91.86
20190824	6.343	0.5215	93.14
20190825	7.285	0.5638	92.15
20190826	8.491	0.7115	90.8
20190827	9.408	0.7433	89.85
20190828	2.763	0.3307	96.91
20190829	4.126	0.2826	95.59
20190830	4.234	0.2756	95.49
20190831	4.777	0.2999	94.92
20190901	1.767	0.19	98.04
20190902	4.481	0.3237	95.2
20190903	7.685	0.2219	92.09
20190904	6.309	2.851	90.84
20190905	6.749	2.82	90.43
20190906	8.568	2.744	88.69
20190907	8.565	2.465	88.97
20190908	12.16	2.26	85.58
20190909	6.601	1.752	91.65
20190910	6.056	0.9737	92.97
20190911	3.761	0.3934	95.85
20190912	7.325	0.3844	92.29
20190913	7.357	2.603	90.04
20190914	8.618	5.688	85.69
20190915	14.84	5.358	79.8
20190916	5.745	2.623	91.63
20190917	6.535	2.36	91.11
20190918	11.18	12.02	76.81
20190919	15.04	26.19	58.78
20190920	17.36	26.32	56.32
20190921	15.37	39.3	45.33
20190922	15.29	43.25	41.46
20190923	nan	nan	nan
20190924	11.58	57.86	30.56
20190925	16.93	52.75	30.33
20190926	15.37	31.31	53.32
20190927	17.32	18.71	63.96
20190928	11.46	12.57	75.97
20190929	12.15	12.34	75.51
20190930	12.97	12.39	74.65
20191001	19.28	15.9	64.82
20191002	19.78	25.0	55.23
20191003	19.84	24.42	55.73
20191004	17.5	40.11	42.39
20191005	nan	nan	nan
20191006	nan	nan	nan
20191007	23.53	51.22	25.25
20191008	19.67	59.02	21.31
20191009	23.41	55.96	20.64
20191010	17.61	69.62	12.77
20191011	17.2	66.37	16.42
20191012	14.4	68.3	17.3
20191013	16.56	68.11	15.33
20191014	35.16	62.89	1.951
20191015	30.29	68.08	1.634
20191016	38.6	58.99	2.41
20191017	25.57	65.22	9.211
20191018	30.09	62.88	7.028
20191019	16.23	77.56	6.211
20191020	39.89	58.35	1.762
20191021	51.56	47.25	1.188
20191022	45.66	53.22	1.119
20191023	38.36	59.76	1.879
20191024	38.87	59.33	1.795
20191025	40.38	58.61	1.004
20191026	20.09	36.78	43.13
20191027	9.087	61.49	29.42
20191028	30.25	58.59	11.16
20191029	26.41	65.3	8.287
20191030	35.81	63.17	1.017
20191031	27.52	71.09	1.389
20191101	29.8	68.86	1.338
20191102	33.87	65.18	0.9439
20191103	21.98	77.29	0.7266
20191104	24.9	74.06	1.041
20191105	16.5	82.05	1.451
20191106	24.07	74.67	1.263
20191107	25.29	73.82	0.8958
20191108	25.2	73.9	0.8961
20191109	32.37	66.99	0.6424
20191110	33.56	65.81	0.6339
20191111	43.93	55.66	0.4056
20191112	nan	nan	nan
20191113	nan	nan	nan
20191114	nan	nan	nan
20191115	nan	nan	nan
20191116	nan	nan	nan
20191117	nan	nan	nan
20191118	nan	nan	nan
20191119	nan	nan	nan
20191120	nan	nan	nan
20191121	nan	nan	nan
20191122	nan	nan	nan
20191123	nan	nan	nan
20191124	nan	nan	nan
20191125	nan	nan	nan
20191126	nan	nan	nan
20191127	nan	nan	nan
20191128	nan	nan	nan
20191129	nan	nan	nan
20191130	nan	nan	nan
20191201	nan	nan	nan
20191202	nan	nan	nan
20191203	nan	nan	nan
20191204	nan	nan	nan
20191205	nan	nan	nan
20191206	nan	nan	nan
20191207	nan	nan	nan
20191208	nan	nan	nan
20191209	nan	nan	nan
20191210	nan	nan	nan
20191211	nan	nan	nan
20191212	nan	nan	nan
20191213	nan	nan	nan
20191214	nan	nan	nan
20191215	nan	nan	nan
20191216	nan	nan	nan
20191217	nan	nan	nan
20191218	nan	nan	nan
20191219	nan	nan	nan
20191220	nan	nan	nan
20191221	nan	nan	nan
20191222	nan	nan	nan
20191223	nan	nan	nan
20191224	nan	nan	nan
20191225	nan	nan	nan
20191226	nan	nan	nan
20191227	nan	nan	nan
20191228	nan	nan	nan
20191229	nan	nan	nan
20191230	nan	nan	nan
20191231	nan	nan	nan
20200101	nan	nan	nan
20200102	nan	nan	nan
20200103	nan	nan	nan
20200104	nan	nan	nan
20200105	nan	nan	nan
20200106	nan	nan	nan
20200107	nan	nan	nan
20200108	nan	nan	nan
20200109	nan	nan	nan
20200110	nan	nan	nan
20200111	nan	nan	nan
20200112	nan	nan	nan
20200113	nan	nan	nan
20200114	nan	nan	nan
20200115	nan	nan	nan
20200116	nan	nan	nan
20200117	nan	nan	nan
20200118	nan	nan	nan
20200119	nan	nan	nan
20200120	nan	nan	nan
20200121	nan	nan	nan
20200122	nan	nan	nan
20200123	nan	nan	nan
20200124	nan	nan	nan
20200125	nan	nan	nan
20200126	nan	nan	nan
20200127	nan	nan	nan
20200128	nan	nan	nan
20200129	nan	nan	nan
20200130	nan	nan	nan
20200131	nan	nan	nan
20200201	nan	nan	nan
20200202	nan	nan	nan
20200203	nan	nan	nan
20200204	nan	nan	nan
20200205	nan	nan	nan
20200206	nan	nan	nan
20200207	nan	nan	nan
20200208	nan	nan	nan
20200209	nan	nan	nan
20200210	nan	nan	nan
20200211	0.6619	97.58	1.763
20200212	0.3495	98.3	1.353
20200213	nan	nan	nan
20200214	nan	nan	nan
20200215	nan	nan	nan
20200216	nan	nan	nan
20200217	0.1008	98.09	1.807
20200218	0.08445	98.32	1.6
20200219	0.04672	97.84	2.11
20200220	0.05661	97.83	2.113
20200221	0.01796	98.34	1.647
20200222	0.03485	98.61	1.36
20200223	0.02593	97.68	2.295
20200224	0.04129	98.0	1.956
20200225	0.06069	97.23	2.705
20200226	0.06518	97.54	2.392
20200227	0.1474	97.46	2.392
20200228	nan	nan	nan
20200229	nan	nan	nan
20200301	nan	nan	nan
20200302	nan	nan	nan
20200303	nan	nan	nan
20200304	0.2111	99.09	0.7009
20200305	0.8481	98.46	0.6954
20200306	0.7427	98.57	0.6878
20200307	0.7115	98.64	0.6517
20200308	0.7181	98.71	0.5716
20200309	0.8984	98.59	0.5151
20200310	nan	nan	nan
20200311	nan	nan	nan
20200312	nan	nan	nan
20200313	nan	nan	nan
20200314	nan	nan	nan
20200315	nan	nan	nan
20200316	nan	nan	nan
20200317	nan	nan	nan
20200318	nan	nan	nan
20200319	nan	nan	nan
20200320	nan	nan	nan
20200321	nan	nan	nan
20200322	nan	nan	nan
20200323	nan	nan	nan
20200324	nan	nan	nan
20200325	nan	nan	nan
20200326	nan	nan	nan
20200327	nan	nan	nan
20200328	nan	nan	nan
20200329	nan	nan	nan
20200330	nan	nan	nan
20200331	nan	nan	nan
20200401	nan	nan	nan
20200402	nan	nan	nan
20200403	1.867	98.11	0.02484
20200404	1.763	98.21	0.02502
20200405	1.883	98.07	0.0495
20200406	2.366	97.58	0.05008
20200407	2.423	97.53	0.05047
20200408	6.049	93.85	0.1002
20200409	8.963	90.95	0.08814
20200410	nan	nan	nan
20200411	nan	nan	nan
20200412	nan	nan	nan
20200413	nan	nan	nan
20200414	nan	nan	nan
20200415	nan	nan	nan
20200416	nan	nan	nan
20200417	nan	nan	nan
20200418	nan	nan	nan
20200419	nan	nan	nan
20200420	nan	nan	nan
20200421	37.03	62.92	0.04917
20200422	40.54	59.38	0.07375
20200423	44.19	55.79	0.01961
20200424	25.38	74.62	0.0
20200425	30.25	69.75	0.0
20200426	30.33	69.67	0.0
20200427	32.1	67.9	0.0
20200428	13.87	86.13	0.0
20200429	16.87	83.13	0.0
20200430	16.13	83.87	0.0
20200501	17.45	82.55	0.0
20200502	16.33	83.67	0.0
20200503	34.17	65.83	0.0
20200504	46.64	53.36	0.0
20200505	50.68	49.32	0.0
20200506	nan	nan	nan
20200507	nan	nan	nan
20200508	nan	nan	nan
20200509	nan	nan	nan
20200510	19.51	80.49	0.0
20200511	26.55	73.45	0.0
20200512	28.77	71.23	0.0
20200513	17.14	82.84	0.02208
20200514	13.79	86.19	0.02197
20200515	14.26	85.72	0.02197
20200516	18.37	81.6	0.02199
20200517	18.12	81.86	0.02217
20200518	11.62	88.36	0.02177
20200519	14.83	85.15	0.0208
20200520	14.58	85.4	0.02089
20200521	63.84	36.04	0.1235
20200522	54.35	45.51	0.145
20200523	73.78	26.11	0.1058
20200524	77.58	22.21	0.2012
20200525	71.91	27.82	0.2695
20200526	72.71	27.02	0.2695
20200527	71.66	27.92	0.4141
20200528	73.39	26.22	0.3869
20200529	74.31	25.31	0.3772
20200530	70.6	28.93	0.4706
20200531	73.81	24.25	1.937
20200601	64.47	33.12	2.402
20200602	67.86	29.79	2.353
20200603	62.61	34.51	2.88
20200604	64.91	32.01	3.082
20200605	62.32	32.88	4.802
20200606	62.58	32.16	5.264
20200607	58.57	31.44	9.99
20200608	57.17	28.69	14.14
20200609	57.85	27.9	14.25
20200610	52.99	30.85	16.15
20200611	52.68	29.43	17.9
20200612	52.38	25.1	22.52
20200613	44.29	23.89	31.83
20200614	46.61	22.14	31.25
20200615	46.69	21.48	31.83
20200616	41.25	23.41	35.33
20200617	42.09	15.99	41.91
20200618	38.24	19.36	42.4
20200619	36.76	17.83	45.41
20200620	30.67	20.06	49.27
20200621	30.82	15.33	53.85
20200622	31.91	12.26	55.84
20200623	30.18	12.85	56.96
20200624	32.4	11.68	55.92
20200625	31.89	11.22	56.89
20200626	33.42	8.939	57.64
20200627	26.13	10.81	63.07
20200628	26.86	8.37	64.77
20200629	28.18	6.347	65.47
20200630	29.66	5.524	64.81
20200701	29.37	5.093	65.54
20200702	31.82	4.615	63.56
20200703	28.73	3.786	67.48
20200704	31.83	2.251	65.92
20200705	33.03	2.195	64.77
20200706	31.97	2.281	65.75
20200707	31.6	2.271	66.13
20200708	32.5	2.007	65.49
20200709	32.3	1.919	65.79
20200710	nan	nan	nan
20200711	nan	nan	nan
20200712	nan	nan	nan
20200713	nan	nan	nan
20200714	nan	nan	nan
20200715	nan	nan	nan
20200716	22.98	0.04107	76.98
20200717	24.78	0.8427	74.38
20200718	14.66	0.6205	84.72
20200719	14.48	0.6183	84.9
20200720	14.51	0.6198	84.87
20200721	nan	nan	nan
20200722	nan	nan	nan
20200723	nan	nan	nan
20200724	nan	nan	nan
20200725	nan	nan	nan
20200726	nan	nan	nan
20200727	8.082	0.02528	91.89
20200728	8.079	0.02527	91.9
20200729	9.878	0.1775	89.94
20200730	5.012	0.1374	94.85
20200731	1.921	0.005596	98.07
20200801	4.68	0.3565	94.96
20200802	4.027	0.2121	95.76
20200803	3.928	0.1674	95.9
20200804	5.088	0.3219	94.59
20200805	8.036	0.3122	91.65
20200806	2.893	0.3427	96.76
20200807	3.73	0.3648	95.91
20200808	3.518	0.2658	96.22
20200809	6.982	0.2995	92.72
20200810	7.551	0.2705	92.18
20200811	9.128	0.3824	90.49
20200812	8.667	0.3145	91.02
20200813	9.378	0.3328	90.29
20200814	9.448	1.056	89.5
20200815	9.418	1.053	89.53
20200816	13.81	0.7354	85.46
20200817	14.01	0.8194	85.17
20200818	nan	nan	nan
20200819	6.168	0.6177	93.21
20200820	6.878	0.7356	92.39
20200821	5.987	0.2316	93.78
20200822	6.201	0.2609	93.54
20200823	7.15	2.109	90.74
20200824	6.985	2.114	90.9
20200825	6.788	1.511	91.7
20200826	8.093	1.708	90.2
20200827	7.584	1.171	91.25
20200828	nan	nan	nan
20200829	nan	nan	nan
20200830	nan	nan	nan
20200831	nan	nan	nan
20200901	nan	nan	nan
20200902	nan	nan	nan
20200903	3.48	0.4078	96.11
20200904	5.052	0.3215	94.63
20200905	4.576	0.2968	95.13
20200906	7.194	0.295	92.51
20200907	5.819	0.2675	93.91
20200908	5.615	0.3218	94.06
20200909	8.64	0.2794	91.08
20200910	nan	nan	nan
20200911	nan	nan	nan
20200912	nan	nan	nan
20200913	9.467	0.9115	89.62
20200914	nan	nan	nan
20200915	nan	nan	nan
20200916	nan	nan	nan
20200917	nan	nan	nan
20200918	nan	nan	nan
20200919	19.27	22.61	58.12
20200920	24.95	28.46	46.58
20200921	25.48	37.47	37.05
20200922	24.56	32.19	43.25
20200923	25.87	33.47	40.66
20200924	20.56	17.14	62.3
20200925	20.48	16.54	62.99
20200926	23.98	16.58	59.44
20200927	10.14	27.91	61.95
20200928	22.11	17.45	60.44
20200929	19.11	15.05	65.84
20200930	21.43	14.07	64.5
20201001	12.89	8.2	78.91
20201002	11.84	5.21	82.95
20201003	12.29	3.839	83.87
20201004	11.86	6.598	81.54
20201005	5.841	3.105	91.05
20201006	8.694	3.544	87.76
20201007	9.018	5.546	85.44
20201008	9.338	8.627	82.03
20201009	9.858	9.278	80.86
20201010	10.24	12.82	76.95
20201011	9.658	11.73	78.61
20201012	nan	nan	nan
20201013	nan	nan	nan
20201014	15.02	26.45	58.52
20201015	nan	nan	nan
20201016	nan	nan	nan
20201017	nan	nan	nan
20201018	19.18	65.04	15.78
20201019	20.86	71.07	8.074
20201020	20.49	78.76	0.7445
20201021	14.01	84.15	1.845
20201022	25.24	73.27	1.489
20201023	25.29	73.39	1.328
20201024	28.28	70.41	1.319
20201025	21.07	77.3	1.628
20201026	21.66	76.72	1.614
20201027	nan	nan	nan
20201028	nan	nan	nan
20201029	nan	nan	nan
20201030	nan	nan	nan
20201031	nan	nan	nan
20201101	nan	nan	nan
20201102	nan	nan	nan
20201103	nan	nan	nan
20201104	nan	nan	nan
20201105	nan	nan	nan
20201106	nan	nan	nan
20201107	nan	nan	nan
20201108	nan	nan	nan
20201109	nan	nan	nan
20201110	nan	nan	nan
20201111	nan	nan	nan
20201112	nan	nan	nan
20201113	nan	nan	nan
20201114	nan	nan	nan
20201115	nan	nan	nan
20201116	nan	nan	nan
20201117	nan	nan	nan
20201118	nan	nan	nan
20201119	nan	nan	nan
20201120	nan	nan	nan
20201121	nan	nan	nan
20201122	nan	nan	nan
20201123	nan	nan	nan
20201124	nan	nan	nan
20201125	nan	nan	nan
20201126	nan	nan	nan
20201127	nan	nan	nan
20201128	nan	nan	nan
20201129	nan	nan	nan
20201130	nan	nan	nan
20201201	nan	nan	nan
20201202	nan	nan	nan
20201203	nan	nan	nan
20201204	nan	nan	nan
20201205	nan	nan	nan
20201206	nan	nan	nan
20201207	nan	nan	nan
20201208	nan	nan	nan
20201209	nan	nan	nan
20201210	nan	nan	nan
20201211	nan	nan	nan
20201212	nan	nan	nan
20201213	nan	nan	nan
20201214	nan	nan	nan
20201215	nan	nan	nan
20201216	nan	nan	nan
20201217	nan	nan	nan
20201218	nan	nan	nan
20201219	nan	nan	nan
20201220	nan	nan	nan
20201221	nan	nan	nan
20201222	nan	nan	nan
20201223	nan	nan	nan
20201224	nan	nan	nan
20201225	nan	nan	nan
20201226	nan	nan	nan
20201227	nan	nan	nan
20201228	nan	nan	nan
20201229	nan	nan	nan
20201230	nan	nan	nan
20201231	nan	nan	nan
20210101	nan	nan	nan
20210102	nan	nan	nan
20210103	nan	nan	nan
20210104	nan	nan	nan
20210105	nan	nan	nan
20210106	nan	nan	nan
20210107	nan	nan	nan
20210108	nan	nan	nan
20210109	nan	nan	nan
20210110	nan	nan	nan
20210111	nan	nan	nan
20210112	nan	nan	nan
20210113	nan	nan	nan
20210114	nan	nan	nan
20210115	nan	nan	nan
20210116	nan	nan	nan
20210117	nan	nan	nan
20210118	nan	nan	nan
20210119	nan	nan	nan
20210120	nan	nan	nan
20210121	nan	nan	nan
20210122	nan	nan	nan
20210123	nan	nan	nan
20210124	nan	nan	nan
20210125	nan	nan	nan
20210126	nan	nan	nan
20210127	nan	nan	nan
20210128	nan	nan	nan
20210129	nan	nan	nan
20210130	nan	nan	nan
20210131	nan	nan	nan
20210201	nan	nan	nan
20210202	nan	nan	nan
20210203	nan	nan	nan
20210204	nan	nan	nan
20210205	nan	nan	nan
20210206	nan	nan	nan
20210207	nan	nan	nan
20210208	nan	nan	nan
20210209	nan	nan	nan
20210210	nan	nan	nan
20210211	nan	nan	nan
20210212	nan	nan	nan
20210213	nan	nan	nan
20210214	nan	nan	nan
20210215	nan	nan	nan
20210216	nan	nan	nan
20210217	20.02	79.53	0.4466
20210218	13.93	85.95	0.1179
20210219	21.32	78.56	0.1152
20210220	21.2	78.68	0.1175
20210221	25.37	74.14	0.4881
20210222	26.29	73.22	0.4951
20210223	23.9	75.64	0.4605
20210224	24.18	74.95	0.8757
20210225	nan	nan	nan
20210226	nan	nan	nan
20210227	nan	nan	nan
20210228	nan	nan	nan
20210301	nan	nan	nan
20210302	nan	nan	nan
20210303	nan	nan	nan
20210304	nan	nan	nan
20210305	nan	nan	nan
20210306	nan	nan	nan
20210307	nan	nan	nan
20210308	nan	nan	nan
20210309	nan	nan	nan
20210310	nan	nan	nan
20210311	nan	nan	nan
20210312	nan	nan	nan
20210313	nan	nan	nan
20210314	nan	nan	nan
20210315	nan	nan	nan
20210316	nan	nan	nan
20210317	nan	nan	nan
20210318	nan	nan	nan
20210319	nan	nan	nan
20210320	nan	nan	nan
20210321	nan	nan	nan
20210322	nan	nan	nan
20210323	nan	nan	nan
20210324	9.456	90.11	0.4332
20210325	nan	nan	nan
20210326	nan	nan	nan
20210327	nan	nan	nan
20210328	nan	nan	nan
20210329	nan	nan	nan
20210330	nan	nan	nan
20210331	nan	nan	nan
20210401	nan	nan	nan
20210402	nan	nan	nan
20210403	nan	nan	nan
20210404	nan	nan	nan
20210405	nan	nan	nan
20210406	nan	nan	nan
20210407	nan	nan	nan
20210408	nan	nan	nan
20210409	nan	nan	nan
20210410	nan	nan	nan
20210411	nan	nan	nan
20210412	nan	nan	nan
20210413	nan	nan	nan
20210414	nan	nan	nan
20210415	nan	nan	nan
20210416	nan	nan	nan
20210417	nan	nan	nan
20210418	7.012	92.94	0.04584
20210419	7.012	92.92	0.06736
20210420	7.007	92.78	0.2147
20210421	7.007	92.78	0.2147
20210422	7.007	92.6	0.3962
20210423	6.997	92.48	0.5248
20210424	17.15	82.32	0.5289
20210425	17.15	82.32	0.5289
20210426	17.19	82.28	0.5312
20210427	nan	nan	nan
20210428	nan	nan	nan
20210429	nan	nan	nan
20210430	nan	nan	nan
20210501	nan	nan	nan
20210502	nan	nan	nan
20210503	nan	nan	nan
20210504	nan	nan	nan
20210505	8.048	91.37	0.5855
20210506	8.024	90.97	1.002
20210507	8.024	90.97	1.002
20210508	9.765	89.26	0.9739
20210509	9.765	89.26	0.9739
20210510	9.73	88.66	1.605
20210511	62.47	36.23	1.306
20210512	63.46	35.34	1.202
20210513	66.47	32.5	1.03
20210514	67.43	31.55	1.024
20210515	67.72	31.25	1.028
20210516	67.16	30.33	2.511
20210517	nan	nan	nan
20210518	nan	nan	nan
20210519	70.47	25.64	3.898
20210520	70.64	25.49	3.874
20210521	70.84	25.29	3.867
20210522	70.84	25.29	3.867
20210523	68.28	24.07	7.646
20210524	68.28	24.07	7.646
20210525	64.29	27.92	7.786
20210526	nan	nan	nan
20210527	63.79	24.2	12.02
20210528	63.29	23.93	12.79
20210529	61.49	22.51	16.0
20210530	56.84	27.76	15.4
20210531	56.84	27.76	15.4
20210601	53.05	24.35	22.6
20210602	50.27	15.79	33.94
20210603	39.46	26.64	33.9
20210604	39.17	23.59	37.24
20210605	40.45	21.86	37.69
20210606	36.44	23.38	40.18
20210607	36.44	23.31	40.25
20210608	35.63	21.07	43.3
20210609	34.86	19.37	45.77
20210610	33.38	17.83	48.79
20210611	33.69	17.4	48.91
20210612	34.55	15.4	50.04
20210613	33.8	12.94	53.26
20210614	33.52	12.76	53.72
20210615	nan	nan	nan
20210616	nan	nan	nan
20210617	nan	nan	nan
20210618	nan	nan	nan
20210619	nan	nan	nan
20210620	nan	nan	nan
20210621	nan	nan	nan
20210622	nan	nan	nan
20210623	nan	nan	nan
20210624	nan	nan	nan
20210625	24.1	1.291	74.61
20210626	nan	nan	nan
20210627	nan	nan	nan
20210628	nan	nan	nan
20210629	nan	nan	nan
20210630	nan	nan	nan
20210701	nan	nan	nan
20210702	11.12	1.19	87.69
20210703	8.236	1.067	90.7
20210704	5.213	0.9575	93.83
20210705	6.045	0.3921	93.56
20210706	7.532	0.32	92.15
20210707	7.602	0.5357	91.86
20210708	7.731	0.7744	91.49
20210709	9.255	0.6449	90.1
20210710	5.178	0.2602	94.56
20210711	6.04	0.2037	93.76
20210712	7.218	0.209	92.57
20210713	8.384	0.09833	91.52
20210714	1.828	0.1152	98.06
20210715	5.679	0.169	94.15
20210716	6.733	0.1626	93.1
20210717	7.6	0.4168	91.98
20210718	7.941	0.5843	91.47
20210719	8.171	0.6145	91.21
20210720	9.913	0.4646	89.62
20210721	nan	nan	nan
20210722	nan	nan	nan
20210723	nan	nan	nan
20210724	nan	nan	nan
20210725	nan	nan	nan
20210726	5.711	0.9565	93.33
20210727	2.248	0.293	97.46
20210728	0.9638	0.07435	98.96
20210729	1.429	0.1577	98.41
20210730	2.572	0.1387	97.29
20210731	3.696	0.1151	96.19
20210801	nan	nan	nan
20210802	nan	nan	nan
20210803	nan	nan	nan
20210804	nan	nan	nan
20210805	nan	nan	nan
20210806	6.426	0.1388	93.43
20210807	0.9407	0.01717	99.04
20210808	0.1452	0.004033	99.85
20210809	0.1412	0.004035	99.85
20210810	0.3614	0.004495	99.63
20210811	4.424	0.2205	95.36
20210812	4.43	0.221	95.35
20210813	4.189	0.2359	95.58
20210814	4.154	0.2761	95.57
20210815	nan	nan	nan
20210816	nan	nan	nan
20210817	nan	nan	nan
20210818	nan	nan	nan
20210819	nan	nan	nan
20210820	nan	nan	nan
20210821	nan	nan	nan
20210822	nan	nan	nan
20210823	nan	nan	nan
20210824	nan	nan	nan
20210825	nan	nan	nan
20210826	0.5585	0.006987	99.43
20210827	0.2123	0.003175	99.78
20210828	1.159	0.1033	98.74
20210829	1.144	0.1033	98.75
20210830	1.148	0.1037	98.75
20210831	1.925	0.4902	97.59
20210901	15.54	0.8595	83.6
20210902	16.68	4.82	78.5
20210903	nan	nan	nan
20210904	nan	nan	nan
20210905	nan	nan	nan
20210906	nan	nan	nan
20210907	nan	nan	nan
20210908	nan	nan	nan
20210909	nan	nan	nan
20210910	nan	nan	nan
20210911	10.65	4.464	84.88
20210912	9.452	4.173	86.38
20210913	13.17	4.468	82.36
20210914	15.86	6.736	77.4
20210915	12.52	17.69	69.79
20210916	12.3	17.25	70.44
20210917	12.93	18.46	68.61
20210918	7.204	10.63	82.17
20210919	10.76	7.079	82.16
20210920	7.927	6.155	85.92
20210921	8.093	5.75	86.16
20210922	9.939	8.566	81.49
20210923	12.68	7.548	79.77
20210924	12.77	7.425	79.81
20210925	22.43	5.656	71.92
20210926	23.28	5.908	70.81
20210927	nan	nan	nan
20210928	nan	nan	nan
20210929	nan	nan	nan
20210930	5.456	1.082	93.46
20211001	0.0	0.0	100.0
20211002	0.0	0.0	100.0
20211003	0.0	0.0	100.0
20211004	0.0	0.0	100.0
20211005	6.334	2.025	91.64
20211006	6.349	2.024	91.63
20211007	nan	nan	nan
20211008	nan	nan	nan
20211009	nan	nan	nan
20211010	nan	nan	nan
20211011	nan	nan	nan
20211012	nan	nan	nan
20211013	nan	nan	nan
20211014	nan	nan	nan
20211015	nan	nan	nan
20211016	nan	nan	nan
20211017	nan	nan	nan
20211018	nan	nan	nan
20211019	14.63	84.25	1.125
20211020	14.63	84.28	1.086
20211021	15.97	83.0	1.034
20211022	18.97	80.09	0.9328
20211023	16.32	82.28	1.406
20211024	16.68	81.95	1.376
20211025	17.35	81.32	1.322
20211026	18.66	80.01	1.331
20211027	19.32	79.32	1.365
20211028	10.15	87.29	2.559
20211029	11.83	83.05	5.122
20211030	11.63	83.04	5.327
20211031	11.12	83.59	5.289
20211101	11.26	83.48	5.26
20211102	9.835	83.09	7.072
20211103	9.711	83.19	7.095
20211104	11.86	81.29	6.848
20211105	nan	nan	nan
20211106	nan	nan	nan
20211107	nan	nan	nan
20211108	nan	nan	nan
20211109	nan	nan	nan
20211110	nan	nan	nan
20211111	nan	nan	nan
20211112	nan	nan	nan
20211113	nan	nan	nan
20211114	nan	nan	nan
20211115	nan	nan	nan
20211116	nan	nan	nan
20211117	nan	nan	nan
20211118	nan	nan	nan
20211119	nan	nan	nan
20211120	nan	nan	nan
20211121	nan	nan	nan
20211122	nan	nan	nan
20211123	nan	nan	nan
20211124	nan	nan	nan
20211125	nan	nan	nan
20211126	nan	nan	nan
20211127	nan	nan	nan
20211128	nan	nan	nan
20211129	nan	nan	nan
20211130	nan	nan	nan
20211201	nan	nan	nan
20211202	nan	nan	nan
20211203	nan	nan	nan
20211204	nan	nan	nan
20211205	nan	nan	nan
20211206	nan	nan	nan
20211207	nan	nan	nan
20211208	nan	nan	nan
20211209	nan	nan	nan
20211210	nan	nan	nan
20211211	nan	nan	nan
20211212	nan	nan	nan
20211213	nan	nan	nan
20211214	nan	nan	nan
20211215	nan	nan	nan
20211216	nan	nan	nan
20211217	nan	nan	nan
20211218	nan	nan	nan
20211219	nan	nan	nan
20211220	nan	nan	nan
20211221	nan	nan	nan
20211222	nan	nan	nan
20211223	nan	nan	nan
20211224	nan	nan	nan
20211225	nan	nan	nan
20211226	nan	nan	nan
20211227	nan	nan	nan
20211228	nan	nan	nan
20211229	nan	nan	nan
20211230	nan	nan	nan
20211231	nan	nan	nan
20220101	nan	nan	nan
20220102	nan	nan	nan
20220103	nan	nan	nan
20220104	nan	nan	nan
20220105	nan	nan	nan
20220106	nan	nan	nan
20220107	nan	nan	nan
20220108	nan	nan	nan
20220109	nan	nan	nan
20220110	nan	nan	nan
20220111	nan	nan	nan
20220112	nan	nan	nan
20220113	nan	nan	nan
20220114	nan	nan	nan
20220115	nan	nan	nan
20220116	nan	nan	nan
20220117	nan	nan	nan
20220118	nan	nan	nan
20220119	nan	nan	nan
20220120	nan	nan	nan
20220121	nan	nan	nan
20220122	nan	nan	nan
20220123	nan	nan	nan
20220124	nan	nan	nan
20220125	nan	nan	nan
20220126	nan	nan	nan
20220127	nan	nan	nan
20220128	nan	nan	nan
20220129	nan	nan	nan
20220130	nan	nan	nan
20220131	nan	nan	nan
20220201	nan	nan	nan
20220202	nan	nan	nan
20220203	nan	nan	nan
20220204	nan	nan	nan
20220205	nan	nan	nan
20220206	nan	nan	nan
20220207	nan	nan	nan
20220208	nan	nan	nan
20220209	nan	nan	nan
20220210	nan	nan	nan
20220211	nan	nan	nan
20220212	nan	nan	nan
20220213	nan	nan	nan
20220214	nan	nan	nan
20220215	nan	nan	nan
20220216	nan	nan	nan
20220217	nan	nan	nan
20220218	nan	nan	nan
20220219	nan	nan	nan
20220220	nan	nan	nan
20220221	nan	nan	nan
20220222	nan	nan	nan
20220223	nan	nan	nan
20220224	nan	nan	nan
20220225	0.03781	99.15	0.8118
20220226	0.03781	99.15	0.8118
20220227	2.262	96.56	1.177
20220228	2.272	96.65	1.075
20220301	nan	nan	nan
20220302	nan	nan	nan
20220303	nan	nan	nan
20220304	nan	nan	nan
20220305	nan	nan	nan
20220306	nan	nan	nan
20220307	nan	nan	nan
20220308	nan	nan	nan
20220309	nan	nan	nan
20220310	nan	nan	nan
20220311	nan	nan	nan
20220312	nan	nan	nan
20220313	nan	nan	nan
20220314	nan	nan	nan
20220315	nan	nan	nan
20220316	0.8079	99.19	0.0
20220317	0.8079	99.19	0.0
20220318	1.517	98.22	0.2678
20220319	1.517	98.22	0.2678
20220320	21.02	78.86	0.1187
20220321	31.22	68.63	0.149
20220322	31.18	68.43	0.39
20220323	32.22	67.38	0.3998
20220324	32.22	67.37	0.4112
20220325	36.01	63.59	0.4069
20220326	20.04	79.62	0.3407
20220327	21.38	78.28	0.3386
20220328	14.58	85.33	0.09506
20220329	14.55	85.41	0.04588
20220330	14.3	85.65	0.04642
20220331	14.13	85.64	0.2301
20220401	13.77	86.01	0.221
20220402	13.96	85.81	0.2287
20220403	14.16	85.61	0.2349
20220404	nan	nan	nan
20220405	nan	nan	nan
20220406	nan	nan	nan
20220407	nan	nan	nan
20220408	nan	nan	nan
20220409	nan	nan	nan
20220410	nan	nan	nan
20220411	nan	nan	nan
20220412	nan	nan	nan
20220413	nan	nan	nan
20220414	nan	nan	nan
20220415	nan	nan	nan
20220416	nan	nan	nan
20220417	nan	nan	nan
20220418	nan	nan	nan
20220419	nan	nan	nan
20220420	nan	nan	nan
20220421	nan	nan	nan
20220422	nan	nan	nan
20220423	61.98	36.75	1.272
20220424	61.98	36.75	1.272
20220425	61.98	36.7	1.32
20220426	74.3	24.65	1.044
20220427	74.57	24.69	0.7428
20220428	70.09	29.17	0.7446
20220429	70.09	29.17	0.7446
20220430	nan	nan	nan
20220501	nan	nan	nan
20220502	nan	nan	nan
20220503	nan	nan	nan
20220504	nan	nan	nan
20220505	nan	nan	nan
20220506	nan	nan	nan
20220507	nan	nan	nan
20220508	nan	nan	nan
20220509	nan	nan	nan
20220510	nan	nan	nan
20220511	nan	nan	nan
20220512	nan	nan	nan
20220513	nan	nan	nan
20220514	nan	nan	nan
20220515	nan	nan	nan
20220516	nan	nan	nan
20220517	nan	nan	nan
20220518	nan	nan	nan
20220519	43.48	53.19	3.33
20220520	38.35	58.03	3.625
20220521	38.35	58.03	3.625
20220522	42.51	53.65	3.835
20220523	41.9	51.94	6.162
20220524	60.8	33.1	6.105
20220525	44.88	47.34	7.777
20220526	45.2	47.2	7.603
20220527	56.21	36.36	7.428
20220528	56.21	36.29	7.501
20220529	59.43	32.27	8.294
20220530	56.45	25.69	17.87
20220531	48.56	32.8	18.64
20220601	56.28	23.95	19.77
20220602	54.2	20.44	25.36
20220603	53.7	20.5	25.8
20220604	53.47	18.54	28.0
20220605	51.36	18.23	30.41
20220606	36.41	27.82	35.77
20220607	37.81	25.09	37.11
20220608	46.12	15.76	38.13
20220609	46.02	13.05	40.94
20220610	35.78	22.03	42.18
20220611	35.85	22.02	42.12
20220612	35.82	21.86	42.32
20220613	nan	nan	nan
20220614	nan	nan	nan
20220615	nan	nan	nan
20220616	nan	nan	nan
20220617	nan	nan	nan
20220618	nan	nan	nan
20220619	nan	nan	nan
20220620	nan	nan	nan
20220621	nan	nan	nan
20220622	nan	nan	nan
20220623	nan	nan	nan
20220624	nan	nan	nan
20220625	26.59	8.428	64.98
20220626	23.45	7.5	69.05
20220627	21.68	7.16	71.16
20220628	13.55	4.252	82.2
20220629	15.75	4.008	80.24
20220630	13.03	3.696	83.27
20220701	9.778	2.409	87.81
20220702	8.942	1.141	89.92
20220703	8.017	0.6657	91.32
20220704	8.745	1.081	90.17
20220705	7.737	0.9555	91.31
20220706	8.084	0.9701	90.95
20220707	9.414	0.7191	89.87
20220708	9.448	0.7052	89.85
20220709	nan	nan	nan
20220710	nan	nan	nan
20220711	nan	nan	nan
20220712	4.114	0.2301	95.66
20220713	4.115	0.229	95.66
20220714	5.782	0.3607	93.86
20220715	5.792	0.3614	93.85
20220716	6.712	0.4811	92.81
20220717	6.732	0.4825	92.79
20220718	6.904	0.4924	92.6
20220719	nan	nan	nan
20220720	nan	nan	nan
20220721	nan	nan	nan
20220722	nan	nan	nan
20220723	nan	nan	nan
20220724	nan	nan	nan
20220725	nan	nan	nan
20220726	nan	nan	nan
20220727	nan	nan	nan
20220728	nan	nan	nan
20220729	1.698	0.09463	98.21
20220730	0.5389	0.04156	99.42
20220731	1.693	0.02335	98.28
20220801	0.8884	0.007233	99.1
20220802	0.9248	0.007239	99.07
20220803	0.5958	0.007222	99.4
20220804	1.59	0.1827	98.23
20220805	2.672	0.1309	97.2
20220806	0.4097	0.05593	99.53
20220807	0.3837	0.05598	99.56
20220808	0.3934	0.05741	99.55
20220809	2.986	0.1796	96.83
20220810	3.033	0.1832	96.78
20220811	3.237	0.7319	96.03
20220812	4.576	0.6386	94.79
20220813	nan	nan	nan
20220814	nan	nan	nan
20220815	nan	nan	nan
20220816	nan	nan	nan
20220817	nan	nan	nan
20220818	1.246	0.4752	98.28
20220819	2.83	0.4138	96.76
20220820	2.831	0.4139	96.75
20220821	2.951	0.4342	96.62
20220822	2.753	0.4179	96.83
20220823	2.568	0.3665	97.07
