Date	WetSnow	DrySnow	BareGround
20140920	nan	nan	nan
20140921	nan	nan	nan
20140922	nan	nan	nan
20140923	nan	nan	nan
20140924	nan	nan	nan
20140925	nan	nan	nan
20140926	nan	nan	nan
20140927	nan	nan	nan
20140928	nan	nan	nan
20140929	nan	nan	nan
20140930	nan	nan	nan
20141001	nan	nan	nan
20141002	nan	nan	nan
20141003	nan	nan	nan
20141004	26.37	0.1025	73.53
20141005	28.74	1.728	69.54
20141006	12.75	0.8545	86.4
20141007	11.47	0.8408	87.69
20141008	10.4	0.6495	88.95
20141009	9.711	0.5927	89.7
20141010	7.712	0.473	91.81
20141011	7.196	0.4173	92.39
20141012	6.551	0.3772	93.07
20141013	6.539	0.3772	93.08
20141014	6.546	0.3776	93.08
20141015	6.418	0.3642	93.22
20141016	6.139	0.3641	93.5
20141017	19.2	8.725	72.08
20141018	19.11	8.633	72.26
20141019	18.56	8.458	72.98
20141020	18.11	8.373	73.52
20141021	18.26	8.478	73.26
20141022	17.04	7.992	74.97
20141023	nan	nan	nan
20141024	nan	nan	nan
20141025	nan	nan	nan
20141026	nan	nan	nan
20141027	nan	nan	nan
20141028	nan	nan	nan
20141029	nan	nan	nan
20141030	nan	nan	nan
20141031	nan	nan	nan
20141101	nan	nan	nan
20141102	nan	nan	nan
20141103	nan	nan	nan
20141104	nan	nan	nan
20141105	nan	nan	nan
20141106	nan	nan	nan
20141107	nan	nan	nan
20141108	nan	nan	nan
20141109	nan	nan	nan
20141110	nan	nan	nan
20141111	nan	nan	nan
20141112	nan	nan	nan
20141113	nan	nan	nan
20141114	nan	nan	nan
20141115	nan	nan	nan
20141116	nan	nan	nan
20141117	nan	nan	nan
20141118	nan	nan	nan
20141119	nan	nan	nan
20141120	nan	nan	nan
20141121	nan	nan	nan
20141122	nan	nan	nan
20141123	nan	nan	nan
20141124	nan	nan	nan
20141125	nan	nan	nan
20141126	nan	nan	nan
20141127	nan	nan	nan
20141128	nan	nan	nan
20141129	nan	nan	nan
20141130	nan	nan	nan
20141201	nan	nan	nan
20141202	nan	nan	nan
20141203	nan	nan	nan
20141204	nan	nan	nan
20141205	nan	nan	nan
20141206	nan	nan	nan
20141207	nan	nan	nan
20141208	nan	nan	nan
20141209	nan	nan	nan
20141210	nan	nan	nan
20141211	nan	nan	nan
20141212	nan	nan	nan
20141213	nan	nan	nan
20141214	nan	nan	nan
20141215	nan	nan	nan
20141216	nan	nan	nan
20141217	nan	nan	nan
20141218	nan	nan	nan
20141219	nan	nan	nan
20141220	nan	nan	nan
20141221	nan	nan	nan
20141222	nan	nan	nan
20141223	nan	nan	nan
20141224	nan	nan	nan
20141225	nan	nan	nan
20141226	nan	nan	nan
20141227	nan	nan	nan
20141228	nan	nan	nan
20141229	nan	nan	nan
20141230	nan	nan	nan
20141231	nan	nan	nan
20150101	nan	nan	nan
20150102	nan	nan	nan
20150103	nan	nan	nan
20150104	nan	nan	nan
20150105	nan	nan	nan
20150106	nan	nan	nan
20150107	nan	nan	nan
20150108	nan	nan	nan
20150109	nan	nan	nan
20150110	nan	nan	nan
20150111	nan	nan	nan
20150112	nan	nan	nan
20150113	nan	nan	nan
20150114	nan	nan	nan
20150115	nan	nan	nan
20150116	nan	nan	nan
20150117	nan	nan	nan
20150118	nan	nan	nan
20150119	nan	nan	nan
20150120	nan	nan	nan
20150121	nan	nan	nan
20150122	nan	nan	nan
20150123	nan	nan	nan
20150124	nan	nan	nan
20150125	nan	nan	nan
20150126	nan	nan	nan
20150127	nan	nan	nan
20150128	nan	nan	nan
20150129	nan	nan	nan
20150130	nan	nan	nan
20150131	nan	nan	nan
20150201	nan	nan	nan
20150202	nan	nan	nan
20150203	nan	nan	nan
20150204	nan	nan	nan
20150205	nan	nan	nan
20150206	nan	nan	nan
20150207	nan	nan	nan
20150208	nan	nan	nan
20150209	nan	nan	nan
20150210	nan	nan	nan
20150211	nan	nan	nan
20150212	nan	nan	nan
20150213	nan	nan	nan
20150214	nan	nan	nan
20150215	nan	nan	nan
20150216	nan	nan	nan
20150217	nan	nan	nan
20150218	nan	nan	nan
20150219	nan	nan	nan
20150220	nan	nan	nan
20150221	nan	nan	nan
20150222	nan	nan	nan
20150223	nan	nan	nan
20150224	nan	nan	nan
20150225	nan	nan	nan
20150226	nan	nan	nan
20150227	nan	nan	nan
20150228	nan	nan	nan
20150301	nan	nan	nan
20150302	nan	nan	nan
20150303	nan	nan	nan
20150304	nan	nan	nan
20150305	0.09755	99.33	0.576
20150306	0.09327	99.27	0.6387
20150307	0.09333	99.27	0.6392
20150308	0.09323	99.08	0.8276
20150309	0.09272	99.07	0.8399
20150310	0.1071	99.11	0.7837
20150311	0.1072	99.01	0.8805
20150312	0.1166	99.02	0.8608
20150313	0.1001	99.08	0.8214
20150314	3.887	95.44	0.676
20150315	3.849	94.88	1.269
20150316	3.856	93.85	2.292
20150317	3.848	93.74	2.417
20150318	3.848	93.74	2.417
20150319	4.063	94.01	1.928
20150320	4.039	93.91	2.047
20150321	3.885	94.28	1.832
20150322	3.871	94.3	1.832
20150323	3.871	94.3	1.832
20150324	3.556	94.67	1.773
20150325	3.554	94.67	1.773
20150326	1.476	97.97	0.5503
20150327	nan	nan	nan
20150328	nan	nan	nan
20150329	nan	nan	nan
20150330	nan	nan	nan
20150331	nan	nan	nan
20150401	nan	nan	nan
20150402	nan	nan	nan
20150403	nan	nan	nan
20150404	nan	nan	nan
20150405	nan	nan	nan
20150406	nan	nan	nan
20150407	nan	nan	nan
20150408	nan	nan	nan
20150409	nan	nan	nan
20150410	nan	nan	nan
20150411	nan	nan	nan
20150412	nan	nan	nan
20150413	nan	nan	nan
20150414	nan	nan	nan
20150415	nan	nan	nan
20150416	nan	nan	nan
20150417	nan	nan	nan
20150418	nan	nan	nan
20150419	nan	nan	nan
20150420	nan	nan	nan
20150421	nan	nan	nan
20150422	nan	nan	nan
20150423	nan	nan	nan
20150424	24.68	75.27	0.05156
20150425	24.63	75.27	0.1016
20150426	10.32	89.59	0.08767
20150427	10.67	89.24	0.08419
20150428	10.67	89.24	0.08419
20150429	10.65	89.2	0.1499
20150430	10.65	89.16	0.1938
20150501	12.31	87.52	0.1717
20150502	12.29	87.48	0.2243
20150503	12.29	87.48	0.2243
20150504	12.35	87.46	0.1959
20150505	12.34	87.46	0.1959
20150506	61.3	38.56	0.1462
20150507	61.31	38.49	0.2011
20150508	84.66	15.17	0.1691
20150509	89.35	10.5	0.1493
20150510	89.24	10.35	0.4023
20150511	89.31	9.979	0.7144
20150512	89.31	9.979	0.7145
20150513	81.97	17.4	0.629
20150514	81.97	17.4	0.629
20150515	82.04	17.34	0.6207
20150516	72.06	27.07	0.8734
20150517	72.0	27.07	0.9269
20150518	66.38	32.27	1.353
20150519	66.38	32.26	1.353
20150520	68.27	30.37	1.366
20150521	74.28	24.45	1.271
20150522	74.3	24.4	1.303
20150523	74.26	24.36	1.386
20150524	74.25	24.35	1.4
20150525	74.22	24.21	1.572
20150526	73.34	23.76	2.906
20150527	73.5	23.45	3.045
20150528	73.51	23.45	3.044
20150529	74.48	22.21	3.317
20150530	74.33	21.85	3.813
20150531	74.8	21.33	3.864
20150601	65.49	28.9	5.615
20150602	67.94	26.73	5.338
20150603	66.47	25.56	7.969
20150604	65.98	24.47	9.545
20150605	65.92	23.74	10.34
20150606	56.27	29.24	14.49
20150607	nan	nan	nan
20150608	55.13	28.0	16.87
20150609	60.96	23.02	16.02
20150610	60.94	22.95	16.11
20150611	59.21	22.57	18.21
20150612	60.15	20.45	19.41
20150613	59.4	20.16	20.45
20150614	nan	nan	nan
20150615	nan	nan	nan
20150616	nan	nan	nan
20150617	nan	nan	nan
20150618	nan	nan	nan
20150619	nan	nan	nan
20150620	nan	nan	nan
20150621	nan	nan	nan
20150622	nan	nan	nan
20150623	nan	nan	nan
20150624	nan	nan	nan
20150625	nan	nan	nan
20150626	nan	nan	nan
20150627	nan	nan	nan
20150628	nan	nan	nan
20150629	nan	nan	nan
20150630	34.38	14.67	50.95
20150701	28.82	13.04	58.14
20150702	28.8	13.01	58.2
20150703	33.95	11.29	54.76
20150704	33.53	11.24	55.24
20150705	33.47	11.22	55.31
20150706	33.32	11.19	55.48
20150707	33.9	10.87	55.24
20150708	nan	nan	nan
20150709	32.69	10.17	57.14
20150710	28.61	9.482	61.9
20150711	nan	nan	nan
20150712	nan	nan	nan
20150713	16.68	4.89	78.43
20150714	14.37	4.669	80.96
20150715	22.1	4.554	73.35
20150716	22.09	4.552	73.36
20150717	22.96	4.479	72.57
20150718	21.32	4.431	74.25
20150719	20.6	4.89	74.51
20150720	21.79	4.696	73.51
20150721	19.37	3.675	76.96
20150722	16.97	3.679	79.35
20150723	14.62	3.211	82.17
20150724	17.93	3.957	78.12
20150725	nan	nan	nan
20150726	nan	nan	nan
20150727	nan	nan	nan
20150728	nan	nan	nan
20150729	nan	nan	nan
20150730	nan	nan	nan
20150731	nan	nan	nan
20150801	nan	nan	nan
20150802	nan	nan	nan
20150803	nan	nan	nan
20150804	nan	nan	nan
20150805	nan	nan	nan
20150806	nan	nan	nan
20150807	nan	nan	nan
20150808	nan	nan	nan
20150809	nan	nan	nan
20150810	nan	nan	nan
20150811	nan	nan	nan
20150812	7.746	0.3847	91.87
20150813	10.02	0.8021	89.18
20150814	9.905	0.8012	89.29
20150815	3.357	0.7638	95.88
20150816	1.162	0.488	98.35
20150817	1.576	0.4818	97.94
20150818	0.5814	0.334	99.08
20150819	0.2914	0.2743	99.43
20150820	2.134	0.3575	97.51
20150821	0.2792	0.1634	99.56
20150822	0.1417	0.1259	99.73
20150823	0.1414	0.1259	99.73
20150824	0.9379	0.3271	98.74
20150825	1.687	0.392	97.92
20150826	1.058	0.2433	98.7
20150827	1.271	0.2742	98.46
20150828	1.267	0.2743	98.46
20150829	3.365	0.3342	96.3
20150830	3.087	0.3281	96.59
20150831	2.85	0.3044	96.85
20150901	5.621	0.3344	94.04
20150902	5.503	0.3411	94.16
20150903	5.519	0.3405	94.14
20150904	5.747	0.3382	93.91
20150905	nan	nan	nan
20150906	nan	nan	nan
20150907	nan	nan	nan
20150908	nan	nan	nan
20150909	nan	nan	nan
20150910	2.307	0.7112	96.98
20150911	0.5154	0.4163	99.07
20150912	0.2657	0.2739	99.46
20150913	1.584	0.513	97.9
20150914	0.3886	0.2901	99.32
20150915	0.369	0.26	99.37
20150916	0.2859	0.2365	99.48
20150917	2.167	0.7004	97.13
20150918	3.395	1.654	94.95
20150919	3.282	1.642	95.08
20150920	3.426	1.64	94.93
20150921	2.202	1.22	96.58
20150922	1.987	1.182	96.83
20150923	3.883	1.094	95.02
20150924	1.803	0.372	97.82
20150925	5.205	0.5058	94.29
20150926	5.222	0.5074	94.27
20150927	7.569	0.548	91.88
20150928	7.136	0.4815	92.38
20150929	6.719	0.5026	92.78
20150930	8.455	7.216	84.33
20151001	8.379	7.152	84.47
20151002	9.483	7.496	83.02
20151003	9.448	7.367	83.19
20151004	10.94	23.88	65.18
20151005	9.76	60.76	29.48
20151006	9.877	61.8	28.32
20151007	9.665	59.58	30.75
20151008	9.455	57.71	32.84
20151009	9.294	56.2	34.51
20151010	9.072	53.62	37.31
20151011	9.89	70.45	19.66
20151012	19.52	63.93	16.55
20151013	19.5	63.45	17.05
20151014	19.82	63.3	16.88
20151015	19.72	61.99	18.28
20151016	22.09	59.95	17.97
20151017	25.75	51.65	22.59
20151018	25.23	48.08	26.69
20151019	23.87	39.94	36.2
20151020	24.07	38.5	37.42
20151021	nan	nan	nan
20151022	nan	nan	nan
20151023	nan	nan	nan
20151024	nan	nan	nan
20151025	nan	nan	nan
20151026	nan	nan	nan
20151027	nan	nan	nan
20151028	nan	nan	nan
20151029	nan	nan	nan
20151030	nan	nan	nan
20151031	nan	nan	nan
20151101	nan	nan	nan
20151102	nan	nan	nan
20151103	nan	nan	nan
20151104	nan	nan	nan
20151105	26.38	64.47	9.154
20151106	26.38	64.47	9.154
20151107	26.4	64.55	9.05
20151108	26.62	64.29	9.084
20151109	26.84	64.17	8.985
20151110	nan	nan	nan
20151111	nan	nan	nan
20151112	nan	nan	nan
20151113	nan	nan	nan
20151114	nan	nan	nan
20151115	nan	nan	nan
20151116	nan	nan	nan
20151117	nan	nan	nan
20151118	nan	nan	nan
20151119	nan	nan	nan
20151120	nan	nan	nan
20151121	nan	nan	nan
20151122	nan	nan	nan
20151123	nan	nan	nan
20151124	nan	nan	nan
20151125	nan	nan	nan
20151126	nan	nan	nan
20151127	nan	nan	nan
20151128	nan	nan	nan
20151129	nan	nan	nan
20151130	nan	nan	nan
20151201	nan	nan	nan
20151202	nan	nan	nan
20151203	nan	nan	nan
20151204	nan	nan	nan
20151205	nan	nan	nan
20151206	nan	nan	nan
20151207	nan	nan	nan
20151208	nan	nan	nan
20151209	nan	nan	nan
20151210	nan	nan	nan
20151211	nan	nan	nan
20151212	nan	nan	nan
20151213	nan	nan	nan
20151214	nan	nan	nan
20151215	nan	nan	nan
20151216	nan	nan	nan
20151217	nan	nan	nan
20151218	nan	nan	nan
20151219	nan	nan	nan
20151220	nan	nan	nan
20151221	nan	nan	nan
20151222	nan	nan	nan
20151223	nan	nan	nan
20151224	nan	nan	nan
20151225	nan	nan	nan
20151226	nan	nan	nan
20151227	nan	nan	nan
20151228	nan	nan	nan
20151229	nan	nan	nan
20151230	nan	nan	nan
20151231	nan	nan	nan
20160101	nan	nan	nan
20160102	nan	nan	nan
20160103	nan	nan	nan
20160104	nan	nan	nan
20160105	nan	nan	nan
20160106	nan	nan	nan
20160107	nan	nan	nan
20160108	nan	nan	nan
20160109	nan	nan	nan
20160110	nan	nan	nan
20160111	nan	nan	nan
20160112	nan	nan	nan
20160113	nan	nan	nan
20160114	nan	nan	nan
20160115	nan	nan	nan
20160116	nan	nan	nan
20160117	nan	nan	nan
20160118	nan	nan	nan
20160119	nan	nan	nan
20160120	nan	nan	nan
20160121	nan	nan	nan
20160122	nan	nan	nan
20160123	nan	nan	nan
20160124	nan	nan	nan
20160125	nan	nan	nan
20160126	nan	nan	nan
20160127	nan	nan	nan
20160128	nan	nan	nan
20160129	nan	nan	nan
20160130	nan	nan	nan
20160131	nan	nan	nan
20160201	nan	nan	nan
20160202	nan	nan	nan
20160203	nan	nan	nan
20160204	nan	nan	nan
20160205	nan	nan	nan
20160206	nan	nan	nan
20160207	nan	nan	nan
20160208	nan	nan	nan
20160209	nan	nan	nan
20160210	nan	nan	nan
20160211	nan	nan	nan
20160212	nan	nan	nan
20160213	nan	nan	nan
20160214	nan	nan	nan
20160215	nan	nan	nan
20160216	nan	nan	nan
20160217	nan	nan	nan
20160218	nan	nan	nan
20160219	nan	nan	nan
20160220	nan	nan	nan
20160221	nan	nan	nan
20160222	nan	nan	nan
20160223	nan	nan	nan
20160224	nan	nan	nan
20160225	nan	nan	nan
20160226	0.02099	99.39	0.5881
20160227	0.021	99.22	0.7579
20160228	0.06694	99.29	0.6435
20160229	0.06694	99.29	0.6435
20160301	0.5368	99.34	0.121
20160302	0.5368	99.34	0.121
20160303	0.5437	99.34	0.121
20160304	0.5354	99.37	0.09094
20160305	0.5354	99.35	0.1136
20160306	0.5354	99.35	0.1136
20160307	0.5356	99.35	0.1136
20160308	0.5481	99.34	0.1163
20160309	0.1618	98.9	0.9428
20160310	0.1608	98.86	0.9752
20160311	0.2778	99.0	0.7229
20160312	0.2768	99.0	0.7244
20160313	0.2768	99.0	0.7244
20160314	0.2768	99.0	0.7244
20160315	17.5	81.93	0.568
20160316	23.59	76.01	0.4024
20160317	23.61	75.98	0.4029
20160318	23.61	75.95	0.4383
20160319	23.65	75.91	0.4388
20160320	24.36	75.2	0.4464
20160321	8.714	91.15	0.1331
20160322	nan	nan	nan
20160323	nan	nan	nan
20160324	nan	nan	nan
20160325	nan	nan	nan
20160326	nan	nan	nan
20160327	nan	nan	nan
20160328	nan	nan	nan
20160329	nan	nan	nan
20160330	nan	nan	nan
20160331	nan	nan	nan
20160401	nan	nan	nan
20160402	1.065	98.68	0.2504
20160403	1.065	98.68	0.2504
20160404	0.9002	98.92	0.1825
20160405	0.9002	98.83	0.2659
20160406	1.607	98.12	0.2775
20160407	1.607	98.12	0.2775
20160408	2.26	97.48	0.2579
20160409	2.356	97.39	0.2579
20160410	2.356	97.39	0.2579
20160411	2.356	97.38	0.2643
20160412	2.356	97.38	0.2643
20160413	2.416	97.32	0.2658
20160414	2.548	97.19	0.2598
20160415	nan	nan	nan
20160416	nan	nan	nan
20160417	nan	nan	nan
20160418	1.807	98.17	0.02314
20160419	1.773	98.1	0.1267
20160420	3.906	95.98	0.1097
20160421	0.3274	99.52	0.1526
20160422	0.3274	99.52	0.1526
20160423	0.3274	99.52	0.1526
20160424	0.3259	99.5	0.1712
20160425	0.3082	99.37	0.3207
20160426	0.4483	99.22	0.3319
20160427	0.4473	99.22	0.3319
20160428	55.92	43.71	0.3712
20160429	55.57	43.61	0.8122
20160430	77.26	22.1	0.6416
20160501	77.03	21.96	1.016
20160502	66.13	32.65	1.22
20160503	64.27	34.58	1.15
20160504	64.26	34.57	1.163
20160505	64.26	34.57	1.163
20160506	64.22	34.53	1.255
20160507	64.21	34.53	1.261
20160508	68.7	29.85	1.448
20160509	68.75	29.68	1.574
20160510	71.06	27.24	1.695
20160511	71.28	27.05	1.663
20160512	71.62	26.85	1.532
20160513	75.61	22.32	2.073
20160514	62.76	33.51	3.724
20160515	63.77	32.54	3.686
20160516	63.77	32.54	3.689
20160517	nan	nan	nan
20160518	nan	nan	nan
20160519	nan	nan	nan
20160520	51.22	41.06	7.719
20160521	51.15	41.1	7.752
20160522	56.45	33.63	9.912
20160523	56.48	33.51	10.01
20160524	55.7	32.14	12.16
20160525	57.32	30.05	12.62
20160526	43.45	36.48	20.07
20160527	41.75	28.77	29.48
20160528	41.62	28.55	29.83
20160529	38.09	25.67	36.24
20160530	34.43	21.52	44.05
20160531	30.98	21.52	47.5
20160601	32.92	19.39	47.69
20160602	29.25	17.7	53.05
20160603	38.42	15.1	46.48
20160604	38.4	14.95	46.65
20160605	43.04	13.17	43.79
20160606	42.75	11.93	45.32
20160607	43.99	9.734	46.27
20160608	45.24	9.406	45.35
20160609	45.95	8.099	45.95
20160610	43.82	7.331	48.85
20160611	42.07	6.498	51.44
20160612	44.11	6.531	49.36
20160613	nan	nan	nan
20160614	nan	nan	nan
20160615	nan	nan	nan
20160616	nan	nan	nan
20160617	nan	nan	nan
20160618	nan	nan	nan
20160619	nan	nan	nan
20160620	nan	nan	nan
20160621	nan	nan	nan
20160622	nan	nan	nan
20160623	nan	nan	nan
20160624	nan	nan	nan
20160625	nan	nan	nan
20160626	nan	nan	nan
20160627	nan	nan	nan
20160628	nan	nan	nan
20160629	nan	nan	nan
20160630	nan	nan	nan
20160701	nan	nan	nan
20160702	12.28	0.8633	86.85
20160703	10.78	0.794	88.43
20160704	9.137	0.9356	89.93
20160705	9.048	0.9367	90.02
20160706	12.29	0.9818	86.73
20160707	13.33	1.168	85.5
20160708	11.41	1.074	87.51
20160709	13.03	0.965	86.01
20160710	nan	nan	nan
20160711	nan	nan	nan
20160712	6.624	0.4473	92.93
20160713	5.399	0.5811	94.02
20160714	7.92	1.081	91.0
20160715	nan	nan	nan
20160716	nan	nan	nan
20160717	nan	nan	nan
20160718	nan	nan	nan
20160719	nan	nan	nan
20160720	nan	nan	nan
20160721	4.014	0.2699	95.72
20160722	0.2446	0.08894	99.67
20160723	1.176	0.4216	98.4
20160724	1.09	0.3328	98.58
20160725	1.953	0.2697	97.78
20160726	2.678	0.324	97.0
20160727	2.631	0.3239	97.04
20160728	2.622	0.3509	97.03
20160729	2.245	0.3358	97.42
20160730	1.959	0.356	97.68
20160731	3.093	0.3752	96.53
20160801	3.086	0.3693	96.55
20160802	5.241	0.2799	94.48
20160803	5.389	0.2779	94.33
20160804	3.701	0.8129	95.49
20160805	1.55	0.5485	97.9
20160806	3.061	0.6917	96.25
20160807	5.003	0.6493	94.35
20160808	4.999	0.6494	94.35
20160809	5.054	0.6996	94.25
20160810	3.189	0.3556	96.46
20160811	6.248	0.3273	93.42
20160812	6.912	0.3801	92.71
20160813	5.3	0.3088	94.39
20160814	6.921	0.2518	92.83
20160815	5.19	0.1812	94.63
20160816	1.936	0.3535	97.71
20160817	0.2286	0.09004	99.68
20160818	0.413	0.3389	99.25
20160819	1.292	0.3259	98.38
20160820	0.6832	0.2217	99.1
20160821	0.7782	0.2838	98.94
20160822	0.0951	0.0501	99.85
20160823	2.956	0.3123	96.73
20160824	2.536	0.4154	97.05
20160825	2.51	0.4155	97.07
20160826	5.557	0.3387	94.1
20160827	5.41	0.3273	94.26
20160828	11.23	0.3952	88.37
20160829	10.69	0.3953	88.92
20160830	10.86	0.5298	88.61
20160831	11.35	0.4983	88.15
20160901	11.35	0.4984	88.15
20160902	11.39	0.5415	88.07
20160903	8.405	0.3398	91.26
20160904	nan	nan	nan
20160905	nan	nan	nan
20160906	nan	nan	nan
20160907	nan	nan	nan
20160908	nan	nan	nan
20160909	nan	nan	nan
20160910	nan	nan	nan
20160911	nan	nan	nan
20160912	nan	nan	nan
20160913	4.433	1.565	94.0
20160914	4.426	1.616	93.96
20160915	4.183	1.539	94.28
20160916	2.266	0.411	97.32
20160917	1.803	0.4627	97.73
20160918	1.622	0.4283	97.95
20160919	3.322	4.03	92.65
20160920	3.136	3.85	93.01
20160921	2.827	0.9096	96.26
20160922	0.4202	0.2299	99.35
20160923	1.873	0.4131	97.71
20160924	3.778	0.3861	95.84
20160925	3.769	0.3861	95.85
20160926	3.503	0.4148	96.08
20160927	8.2	0.4026	91.4
20160928	8.5	0.6674	90.83
20160929	10.14	0.6655	89.19
20160930	15.05	1.429	83.52
20161001	17.57	1.744	80.68
20161002	15.95	3.372	80.68
20161003	17.72	15.14	67.14
20161004	15.3	42.51	42.19
20161005	21.85	33.95	44.2
20161006	22.31	33.57	44.12
20161007	21.09	27.19	51.72
20161008	13.82	16.45	69.73
20161009	13.53	5.172	81.3
20161010	5.62	4.469	89.91
20161011	11.23	3.979	84.8
20161012	14.97	3.493	81.54
20161013	15.7	3.355	80.94
20161014	15.72	3.172	81.11
20161015	7.171	3.342	89.49
20161016	17.25	3.185	79.57
20161017	14.25	4.859	80.89
20161018	7.303	8.357	84.34
20161019	11.93	10.4	77.67
20161020	5.395	5.777	88.83
20161021	11.05	10.32	78.63
20161022	5.611	8.13	86.26
20161023	14.3	12.12	73.59
20161024	23.74	12.23	64.03
20161025	22.07	15.26	62.67
20161026	13.96	15.26	70.78
20161027	12.94	18.01	69.04
20161028	22.63	26.79	50.58
20161029	26.14	35.45	38.41
20161030	21.9	44.43	33.67
20161031	31.15	54.67	14.19
20161101	27.9	55.79	16.31
20161102	27.91	55.82	16.26
20161103	22.74	64.05	13.21
20161104	18.97	70.8	10.23
20161105	18.24	68.74	13.01
20161106	25.14	64.26	10.6
20161107	25.15	64.23	10.62
20161108	31.07	59.98	8.957
20161109	31.51	59.84	8.651
20161110	35.82	56.71	7.463
20161111	nan	nan	nan
20161112	nan	nan	nan
20161113	nan	nan	nan
20161114	nan	nan	nan
20161115	nan	nan	nan
20161116	nan	nan	nan
20161117	nan	nan	nan
20161118	nan	nan	nan
20161119	nan	nan	nan
20161120	nan	nan	nan
20161121	nan	nan	nan
20161122	nan	nan	nan
20161123	nan	nan	nan
20161124	nan	nan	nan
20161125	nan	nan	nan
20161126	nan	nan	nan
20161127	nan	nan	nan
20161128	nan	nan	nan
20161129	nan	nan	nan
20161130	nan	nan	nan
20161201	nan	nan	nan
20161202	nan	nan	nan
20161203	nan	nan	nan
20161204	nan	nan	nan
20161205	nan	nan	nan
20161206	nan	nan	nan
20161207	nan	nan	nan
20161208	nan	nan	nan
20161209	nan	nan	nan
20161210	nan	nan	nan
20161211	nan	nan	nan
20161212	nan	nan	nan
20161213	nan	nan	nan
20161214	nan	nan	nan
20161215	nan	nan	nan
20161216	nan	nan	nan
20161217	nan	nan	nan
20161218	nan	nan	nan
20161219	nan	nan	nan
20161220	nan	nan	nan
20161221	nan	nan	nan
20161222	nan	nan	nan
20161223	nan	nan	nan
20161224	nan	nan	nan
20161225	nan	nan	nan
20161226	nan	nan	nan
20161227	nan	nan	nan
20161228	nan	nan	nan
20161229	nan	nan	nan
20161230	nan	nan	nan
20161231	nan	nan	nan
20170101	nan	nan	nan
20170102	nan	nan	nan
20170103	nan	nan	nan
20170104	nan	nan	nan
20170105	nan	nan	nan
20170106	nan	nan	nan
20170107	nan	nan	nan
20170108	nan	nan	nan
20170109	nan	nan	nan
20170110	nan	nan	nan
20170111	nan	nan	nan
20170112	nan	nan	nan
20170113	nan	nan	nan
20170114	nan	nan	nan
20170115	nan	nan	nan
20170116	nan	nan	nan
20170117	nan	nan	nan
20170118	nan	nan	nan
20170119	nan	nan	nan
20170120	nan	nan	nan
20170121	nan	nan	nan
20170122	nan	nan	nan
20170123	nan	nan	nan
20170124	nan	nan	nan
20170125	nan	nan	nan
20170126	nan	nan	nan
20170127	nan	nan	nan
20170128	nan	nan	nan
20170129	nan	nan	nan
20170130	nan	nan	nan
20170131	nan	nan	nan
20170201	nan	nan	nan
20170202	nan	nan	nan
20170203	nan	nan	nan
20170204	nan	nan	nan
20170205	nan	nan	nan
20170206	nan	nan	nan
20170207	1.548	98.0	0.4557
20170208	1.79	97.41	0.8035
20170209	1.667	98.04	0.29
20170210	1.667	98.04	0.2903
20170211	1.271	98.46	0.2648
20170212	6.801	92.94	0.2546
20170213	44.94	54.81	0.25
20170214	42.99	56.58	0.4386
20170215	43.0	56.58	0.421
20170216	43.2	56.37	0.4229
20170217	42.69	56.89	0.4177
20170218	nan	nan	nan
20170219	nan	nan	nan
20170220	nan	nan	nan
20170221	nan	nan	nan
20170222	nan	nan	nan
20170223	nan	nan	nan
20170224	nan	nan	nan
20170225	nan	nan	nan
20170226	nan	nan	nan
20170227	0.03025	99.58	0.394
20170228	0.02937	99.61	0.3606
20170301	0.02413	99.65	0.3262
20170302	0.02587	99.69	0.2868
20170303	0.01397	99.57	0.4167
20170304	0.03623	99.35	0.6175
20170305	0.02844	99.42	0.5531
20170306	0.002324	99.73	0.2634
20170307	0.01632	99.73	0.2575
20170308	0.01031	99.83	0.1593
20170309	0.02817	99.83	0.1403
20170310	0.02979	99.64	0.3303
20170311	0.01221	99.71	0.2792
20170312	0.03336	99.64	0.3279
20170313	0.03443	99.65	0.3182
20170314	nan	nan	nan
20170315	nan	nan	nan
20170316	nan	nan	nan
20170317	nan	nan	nan
20170318	nan	nan	nan
20170319	nan	nan	nan
20170320	nan	nan	nan
20170321	nan	nan	nan
20170322	nan	nan	nan
20170323	nan	nan	nan
20170324	nan	nan	nan
20170325	nan	nan	nan
20170326	nan	nan	nan
20170327	nan	nan	nan
20170328	nan	nan	nan
20170329	nan	nan	nan
20170330	nan	nan	nan
20170331	nan	nan	nan
20170401	nan	nan	nan
20170402	nan	nan	nan
20170403	nan	nan	nan
20170404	nan	nan	nan
20170405	nan	nan	nan
20170406	nan	nan	nan
20170407	nan	nan	nan
20170408	9.18	90.79	0.02914
20170409	10.47	89.5	0.02964
20170410	10.46	89.51	0.02957
20170411	9.771	90.2	0.02984
20170412	8.09	91.91	0.0
20170413	3.665	96.34	0.0
20170414	2.573	97.43	0.0
20170415	nan	nan	nan
20170416	nan	nan	nan
20170417	nan	nan	nan
20170418	nan	nan	nan
20170419	nan	nan	nan
20170420	nan	nan	nan
20170421	nan	nan	nan
20170422	nan	nan	nan
20170423	nan	nan	nan
20170424	nan	nan	nan
20170425	nan	nan	nan
20170426	3.546	96.45	0.0
20170427	2.973	97.03	0.0
20170428	0.2054	99.79	0.0
20170429	0.4281	99.57	0.0
20170430	0.4759	99.52	0.0
20170501	0.7395	99.26	0.0
20170502	0.8401	99.16	0.0
20170503	2.43	97.57	0.0
20170504	2.505	97.49	0.0
20170505	71.58	28.41	0.01017
20170506	nan	nan	nan
20170507	nan	nan	nan
20170508	80.35	19.64	0.01124
20170509	67.29	32.7	0.01102
20170510	nan	nan	nan
20170511	48.17	51.83	0.00439
20170512	nan	nan	nan
20170513	nan	nan	nan
20170514	13.59	86.39	0.01779
20170515	23.5	76.46	0.03711
20170516	14.43	85.54	0.0244
20170517	24.13	75.85	0.02135
20170518	37.41	62.55	0.04423
20170519	83.31	16.65	0.04194
20170520	87.83	12.14	0.03432
20170521	90.48	9.487	0.0328
20170522	90.2	9.766	0.03898
20170523	88.46	11.43	0.1035
20170524	86.6	13.3	0.1022
20170525	86.61	13.28	0.1119
20170526	85.14	14.73	0.1302
20170527	78.45	21.23	0.3244
20170528	82.76	16.96	0.2777
20170529	81.74	18.02	0.2322
20170530	82.5	17.31	0.1921
20170531	81.84	17.99	0.1629
20170601	83.86	15.99	0.1522
20170602	80.11	19.74	0.1514
20170603	42.7	57.03	0.268
20170604	57.18	42.57	0.2485
20170605	54.61	45.14	0.254
20170606	78.87	20.9	0.2362
20170607	62.85	36.66	0.4893
20170608	65.99	31.36	2.648
20170609	66.43	28.07	5.499
20170610	60.94	28.84	10.22
20170611	58.93	29.79	11.28
20170612	50.06	37.29	12.65
20170613	54.07	31.36	14.58
20170614	56.86	26.46	16.68
20170615	nan	nan	nan
20170616	nan	nan	nan
20170617	nan	nan	nan
20170618	nan	nan	nan
20170619	nan	nan	nan
20170620	nan	nan	nan
20170621	nan	nan	nan
20170622	nan	nan	nan
20170623	nan	nan	nan
20170624	nan	nan	nan
20170625	nan	nan	nan
20170626	nan	nan	nan
20170627	nan	nan	nan
20170628	nan	nan	nan
20170629	nan	nan	nan
20170630	nan	nan	nan
20170701	nan	nan	nan
20170702	nan	nan	nan
20170703	nan	nan	nan
20170704	nan	nan	nan
20170705	nan	nan	nan
20170706	nan	nan	nan
20170707	nan	nan	nan
20170708	nan	nan	nan
20170709	nan	nan	nan
20170710	nan	nan	nan
20170711	nan	nan	nan
20170712	nan	nan	nan
20170713	nan	nan	nan
20170714	nan	nan	nan
20170715	nan	nan	nan
20170716	nan	nan	nan
20170717	nan	nan	nan
20170718	nan	nan	nan
20170719	nan	nan	nan
20170720	nan	nan	nan
20170721	nan	nan	nan
20170722	nan	nan	nan
20170723	16.4	0.8979	82.7
20170724	17.43	0.7943	81.77
20170725	9.44	0.5065	90.05
20170726	11.34	0.3503	88.31
20170727	12.19	0.3241	87.49
20170728	10.22	0.2824	89.5
20170729	7.105	0.2403	92.65
20170730	10.72	0.3624	88.92
20170731	14.58	0.2108	85.21
20170801	16.2	0.206	83.59
20170802	16.2	0.2951	83.5
20170803	17.15	0.2089	82.64
20170804	nan	nan	nan
20170805	nan	nan	nan
20170806	nan	nan	nan
20170807	nan	nan	nan
20170808	nan	nan	nan
20170809	nan	nan	nan
20170810	nan	nan	nan
20170811	11.51	2.064	86.43
20170812	12.4	2.06	85.54
20170813	12.62	1.512	85.87
20170814	13.16	1.21	85.63
20170815	nan	nan	nan
20170816	9.541	0.9163	89.54
20170817	12.41	0.64	86.95
20170818	nan	nan	nan
20170819	11.87	0.4979	87.63
20170820	nan	nan	nan
20170821	nan	nan	nan
20170822	nan	nan	nan
20170823	nan	nan	nan
20170824	nan	nan	nan
20170825	nan	nan	nan
20170826	nan	nan	nan
20170827	nan	nan	nan
20170828	nan	nan	nan
20170829	nan	nan	nan
20170830	nan	nan	nan
20170831	nan	nan	nan
20170901	nan	nan	nan
20170902	nan	nan	nan
20170903	nan	nan	nan
20170904	4.456	0.5021	95.04
20170905	5.696	0.3124	93.99
20170906	6.875	0.3126	92.81
20170907	3.556	0.4827	95.96
20170908	6.458	0.2977	93.24
20170909	6.312	0.3063	93.38
20170910	11.13	0.9477	87.92
20170911	10.99	1.54	87.47
20170912	13.03	7.133	79.84
20170913	13.47	7.132	79.4
20170914	nan	nan	nan
20170915	nan	nan	nan
20170916	nan	nan	nan
20170917	nan	nan	nan
20170918	nan	nan	nan
20170919	nan	nan	nan
20170920	nan	nan	nan
20170921	nan	nan	nan
20170922	nan	nan	nan
20170923	nan	nan	nan
20170924	7.948	0.4116	91.64
20170925	9.618	0.3099	90.07
20170926	5.814	0.3648	93.82
20170927	2.131	0.3297	97.54
20170928	1.797	0.6437	97.56
20170929	2.601	0.3833	97.02
20170930	2.626	0.4615	96.91
20171001	1.822	0.5371	97.64
20171002	3.427	0.4231	96.15
20171003	3.504	2.733	93.76
20171004	12.01	2.288	85.71
20171005	11.94	2.224	85.83
20171006	15.86	2.004	82.13
20171007	17.08	2.489	80.43
20171008	nan	nan	nan
20171009	nan	nan	nan
20171010	nan	nan	nan
20171011	nan	nan	nan
20171012	nan	nan	nan
20171013	6.651	32.48	60.87
20171014	11.76	35.09	53.15
20171015	10.16	41.99	47.85
20171016	22.37	37.61	40.01
20171017	19.06	58.7	22.24
20171018	29.38	53.14	17.47
20171019	32.81	54.2	12.99
20171020	16.16	82.05	1.788
20171021	15.91	82.24	1.851
20171022	7.573	91.16	1.27
20171023	18.42	80.91	0.67
20171024	14.75	84.37	0.8823
20171025	10.78	88.15	1.071
20171026	15.66	82.94	1.403
20171027	15.66	82.96	1.383
20171028	21.4	77.09	1.513
20171029	15.66	82.21	2.126
20171030	13.17	84.61	2.22
20171031	10.48	87.22	2.299
20171101	8.275	89.83	1.899
20171102	7.731	89.55	2.717
20171103	12.12	85.68	2.204
20171104	20.03	76.36	3.609
20171105	17.63	79.64	2.739
20171106	12.49	85.11	2.4
20171107	13.72	83.95	2.333
20171108	14.78	82.83	2.385
20171109	nan	nan	nan
20171110	nan	nan	nan
20171111	nan	nan	nan
20171112	nan	nan	nan
20171113	nan	nan	nan
20171114	nan	nan	nan
20171115	nan	nan	nan
20171116	nan	nan	nan
20171117	nan	nan	nan
20171118	nan	nan	nan
20171119	nan	nan	nan
20171120	nan	nan	nan
20171121	nan	nan	nan
20171122	nan	nan	nan
20171123	nan	nan	nan
20171124	nan	nan	nan
20171125	nan	nan	nan
20171126	nan	nan	nan
20171127	nan	nan	nan
20171128	nan	nan	nan
20171129	nan	nan	nan
20171130	nan	nan	nan
20171201	nan	nan	nan
20171202	nan	nan	nan
20171203	nan	nan	nan
20171204	nan	nan	nan
20171205	nan	nan	nan
20171206	nan	nan	nan
20171207	nan	nan	nan
20171208	nan	nan	nan
20171209	nan	nan	nan
20171210	nan	nan	nan
20171211	nan	nan	nan
20171212	nan	nan	nan
20171213	nan	nan	nan
20171214	nan	nan	nan
20171215	nan	nan	nan
20171216	nan	nan	nan
20171217	nan	nan	nan
20171218	nan	nan	nan
20171219	nan	nan	nan
20171220	nan	nan	nan
20171221	nan	nan	nan
20171222	nan	nan	nan
20171223	nan	nan	nan
20171224	nan	nan	nan
20171225	nan	nan	nan
20171226	nan	nan	nan
20171227	nan	nan	nan
20171228	nan	nan	nan
20171229	nan	nan	nan
20171230	nan	nan	nan
20171231	nan	nan	nan
20180101	nan	nan	nan
20180102	nan	nan	nan
20180103	nan	nan	nan
20180104	nan	nan	nan
20180105	nan	nan	nan
20180106	nan	nan	nan
20180107	nan	nan	nan
20180108	nan	nan	nan
20180109	nan	nan	nan
20180110	nan	nan	nan
20180111	nan	nan	nan
20180112	nan	nan	nan
20180113	nan	nan	nan
20180114	nan	nan	nan
20180115	nan	nan	nan
20180116	nan	nan	nan
20180117	nan	nan	nan
20180118	nan	nan	nan
20180119	nan	nan	nan
20180120	nan	nan	nan
20180121	nan	nan	nan
20180122	nan	nan	nan
20180123	nan	nan	nan
20180124	nan	nan	nan
20180125	nan	nan	nan
20180126	nan	nan	nan
20180127	nan	nan	nan
20180128	nan	nan	nan
20180129	nan	nan	nan
20180130	nan	nan	nan
20180131	nan	nan	nan
20180201	nan	nan	nan
20180202	nan	nan	nan
20180203	nan	nan	nan
20180204	nan	nan	nan
20180205	nan	nan	nan
20180206	nan	nan	nan
20180207	nan	nan	nan
20180208	nan	nan	nan
20180209	nan	nan	nan
20180210	1.297	98.17	0.5289
20180211	0.5722	96.77	2.653
20180212	0.4504	96.01	3.537
20180213	1.35	96.39	2.255
20180214	0.6611	94.33	5.013
20180215	1.779	93.88	4.344
20180216	3.203	95.5	1.296
20180217	0.2007	99.45	0.3492
20180218	0.2496	99.53	0.2184
20180219	0.4987	98.05	1.447
20180220	4.339	95.4	0.2648
20180221	1.119	98.77	0.1137
20180222	0.07408	99.82	0.1097
20180223	1.33	98.45	0.22
20180224	1.189	98.66	0.1507
20180225	3.975	95.87	0.1547
20180226	3.199	95.6	1.197
20180227	3.448	96.24	0.31
20180228	4.708	95.04	0.2477
20180301	4.671	95.09	0.2375
20180302	4.691	95.08	0.2262
20180303	4.76	94.98	0.263
20180304	nan	nan	nan
20180305	nan	nan	nan
20180306	nan	nan	nan
20180307	nan	nan	nan
20180308	nan	nan	nan
20180309	4.73	95.27	0.001905
20180310	4.663	95.34	0.0002721
20180311	3.699	96.3	0.0
20180312	3.571	96.35	0.07903
20180313	2.896	97.03	0.07475
20180314	2.697	97.25	0.05503
20180315	0.6138	99.38	0.008019
20180316	6.107	93.89	0.001531
20180317	6.559	93.44	0.001531
20180318	5.603	94.34	0.05795
20180319	5.132	94.81	0.05618
20180320	4.463	95.49	0.05036
20180321	4.467	95.45	0.07851
20180322	4.024	95.9	0.07918
20180323	2.818	97.17	0.0141
20180324	3.289	96.71	0.0002585
20180325	3.289	96.71	0.0002589
20180326	3.217	96.78	0.0002591
20180327	2.53	97.38	0.08643
20180328	4.682	95.25	0.06825
20180329	4.133	95.71	0.16
20180330	nan	nan	nan
20180331	nan	nan	nan
20180401	nan	nan	nan
20180402	nan	nan	nan
20180403	0.611	99.36	0.02721
20180404	1.746	98.23	0.02668
20180405	2.395	97.6	0.0
20180406	2.4	97.6	0.0
20180407	2.165	97.83	0.0005277
20180408	0.4286	99.57	0.0
20180409	1.639	98.36	0.004909
20180410	nan	nan	nan
20180411	nan	nan	nan
20180412	nan	nan	nan
20180413	nan	nan	nan
20180414	11.72	88.28	0.0
20180415	13.12	86.88	0.0
20180416	31.57	68.43	0.0
20180417	16.26	83.74	0.0
20180418	8.927	91.04	0.03025
20180419	13.68	86.29	0.03025
20180420	67.89	32.08	0.02542
20180421	79.56	20.42	0.01856
20180422	79.16	20.82	0.01474
20180423	71.96	28.0	0.03508
20180424	75.43	24.55	0.02389
20180425	nan	nan	nan
20180426	78.86	21.12	0.0223
20180427	nan	nan	nan
20180428	nan	nan	nan
20180429	nan	nan	nan
20180430	nan	nan	nan
20180501	nan	nan	nan
20180502	nan	nan	nan
20180503	nan	nan	nan
20180504	72.93	26.64	0.4257
20180505	68.96	30.57	0.4647
20180506	83.49	16.1	0.4132
20180507	83.59	15.99	0.413
20180508	69.5	29.98	0.5141
20180509	60.05	38.86	1.085
20180510	64.9	32.4	2.694
20180511	63.25	33.26	3.496
20180512	61.69	34.47	3.837
20180513	60.42	34.88	4.704
20180514	42.71	46.7	10.59
20180515	45.8	42.09	12.1
20180516	45.96	35.59	18.45
20180517	36.49	38.24	25.27
20180518	46.53	26.61	26.86
20180519	45.95	25.95	28.09
20180520	nan	nan	nan
20180521	nan	nan	nan
20180522	nan	nan	nan
20180523	nan	nan	nan
20180524	nan	nan	nan
20180525	nan	nan	nan
20180526	nan	nan	nan
20180527	nan	nan	nan
20180528	nan	nan	nan
20180529	nan	nan	nan
20180530	nan	nan	nan
20180531	nan	nan	nan
20180601	nan	nan	nan
20180602	nan	nan	nan
20180603	nan	nan	nan
20180604	nan	nan	nan
20180605	nan	nan	nan
20180606	nan	nan	nan
20180607	nan	nan	nan
20180608	nan	nan	nan
20180609	nan	nan	nan
20180610	nan	nan	nan
20180611	nan	nan	nan
20180612	nan	nan	nan
20180613	nan	nan	nan
20180614	nan	nan	nan
20180615	nan	nan	nan
20180616	nan	nan	nan
20180617	28.35	3.631	68.02
20180618	28.03	3.598	68.37
20180619	28.64	3.555	67.8
20180620	28.91	7.214	63.87
20180621	nan	nan	nan
20180622	nan	nan	nan
20180623	nan	nan	nan
20180624	nan	nan	nan
20180625	nan	nan	nan
20180626	nan	nan	nan
20180627	nan	nan	nan
20180628	nan	nan	nan
20180629	nan	nan	nan
20180630	nan	nan	nan
20180701	13.52	3.555	82.93
20180702	10.25	1.852	87.9
20180703	11.78	1.617	86.61
20180704	13.01	1.515	85.47
20180705	14.0	1.099	84.9
20180706	13.9	1.139	84.96
20180707	13.89	1.142	84.97
20180708	10.85	0.6427	88.51
20180709	nan	nan	nan
20180710	8.265	0.4696	91.26
20180711	4.415	0.4784	95.11
20180712	3.155	0.4404	96.4
20180713	2.322	0.3737	97.3
20180714	3.372	0.2673	96.36
20180715	4.513	0.3326	95.15
20180716	3.559	0.3753	96.07
20180717	2.573	0.2577	97.17
20180718	1.187	0.1393	98.67
20180719	2.977	0.301	96.72
20180720	2.282	0.2142	97.5
20180721	3.02	0.2969	96.68
20180722	4.872	0.2546	94.87
20180723	5.14	0.2965	94.56
20180724	5.094	0.2771	94.63
20180725	5.685	0.3349	93.98
20180726	4.514	0.2812	95.2
20180727	3.606	0.3074	96.09
20180728	0.7939	0.4213	98.78
20180729	1.262	0.3278	98.41
20180730	1.203	0.3644	98.43
20180731	0.8323	0.3728	98.79
20180801	0.5073	0.06777	99.42
20180802	3.269	0.09942	96.63
20180803	5.225	0.2842	94.49
20180804	5.065	0.3059	94.63
20180805	4.386	0.277	95.34
20180806	4.754	0.328	94.92
20180807	6.045	0.2344	93.72
20180808	6.489	0.2959	93.22
20180809	6.607	0.5912	92.8
20180810	8.182	0.4769	91.34
20180811	7.819	0.6838	91.5
20180812	9.225	0.7021	90.07
20180813	9.327	0.9649	89.71
20180814	10.39	1.197	88.42
20180815	nan	nan	nan
20180816	nan	nan	nan
20180817	nan	nan	nan
20180818	nan	nan	nan
20180819	nan	nan	nan
20180820	nan	nan	nan
20180821	nan	nan	nan
20180822	7.68	1.615	90.7
20180823	6.288	1.597	92.11
20180824	7.901	1.545	90.55
20180825	8.349	1.606	90.05
20180826	6.811	0.8893	92.3
20180827	7.801	0.8276	91.37
20180828	2.891	0.5659	96.54
20180829	3.139	0.4624	96.4
20180830	5.625	0.4641	93.91
20180831	6.495	0.1959	93.31
20180901	6.038	0.3501	93.61
20180902	6.617	0.454	92.93
20180903	7.211	3.29	89.5
20180904	4.852	2.396	92.75
20180905	3.394	0.3353	96.27
20180906	1.218	0.06542	98.72
20180907	3.004	0.3165	96.68
20180908	4.679	0.2727	95.05
20180909	1.819	0.3432	97.84
20180910	0.9263	0.2084	98.87
20180911	2.148	1.111	96.74
20180912	5.079	0.6679	94.25
20180913	7.003	0.7203	92.28
20180914	7.107	1.751	91.14
20180915	10.22	1.669	88.11
20180916	nan	nan	nan
20180917	nan	nan	nan
20180918	nan	nan	nan
20180919	nan	nan	nan
20180920	nan	nan	nan
20180921	nan	nan	nan
20180922	7.24	6.228	86.53
20180923	11.14	5.977	82.88
20180924	nan	nan	nan
20180925	nan	nan	nan
20180926	nan	nan	nan
20180927	nan	nan	nan
20180928	nan	nan	nan
20180929	nan	nan	nan
20180930	nan	nan	nan
20181001	nan	nan	nan
20181002	nan	nan	nan
20181003	nan	nan	nan
20181004	nan	nan	nan
20181005	nan	nan	nan
20181006	nan	nan	nan
20181007	nan	nan	nan
20181008	nan	nan	nan
20181009	nan	nan	nan
20181010	nan	nan	nan
20181011	nan	nan	nan
20181012	44.7	51.23	4.065
20181013	nan	nan	nan
20181014	nan	nan	nan
20181015	44.59	42.85	12.56
20181016	38.42	29.12	32.46
20181017	33.4	27.76	38.85
20181018	33.64	24.49	41.87
20181019	32.27	32.88	34.85
20181020	29.95	38.23	31.82
20181021	31.46	43.33	25.21
20181022	28.82	46.18	25.0
20181023	33.86	47.09	19.06
20181024	8.71	74.25	17.04
20181025	31.37	58.63	10.0
20181026	37.62	54.39	7.986
20181027	22.76	70.55	6.693
20181028	23.82	67.6	8.573
20181029	16.27	77.1	6.624
20181030	39.01	58.48	2.517
20181031	44.69	53.32	1.99
20181101	26.71	70.58	2.704
20181102	34.98	62.66	2.361
20181103	30.93	66.06	3.016
20181104	56.78	41.26	1.959
20181105	49.63	47.67	2.706
20181106	44.58	51.77	3.653
20181107	48.66	46.94	4.394
20181108	nan	nan	nan
20181109	nan	nan	nan
20181110	nan	nan	nan
20181111	nan	nan	nan
20181112	nan	nan	nan
20181113	nan	nan	nan
20181114	nan	nan	nan
20181115	nan	nan	nan
20181116	nan	nan	nan
20181117	nan	nan	nan
20181118	nan	nan	nan
20181119	nan	nan	nan
20181120	nan	nan	nan
20181121	nan	nan	nan
20181122	nan	nan	nan
20181123	nan	nan	nan
20181124	nan	nan	nan
20181125	nan	nan	nan
20181126	nan	nan	nan
20181127	nan	nan	nan
20181128	nan	nan	nan
20181129	nan	nan	nan
20181130	nan	nan	nan
20181201	nan	nan	nan
20181202	nan	nan	nan
20181203	nan	nan	nan
20181204	nan	nan	nan
20181205	nan	nan	nan
20181206	nan	nan	nan
20181207	nan	nan	nan
20181208	nan	nan	nan
20181209	nan	nan	nan
20181210	nan	nan	nan
20181211	nan	nan	nan
20181212	nan	nan	nan
20181213	nan	nan	nan
20181214	nan	nan	nan
20181215	nan	nan	nan
20181216	nan	nan	nan
20181217	nan	nan	nan
20181218	nan	nan	nan
20181219	nan	nan	nan
20181220	nan	nan	nan
20181221	nan	nan	nan
20181222	nan	nan	nan
20181223	nan	nan	nan
20181224	nan	nan	nan
20181225	nan	nan	nan
20181226	nan	nan	nan
20181227	nan	nan	nan
20181228	nan	nan	nan
20181229	nan	nan	nan
20181230	nan	nan	nan
20181231	nan	nan	nan
20190101	nan	nan	nan
20190102	nan	nan	nan
20190103	nan	nan	nan
20190104	nan	nan	nan
20190105	nan	nan	nan
20190106	nan	nan	nan
20190107	nan	nan	nan
20190108	nan	nan	nan
20190109	nan	nan	nan
20190110	nan	nan	nan
20190111	nan	nan	nan
20190112	nan	nan	nan
20190113	nan	nan	nan
20190114	nan	nan	nan
20190115	nan	nan	nan
20190116	nan	nan	nan
20190117	nan	nan	nan
20190118	nan	nan	nan
20190119	nan	nan	nan
20190120	nan	nan	nan
20190121	nan	nan	nan
20190122	nan	nan	nan
20190123	nan	nan	nan
20190124	nan	nan	nan
20190125	nan	nan	nan
20190126	nan	nan	nan
20190127	nan	nan	nan
20190128	nan	nan	nan
20190129	nan	nan	nan
20190130	nan	nan	nan
20190131	nan	nan	nan
20190201	nan	nan	nan
20190202	nan	nan	nan
20190203	nan	nan	nan
20190204	nan	nan	nan
20190205	nan	nan	nan
20190206	nan	nan	nan
20190207	nan	nan	nan
20190208	18.0	80.73	1.267
20190209	6.222	93.26	0.522
20190210	18.09	81.34	0.5647
20190211	21.21	78.25	0.5425
20190212	15.33	83.55	1.127
20190213	12.86	85.65	1.484
20190214	9.958	87.75	2.291
20190215	9.075	88.88	2.045
20190216	11.59	86.27	2.135
20190217	3.769	93.94	2.287
20190218	4.472	93.32	2.212
20190219	4.352	93.61	2.041
20190220	nan	nan	nan
20190221	nan	nan	nan
20190222	nan	nan	nan
20190223	52.84	46.2	0.9659
20190224	66.6	33.04	0.3597
20190225	69.1	30.23	0.6706
20190226	73.07	26.41	0.5164
20190227	71.53	28.02	0.4565
20190228	65.42	33.86	0.7226
20190301	61.17	38.16	0.6666
20190302	55.34	44.18	0.4866
20190303	nan	nan	nan
20190304	nan	nan	nan
20190305	nan	nan	nan
20190306	nan	nan	nan
20190307	nan	nan	nan
20190308	nan	nan	nan
20190309	nan	nan	nan
20190310	nan	nan	nan
20190311	nan	nan	nan
20190312	nan	nan	nan
20190313	nan	nan	nan
20190314	nan	nan	nan
20190315	nan	nan	nan
20190316	nan	nan	nan
20190317	nan	nan	nan
20190318	nan	nan	nan
20190319	nan	nan	nan
20190320	nan	nan	nan
20190321	nan	nan	nan
20190322	nan	nan	nan
20190323	nan	nan	nan
20190324	nan	nan	nan
20190325	nan	nan	nan
20190326	nan	nan	nan
20190327	nan	nan	nan
20190328	nan	nan	nan
20190329	nan	nan	nan
20190330	nan	nan	nan
20190331	nan	nan	nan
20190401	nan	nan	nan
20190402	nan	nan	nan
20190403	nan	nan	nan
20190404	nan	nan	nan
20190405	0.2465	99.75	0.006839
20190406	0.01225	99.99	0.0
20190407	0.1242	99.88	0.0
20190408	0.1304	99.87	0.0
20190409	0.2905	99.71	0.0
20190410	0.2622	99.74	0.0
20190411	0.3145	99.69	0.0
20190412	0.3684	99.63	0.0
20190413	0.4109	99.59	0.0
20190414	nan	nan	nan
20190415	10.7	89.3	0.0
20190416	7.15	92.85	0.0
20190417	nan	nan	nan
20190418	nan	nan	nan
20190419	nan	nan	nan
20190420	nan	nan	nan
20190421	82.37	17.62	0.00654
20190422	68.07	31.93	0.0
20190423	81.27	18.62	0.1074
20190424	85.45	14.45	0.099
20190425	70.26	29.44	0.3039
20190426	22.31	0.005338	77.69
20190427	71.26	3.502	25.24
20190428	73.07	24.82	2.112
20190429	74.8	23.32	1.882
20190430	75.31	22.74	1.951
20190501	82.67	15.7	1.631
20190502	82.59	15.78	1.629
20190503	83.3	15.83	0.8737
20190504	79.64	19.71	0.6453
20190505	75.32	24.21	0.4638
20190506	82.66	17.1	0.2323
20190507	81.55	18.24	0.204
20190508	81.75	18.05	0.2022
20190509	62.28	37.48	0.2461
20190510	78.54	21.22	0.2329
20190511	76.77	22.73	0.4979
20190512	78.07	21.46	0.473
20190513	81.25	18.31	0.4405
20190514	80.8	18.57	0.6303
20190515	79.52	19.38	1.105
20190516	84.69	14.16	1.146
20190517	74.15	23.73	2.121
20190518	75.01	20.53	4.456
20190519	65.53	29.0	5.467
20190520	65.89	28.06	6.054
20190521	62.57	31.19	6.244
20190522	64.94	28.33	6.729
20190523	67.03	25.56	7.407
20190524	nan	nan	nan
20190525	nan	nan	nan
20190526	nan	nan	nan
20190527	nan	nan	nan
20190528	nan	nan	nan
20190529	nan	nan	nan
20190530	nan	nan	nan
20190531	nan	nan	nan
20190601	nan	nan	nan
20190602	nan	nan	nan
20190603	nan	nan	nan
20190604	nan	nan	nan
20190605	nan	nan	nan
20190606	nan	nan	nan
20190607	nan	nan	nan
20190608	nan	nan	nan
20190609	nan	nan	nan
20190610	nan	nan	nan
20190611	nan	nan	nan
20190612	nan	nan	nan
20190613	8.406	0.006609	91.59
20190614	25.33	2.145	72.52
20190615	27.92	1.757	70.33
20190616	31.41	1.087	67.5
20190617	30.08	1.996	67.92
20190618	31.97	1.402	66.63
20190619	31.93	1.407	66.66
20190620	nan	nan	nan
20190621	nan	nan	nan
20190622	nan	nan	nan
20190623	nan	nan	nan
20190624	nan	nan	nan
20190625	nan	nan	nan
20190626	nan	nan	nan
20190627	nan	nan	nan
20190628	nan	nan	nan
20190629	nan	nan	nan
20190630	nan	nan	nan
20190701	nan	nan	nan
20190702	nan	nan	nan
20190703	nan	nan	nan
20190704	nan	nan	nan
20190705	nan	nan	nan
20190706	nan	nan	nan
20190707	nan	nan	nan
20190708	23.13	2.541	74.33
20190709	18.3	1.754	79.95
20190710	21.12	1.337	77.55
20190711	19.6	1.359	79.04
20190712	17.18	1.098	81.72
20190713	10.28	0.9774	88.75
20190714	13.24	0.8918	85.87
20190715	13.56	0.3972	86.04
20190716	18.94	0.2853	80.78
20190717	21.84	0.2672	77.9
20190718	19.5	0.7998	79.7
20190719	12.19	0.4826	87.33
20190720	10.59	0.7123	88.7
20190721	12.01	0.5971	87.39
20190722	11.57	0.6001	87.83
20190723	10.36	0.7375	88.91
20190724	10.19	0.7384	89.07
20190725	9.497	0.6227	89.88
20190726	2.395	0.2225	97.38
20190727	0.2926	0.04059	99.67
20190728	0.1356	0.0181	99.85
20190729	0.08511	0.004587	99.91
20190730	0.04356	0.0	99.96
20190731	0.03717	0.0	99.96
20190801	1.674	0.4097	97.92
20190802	2.799	0.1831	97.02
20190803	4.192	0.3247	95.48
20190804	3.444	0.4238	96.13
20190805	4.817	0.2291	94.95
20190806	2.295	0.1609	97.54
20190807	3.717	0.25	96.03
20190808	3.688	0.2292	96.08
20190809	5.29	0.2357	94.47
20190810	9.362	0.1395	90.5
20190811	9.499	0.1776	90.32
20190812	nan	nan	nan
20190813	nan	nan	nan
20190814	nan	nan	nan
20190815	nan	nan	nan
20190816	nan	nan	nan
20190817	10.63	0.9242	88.44
20190818	9.848	1.842	88.31
20190819	10.82	1.911	87.27
20190820	10.02	1.782	88.19
20190821	7.575	2.227	90.2
20190822	10.29	2.084	87.63
20190823	9.942	1.917	88.14
20190824	nan	nan	nan
20190825	nan	nan	nan
20190826	nan	nan	nan
20190827	nan	nan	nan
20190828	3.397	0.4731	96.13
20190829	5.22	0.3903	94.39
20190830	5.316	0.3956	94.29
20190831	6.055	0.4318	93.51
20190901	2.851	0.2201	96.93
20190902	6.549	0.3406	93.11
20190903	9.591	0.2833	90.13
20190904	8.049	1.577	90.37
20190905	8.654	1.555	89.79
20190906	11.47	1.431	87.1
20190907	12.07	1.834	86.1
20190908	15.05	1.525	83.42
20190909	7.371	1.57	91.06
20190910	7.281	1.085	91.63
20190911	4.906	0.5687	94.52
20190912	8.845	0.8488	90.31
20190913	9.321	1.89	88.79
20190914	11.81	3.731	84.46
20190915	18.22	3.405	78.37
20190916	nan	nan	nan
20190917	nan	nan	nan
20190918	nan	nan	nan
20190919	nan	nan	nan
20190920	nan	nan	nan
20190921	nan	nan	nan
20190922	nan	nan	nan
20190923	nan	nan	nan
20190924	14.32	66.85	18.83
20190925	22.84	58.35	18.81
20190926	22.32	34.17	43.51
20190927	23.3	16.61	60.09
20190928	14.17	11.88	73.95
20190929	15.69	11.82	72.49
20190930	16.94	12.26	70.8
20191001	24.07	13.63	62.29
20191002	25.74	22.94	51.32
20191003	25.71	22.69	51.59
20191004	21.57	45.96	32.47
20191005	nan	nan	nan
20191006	nan	nan	nan
20191007	nan	nan	nan
20191008	nan	nan	nan
20191009	nan	nan	nan
20191010	nan	nan	nan
20191011	nan	nan	nan
20191012	nan	nan	nan
20191013	nan	nan	nan
20191014	22.28	75.01	2.707
20191015	12.73	85.32	1.948
20191016	23.26	74.84	1.904
20191017	15.97	78.65	5.381
20191018	20.76	75.02	4.223
20191019	7.04	88.94	4.024
20191020	24.79	73.26	1.945
20191021	35.19	63.29	1.518
20191022	34.06	64.48	1.462
20191023	31.17	66.83	1.994
20191024	32.1	66.38	1.522
20191025	37.63	61.46	0.9155
20191026	20.42	47.52	32.06
20191027	5.957	73.21	20.84
20191028	19.69	72.84	7.465
20191029	17.56	76.38	6.056
20191030	19.87	79.34	0.7939
20191031	14.24	84.7	1.058
20191101	17.0	81.99	1.009
20191102	19.47	79.42	1.114
20191103	10.34	89.13	0.53
20191104	10.5	88.79	0.7103
20191105	7.084	91.98	0.9383
20191106	10.66	88.45	0.8915
20191107	11.37	87.88	0.7469
20191108	11.3	87.95	0.7455
20191109	16.75	82.63	0.6211
20191110	nan	nan	nan
20191111	nan	nan	nan
20191112	nan	nan	nan
20191113	nan	nan	nan
20191114	nan	nan	nan
20191115	nan	nan	nan
20191116	nan	nan	nan
20191117	nan	nan	nan
20191118	nan	nan	nan
20191119	nan	nan	nan
20191120	nan	nan	nan
20191121	nan	nan	nan
20191122	nan	nan	nan
20191123	nan	nan	nan
20191124	nan	nan	nan
20191125	nan	nan	nan
20191126	nan	nan	nan
20191127	nan	nan	nan
20191128	nan	nan	nan
20191129	nan	nan	nan
20191130	nan	nan	nan
20191201	nan	nan	nan
20191202	nan	nan	nan
20191203	nan	nan	nan
20191204	nan	nan	nan
20191205	nan	nan	nan
20191206	nan	nan	nan
20191207	nan	nan	nan
20191208	nan	nan	nan
20191209	nan	nan	nan
20191210	nan	nan	nan
20191211	nan	nan	nan
20191212	nan	nan	nan
20191213	nan	nan	nan
20191214	nan	nan	nan
20191215	nan	nan	nan
20191216	nan	nan	nan
20191217	nan	nan	nan
20191218	nan	nan	nan
20191219	nan	nan	nan
20191220	nan	nan	nan
20191221	nan	nan	nan
20191222	nan	nan	nan
20191223	nan	nan	nan
20191224	nan	nan	nan
20191225	nan	nan	nan
20191226	nan	nan	nan
20191227	nan	nan	nan
20191228	nan	nan	nan
20191229	nan	nan	nan
20191230	nan	nan	nan
20191231	nan	nan	nan
20200101	nan	nan	nan
20200102	nan	nan	nan
20200103	nan	nan	nan
20200104	nan	nan	nan
20200105	nan	nan	nan
20200106	nan	nan	nan
20200107	nan	nan	nan
20200108	nan	nan	nan
20200109	nan	nan	nan
20200110	nan	nan	nan
20200111	nan	nan	nan
20200112	nan	nan	nan
20200113	nan	nan	nan
20200114	nan	nan	nan
20200115	nan	nan	nan
20200116	nan	nan	nan
20200117	nan	nan	nan
20200118	nan	nan	nan
20200119	nan	nan	nan
20200120	nan	nan	nan
20200121	nan	nan	nan
20200122	nan	nan	nan
20200123	nan	nan	nan
20200124	nan	nan	nan
20200125	nan	nan	nan
20200126	nan	nan	nan
20200127	nan	nan	nan
20200128	nan	nan	nan
20200129	nan	nan	nan
20200130	nan	nan	nan
20200131	nan	nan	nan
20200201	nan	nan	nan
20200202	nan	nan	nan
20200203	nan	nan	nan
20200204	nan	nan	nan
20200205	nan	nan	nan
20200206	nan	nan	nan
20200207	nan	nan	nan
20200208	nan	nan	nan
20200209	nan	nan	nan
20200210	nan	nan	nan
20200211	nan	nan	nan
20200212	nan	nan	nan
20200213	nan	nan	nan
20200214	nan	nan	nan
20200215	nan	nan	nan
20200216	nan	nan	nan
20200217	nan	nan	nan
20200218	0.1314	97.79	2.076
20200219	0.09024	96.99	2.918
20200220	0.09939	96.9	3.004
20200221	0.04975	97.31	2.636
20200222	0.06624	97.91	2.028
20200223	0.03875	97.25	2.714
20200224	0.0417	97.66	2.3
20200225	0.04946	97.28	2.667
20200226	nan	nan	nan
20200227	nan	nan	nan
20200228	nan	nan	nan
20200229	nan	nan	nan
20200301	nan	nan	nan
20200302	nan	nan	nan
20200303	nan	nan	nan
20200304	nan	nan	nan
20200305	nan	nan	nan
20200306	nan	nan	nan
20200307	nan	nan	nan
20200308	nan	nan	nan
20200309	nan	nan	nan
20200310	nan	nan	nan
20200311	nan	nan	nan
20200312	nan	nan	nan
20200313	nan	nan	nan
20200314	nan	nan	nan
20200315	nan	nan	nan
20200316	nan	nan	nan
20200317	nan	nan	nan
20200318	nan	nan	nan
20200319	nan	nan	nan
20200320	nan	nan	nan
20200321	nan	nan	nan
20200322	nan	nan	nan
20200323	nan	nan	nan
20200324	nan	nan	nan
20200325	nan	nan	nan
20200326	nan	nan	nan
20200327	nan	nan	nan
20200328	nan	nan	nan
20200329	nan	nan	nan
20200330	nan	nan	nan
20200331	nan	nan	nan
20200401	nan	nan	nan
20200402	nan	nan	nan
20200403	nan	nan	nan
20200404	nan	nan	nan
20200405	nan	nan	nan
20200406	nan	nan	nan
20200407	nan	nan	nan
20200408	nan	nan	nan
20200409	nan	nan	nan
20200410	nan	nan	nan
20200411	nan	nan	nan
20200412	nan	nan	nan
20200413	nan	nan	nan
20200414	nan	nan	nan
20200415	nan	nan	nan
20200416	nan	nan	nan
20200417	nan	nan	nan
20200418	nan	nan	nan
20200419	nan	nan	nan
20200420	nan	nan	nan
20200421	32.96	67.04	0.0
20200422	33.73	66.27	0.0
20200423	nan	nan	nan
20200424	21.79	78.21	0.0
20200425	22.32	77.68	0.0
20200426	22.28	77.72	0.006864
20200427	22.79	77.2	0.00533
20200428	nan	nan	nan
20200429	8.517	91.48	0.0
20200430	8.859	91.14	0.0
20200501	9.427	90.57	0.0
20200502	nan	nan	nan
20200503	25.98	74.02	0.0
20200504	37.35	62.65	0.0
20200505	nan	nan	nan
20200506	nan	nan	nan
20200507	nan	nan	nan
20200508	nan	nan	nan
20200509	nan	nan	nan
20200510	nan	nan	nan
20200511	nan	nan	nan
20200512	nan	nan	nan
20200513	6.747	93.25	0.0
20200514	6.262	93.74	0.0
20200515	6.411	93.59	0.0
20200516	8.777	91.22	0.0
20200517	8.878	91.12	0.0
20200518	5.09	94.89	0.02314
20200519	6.593	93.41	0.0
20200520	6.615	93.39	0.0
20200521	70.52	29.48	0.0
20200522	61.84	38.14	0.02389
20200523	90.67	9.331	0.002542
20200524	92.95	7.047	0.0
20200525	86.22	13.77	0.002796
20200526	86.57	13.43	0.002796
20200527	87.91	12.02	0.07651
20200528	90.06	9.879	0.05847
20200529	90.68	9.265	0.05847
20200530	87.1	12.85	0.04935
20200531	88.34	11.58	0.08359
20200601	79.19	20.54	0.2704
20200602	83.53	16.28	0.1948
20200603	75.78	23.78	0.4413
20200604	78.83	20.77	0.4077
20200605	75.07	24.03	0.8977
20200606	75.62	23.47	0.9126
20200607	72.01	24.41	3.577
20200608	68.21	25.93	5.856
20200609	69.45	24.73	5.823
20200610	61.65	31.29	7.06
20200611	61.77	30.11	8.123
20200612	62.9	26.43	10.67
20200613	53.12	24.07	22.81
20200614	55.21	23.19	21.6
20200615	55.69	22.3	22.0
20200616	48.92	25.62	25.46
20200617	48.1	16.31	35.59
20200618	43.45	20.12	36.43
20200619	42.65	18.36	38.99
20200620	35.66	17.87	46.47
20200621	34.8	13.01	52.18
20200622	35.38	10.77	53.86
20200623	33.19	10.73	56.08
20200624	36.57	9.691	53.74
20200625	36.32	8.651	55.03
20200626	38.35	6.516	55.13
20200627	30.58	8.555	60.86
20200628	30.43	6.155	63.42
20200629	31.31	4.641	64.05
20200630	33.57	3.847	62.58
20200701	33.98	6.099	59.92
20200702	38.94	6.074	54.98
20200703	34.87	3.152	61.98
20200704	38.39	2.568	59.04
20200705	nan	nan	nan
20200706	nan	nan	nan
20200707	nan	nan	nan
20200708	nan	nan	nan
20200709	nan	nan	nan
20200710	nan	nan	nan
20200711	nan	nan	nan
20200712	nan	nan	nan
20200713	nan	nan	nan
20200714	nan	nan	nan
20200715	nan	nan	nan
20200716	nan	nan	nan
20200717	nan	nan	nan
20200718	nan	nan	nan
20200719	nan	nan	nan
20200720	nan	nan	nan
20200721	nan	nan	nan
20200722	nan	nan	nan
20200723	nan	nan	nan
20200724	nan	nan	nan
20200725	nan	nan	nan
20200726	nan	nan	nan
20200727	nan	nan	nan
20200728	nan	nan	nan
20200729	nan	nan	nan
20200730	nan	nan	nan
20200731	1.94	0.04128	98.02
20200801	4.897	0.4101	94.69
20200802	4.28	0.2711	95.45
20200803	4.29	0.1916	95.52
20200804	5.311	0.3114	94.38
20200805	9.274	0.3148	90.41
20200806	2.922	0.2282	96.85
20200807	4.255	0.377	95.37
20200808	3.466	0.2835	96.25
20200809	8.25	0.2633	91.49
20200810	9.173	0.3109	90.52
20200811	11.68	0.3018	88.02
20200812	8.928	0.2475	90.82
20200813	11.08	0.2578	88.66
20200814	11.33	0.6551	88.01
20200815	10.84	0.6672	88.49
20200816	17.89	0.4443	81.67
20200817	18.24	0.5318	81.23
20200818	nan	nan	nan
20200819	7.13	0.6696	92.2
20200820	8.018	0.6886	91.29
20200821	7.122	0.3119	92.57
20200822	7.462	0.4159	92.12
20200823	8.91	2.787	88.3
20200824	8.72	2.773	88.51
20200825	9.291	1.851	88.86
20200826	nan	nan	nan
20200827	nan	nan	nan
20200828	nan	nan	nan
20200829	nan	nan	nan
20200830	nan	nan	nan
20200831	nan	nan	nan
20200901	nan	nan	nan
20200902	nan	nan	nan
20200903	4.074	0.56	95.37
20200904	6.668	0.4586	92.87
20200905	5.965	0.4305	93.6
20200906	9.527	0.4101	90.06
20200907	7.654	0.3448	92.0
20200908	7.859	0.404	91.74
20200909	10.83	0.41	88.76
20200910	nan	nan	nan
20200911	nan	nan	nan
20200912	nan	nan	nan
20200913	nan	nan	nan
20200914	nan	nan	nan
20200915	nan	nan	nan
20200916	nan	nan	nan
20200917	nan	nan	nan
20200918	nan	nan	nan
20200919	nan	nan	nan
20200920	nan	nan	nan
20200921	30.77	31.52	37.71
20200922	30.12	27.08	42.8
20200923	nan	nan	nan
20200924	26.57	19.49	53.94
20200925	26.54	18.84	54.61
20200926	31.11	17.48	51.41
20200927	12.8	32.57	54.63
20200928	28.84	18.0	53.17
20200929	24.65	14.45	60.9
20200930	27.8	13.02	59.17
20201001	18.4	7.682	73.92
20201002	17.52	5.297	77.18
20201003	17.01	4.205	78.78
20201004	14.85	6.119	79.03
20201005	7.497	2.714	89.79
20201006	11.7	4.368	83.93
20201007	12.3	7.621	80.08
20201008	nan	nan	nan
20201009	nan	nan	nan
20201010	nan	nan	nan
20201011	nan	nan	nan
20201012	nan	nan	nan
20201013	nan	nan	nan
20201014	nan	nan	nan
20201015	nan	nan	nan
20201016	nan	nan	nan
20201017	nan	nan	nan
20201018	nan	nan	nan
20201019	17.85	74.58	7.567
20201020	8.144	91.46	0.3928
20201021	5.707	93.47	0.8187
20201022	14.72	84.53	0.756
20201023	14.58	84.72	0.7048
20201024	18.31	81.02	0.6647
20201025	15.58	83.52	0.8991
20201026	16.23	82.89	0.8827
20201027	nan	nan	nan
20201028	nan	nan	nan
20201029	nan	nan	nan
20201030	nan	nan	nan
20201031	nan	nan	nan
20201101	nan	nan	nan
20201102	nan	nan	nan
20201103	nan	nan	nan
20201104	nan	nan	nan
20201105	nan	nan	nan
20201106	nan	nan	nan
20201107	nan	nan	nan
20201108	nan	nan	nan
20201109	nan	nan	nan
20201110	nan	nan	nan
20201111	nan	nan	nan
20201112	nan	nan	nan
20201113	nan	nan	nan
20201114	nan	nan	nan
20201115	nan	nan	nan
20201116	nan	nan	nan
20201117	nan	nan	nan
20201118	nan	nan	nan
20201119	nan	nan	nan
20201120	nan	nan	nan
20201121	nan	nan	nan
20201122	nan	nan	nan
20201123	nan	nan	nan
20201124	nan	nan	nan
20201125	nan	nan	nan
20201126	nan	nan	nan
20201127	nan	nan	nan
20201128	nan	nan	nan
20201129	nan	nan	nan
20201130	nan	nan	nan
20201201	nan	nan	nan
20201202	nan	nan	nan
20201203	nan	nan	nan
20201204	nan	nan	nan
20201205	nan	nan	nan
20201206	nan	nan	nan
20201207	nan	nan	nan
20201208	nan	nan	nan
20201209	nan	nan	nan
20201210	nan	nan	nan
20201211	nan	nan	nan
20201212	nan	nan	nan
20201213	nan	nan	nan
20201214	nan	nan	nan
20201215	nan	nan	nan
20201216	nan	nan	nan
20201217	nan	nan	nan
20201218	nan	nan	nan
20201219	nan	nan	nan
20201220	nan	nan	nan
20201221	nan	nan	nan
20201222	nan	nan	nan
20201223	nan	nan	nan
20201224	nan	nan	nan
20201225	nan	nan	nan
20201226	nan	nan	nan
20201227	nan	nan	nan
20201228	nan	nan	nan
20201229	nan	nan	nan
20201230	nan	nan	nan
20201231	nan	nan	nan
20210101	nan	nan	nan
20210102	nan	nan	nan
20210103	nan	nan	nan
20210104	nan	nan	nan
20210105	nan	nan	nan
20210106	nan	nan	nan
20210107	nan	nan	nan
20210108	nan	nan	nan
20210109	nan	nan	nan
20210110	nan	nan	nan
20210111	nan	nan	nan
20210112	nan	nan	nan
20210113	nan	nan	nan
20210114	nan	nan	nan
20210115	nan	nan	nan
20210116	nan	nan	nan
20210117	nan	nan	nan
20210118	nan	nan	nan
20210119	nan	nan	nan
20210120	nan	nan	nan
20210121	nan	nan	nan
20210122	nan	nan	nan
20210123	nan	nan	nan
20210124	nan	nan	nan
20210125	nan	nan	nan
20210126	nan	nan	nan
20210127	nan	nan	nan
20210128	nan	nan	nan
20210129	nan	nan	nan
20210130	nan	nan	nan
20210131	nan	nan	nan
20210201	nan	nan	nan
20210202	nan	nan	nan
20210203	nan	nan	nan
20210204	nan	nan	nan
20210205	nan	nan	nan
20210206	nan	nan	nan
20210207	nan	nan	nan
20210208	nan	nan	nan
20210209	nan	nan	nan
20210210	nan	nan	nan
20210211	nan	nan	nan
20210212	nan	nan	nan
20210213	nan	nan	nan
20210214	nan	nan	nan
20210215	nan	nan	nan
20210216	nan	nan	nan
20210217	nan	nan	nan
20210218	0.5968	99.2	0.2076
20210219	3.276	96.52	0.206
20210220	3.254	96.41	0.332
20210221	6.908	92.04	1.048
20210222	7.212	91.72	1.068
20210223	5.182	94.11	0.7059
20210224	5.264	93.31	1.43
20210225	nan	nan	nan
20210226	nan	nan	nan
20210227	nan	nan	nan
20210228	nan	nan	nan
20210301	nan	nan	nan
20210302	nan	nan	nan
20210303	nan	nan	nan
20210304	nan	nan	nan
20210305	nan	nan	nan
20210306	nan	nan	nan
20210307	nan	nan	nan
20210308	nan	nan	nan
20210309	nan	nan	nan
20210310	nan	nan	nan
20210311	nan	nan	nan
20210312	nan	nan	nan
20210313	nan	nan	nan
20210314	nan	nan	nan
20210315	nan	nan	nan
20210316	nan	nan	nan
20210317	nan	nan	nan
20210318	nan	nan	nan
20210319	nan	nan	nan
20210320	nan	nan	nan
20210321	nan	nan	nan
20210322	nan	nan	nan
20210323	nan	nan	nan
20210324	nan	nan	nan
20210325	nan	nan	nan
20210326	nan	nan	nan
20210327	nan	nan	nan
20210328	nan	nan	nan
20210329	nan	nan	nan
20210330	nan	nan	nan
20210331	nan	nan	nan
20210401	nan	nan	nan
20210402	nan	nan	nan
20210403	nan	nan	nan
20210404	nan	nan	nan
20210405	nan	nan	nan
20210406	nan	nan	nan
20210407	nan	nan	nan
20210408	nan	nan	nan
20210409	nan	nan	nan
20210410	nan	nan	nan
20210411	nan	nan	nan
20210412	nan	nan	nan
20210413	nan	nan	nan
20210414	nan	nan	nan
20210415	nan	nan	nan
20210416	nan	nan	nan
20210417	nan	nan	nan
20210418	3.539	96.35	0.1094
20210419	4.178	95.71	0.1087
20210420	4.178	95.71	0.1087
20210421	4.178	95.71	0.1087
20210422	4.178	95.71	0.1087
20210423	4.177	95.71	0.1103
20210424	15.31	84.63	0.058
20210425	15.31	84.61	0.08423
20210426	15.34	84.59	0.07781
20210427	nan	nan	nan
20210428	nan	nan	nan
20210429	nan	nan	nan
20210430	nan	nan	nan
20210501	nan	nan	nan
20210502	nan	nan	nan
20210503	nan	nan	nan
20210504	nan	nan	nan
20210505	6.685	93.32	0.0
20210506	4.947	95.03	0.02114
20210507	4.947	95.03	0.02114
20210508	6.802	93.18	0.01353
20210509	6.802	93.18	0.01353
20210510	6.789	93.17	0.04511
20210511	67.34	32.65	0.009228
20210512	67.91	32.08	0.01463
20210513	72.98	27.0	0.01519
20210514	76.12	23.87	0.01435
20210515	76.32	23.66	0.01438
20210516	76.36	23.52	0.1191
20210517	nan	nan	nan
20210518	nan	nan	nan
20210519	nan	nan	nan
20210520	80.07	19.64	0.2827
20210521	80.16	19.55	0.2824
20210522	80.16	19.55	0.2824
20210523	79.9	19.49	0.6079
20210524	79.9	19.49	0.6079
20210525	77.86	21.73	0.4135
20210526	nan	nan	nan
20210527	nan	nan	nan
20210528	nan	nan	nan
20210529	nan	nan	nan
20210530	nan	nan	nan
20210531	nan	nan	nan
20210601	62.11	29.18	8.711
20210602	58.52	21.8	19.68
20210603	47.86	31.06	21.07
20210604	47.59	28.73	23.69
20210605	48.67	27.35	23.98
20210606	44.08	28.5	27.42
20210607	44.08	28.47	27.45
20210608	43.54	25.9	30.56
20210609	42.38	24.33	33.29
20210610	41.58	22.2	36.22
20210611	nan	nan	nan
20210612	nan	nan	nan
20210613	nan	nan	nan
20210614	nan	nan	nan
20210615	nan	nan	nan
20210616	nan	nan	nan
20210617	nan	nan	nan
20210618	nan	nan	nan
20210619	nan	nan	nan
20210620	nan	nan	nan
20210621	nan	nan	nan
20210622	nan	nan	nan
20210623	nan	nan	nan
20210624	nan	nan	nan
20210625	nan	nan	nan
20210626	nan	nan	nan
20210627	nan	nan	nan
20210628	nan	nan	nan
20210629	nan	nan	nan
20210630	nan	nan	nan
20210701	nan	nan	nan
20210702	nan	nan	nan
20210703	9.078	0.6716	90.25
20210704	6.463	0.8409	92.7
20210705	7.357	0.3968	92.25
20210706	8.505	0.3324	91.16
20210707	8.458	0.5492	90.99
20210708	8.894	0.548	90.56
20210709	11.17	0.4369	88.4
20210710	6.396	0.3556	93.25
20210711	7.261	0.335	92.4
20210712	8.318	0.368	91.31
20210713	10.11	0.2316	89.66
20210714	2.541	0.1337	97.33
20210715	7.119	0.246	92.63
20210716	8.634	0.22	91.15
20210717	9.614	0.4204	89.97
20210718	10.11	0.554	89.33
20210719	10.42	0.5598	89.02
20210720	12.12	0.4717	87.41
20210721	nan	nan	nan
20210722	nan	nan	nan
20210723	nan	nan	nan
20210724	nan	nan	nan
20210725	nan	nan	nan
20210726	nan	nan	nan
20210727	2.667	0.3488	96.98
20210728	1.156	0.09956	98.74
20210729	1.751	0.2514	98.0
20210730	2.728	0.2527	97.02
20210731	4.296	0.1968	95.51
20210801	nan	nan	nan
20210802	nan	nan	nan
20210803	nan	nan	nan
20210804	nan	nan	nan
20210805	nan	nan	nan
20210806	6.228	0.1961	93.58
20210807	1.305	0.03234	98.66
20210808	0.1947	0.004854	99.8
20210809	0.155	0.004861	99.84
20210810	0.2757	0.003333	99.72
20210811	3.575	1.418	95.01
20210812	3.546	1.42	95.03
20210813	3.289	1.282	95.43
20210814	4.548	1.183	94.27
20210815	nan	nan	nan
20210816	nan	nan	nan
20210817	nan	nan	nan
20210818	nan	nan	nan
20210819	nan	nan	nan
20210820	nan	nan	nan
20210821	nan	nan	nan
20210822	nan	nan	nan
20210823	nan	nan	nan
20210824	nan	nan	nan
20210825	nan	nan	nan
20210826	0.6638	0.01789	99.32
20210827	0.2544	0.006431	99.74
20210828	2.471	0.2445	97.28
20210829	2.697	0.2457	97.06
20210830	2.701	0.2461	97.05
20210831	3.122	0.7341	96.14
20210901	20.63	1.795	77.57
20210902	22.3	7.661	70.04
20210903	nan	nan	nan
20210904	nan	nan	nan
20210905	nan	nan	nan
20210906	nan	nan	nan
20210907	nan	nan	nan
20210908	nan	nan	nan
20210909	nan	nan	nan
20210910	nan	nan	nan
20210911	13.87	5.374	80.75
20210912	11.98	5.18	82.84
20210913	18.28	4.515	77.2
20210914	21.86	8.368	69.77
20210915	18.34	20.98	60.68
20210916	15.67	21.06	63.26
20210917	16.61	21.52	61.87
20210918	12.13	13.1	74.77
20210919	15.91	7.823	76.26
20210920	11.85	7.77	80.38
20210921	11.31	7.51	81.18
20210922	13.3	9.856	76.84
20210923	17.14	8.878	73.98
20210924	17.33	8.797	73.88
20210925	29.26	6.348	64.4
20210926	30.37	6.863	62.76
20210927	nan	nan	nan
20210928	nan	nan	nan
20210929	nan	nan	nan
20210930	nan	nan	nan
20211001	nan	nan	nan
20211002	nan	nan	nan
20211003	nan	nan	nan
20211004	nan	nan	nan
20211005	nan	nan	nan
20211006	nan	nan	nan
20211007	nan	nan	nan
20211008	nan	nan	nan
20211009	nan	nan	nan
20211010	nan	nan	nan
20211011	nan	nan	nan
20211012	nan	nan	nan
20211013	nan	nan	nan
20211014	nan	nan	nan
20211015	nan	nan	nan
20211016	nan	nan	nan
20211017	nan	nan	nan
20211018	nan	nan	nan
20211019	8.372	91.08	0.5453
20211020	8.174	91.61	0.2187
20211021	9.117	90.69	0.1891
20211022	11.6	88.23	0.1748
20211023	6.448	92.96	0.5889
20211024	6.581	92.83	0.5862
20211025	7.209	92.22	0.5694
20211026	nan	nan	nan
20211027	nan	nan	nan
20211028	4.525	93.43	2.041
20211029	9.664	85.12	5.217
20211030	nan	nan	nan
20211031	10.18	85.11	4.714
20211101	9.848	85.52	4.633
20211102	nan	nan	nan
20211103	nan	nan	nan
20211104	nan	nan	nan
20211105	nan	nan	nan
20211106	nan	nan	nan
20211107	nan	nan	nan
20211108	nan	nan	nan
20211109	nan	nan	nan
20211110	nan	nan	nan
20211111	nan	nan	nan
20211112	nan	nan	nan
20211113	nan	nan	nan
20211114	nan	nan	nan
20211115	nan	nan	nan
20211116	nan	nan	nan
20211117	nan	nan	nan
20211118	nan	nan	nan
20211119	nan	nan	nan
20211120	nan	nan	nan
20211121	nan	nan	nan
20211122	nan	nan	nan
20211123	nan	nan	nan
20211124	nan	nan	nan
20211125	nan	nan	nan
20211126	nan	nan	nan
20211127	nan	nan	nan
20211128	nan	nan	nan
20211129	nan	nan	nan
20211130	nan	nan	nan
20211201	nan	nan	nan
20211202	nan	nan	nan
20211203	nan	nan	nan
20211204	nan	nan	nan
20211205	nan	nan	nan
20211206	nan	nan	nan
20211207	nan	nan	nan
20211208	nan	nan	nan
20211209	nan	nan	nan
20211210	nan	nan	nan
20211211	nan	nan	nan
20211212	nan	nan	nan
20211213	nan	nan	nan
20211214	nan	nan	nan
20211215	nan	nan	nan
20211216	nan	nan	nan
20211217	nan	nan	nan
20211218	nan	nan	nan
20211219	nan	nan	nan
20211220	nan	nan	nan
20211221	nan	nan	nan
20211222	nan	nan	nan
20211223	nan	nan	nan
20211224	nan	nan	nan
20211225	nan	nan	nan
20211226	nan	nan	nan
20211227	nan	nan	nan
20211228	nan	nan	nan
20211229	nan	nan	nan
20211230	nan	nan	nan
20211231	nan	nan	nan
20220101	nan	nan	nan
20220102	nan	nan	nan
20220103	nan	nan	nan
20220104	nan	nan	nan
20220105	nan	nan	nan
20220106	nan	nan	nan
20220107	nan	nan	nan
20220108	nan	nan	nan
20220109	nan	nan	nan
20220110	nan	nan	nan
20220111	nan	nan	nan
20220112	nan	nan	nan
20220113	nan	nan	nan
20220114	nan	nan	nan
20220115	nan	nan	nan
20220116	nan	nan	nan
20220117	nan	nan	nan
20220118	nan	nan	nan
20220119	nan	nan	nan
20220120	nan	nan	nan
20220121	nan	nan	nan
20220122	nan	nan	nan
20220123	nan	nan	nan
20220124	nan	nan	nan
20220125	nan	nan	nan
20220126	nan	nan	nan
20220127	nan	nan	nan
20220128	nan	nan	nan
20220129	nan	nan	nan
20220130	nan	nan	nan
20220131	nan	nan	nan
20220201	nan	nan	nan
20220202	nan	nan	nan
20220203	nan	nan	nan
20220204	nan	nan	nan
20220205	nan	nan	nan
20220206	nan	nan	nan
20220207	nan	nan	nan
20220208	nan	nan	nan
20220209	nan	nan	nan
20220210	nan	nan	nan
20220211	nan	nan	nan
20220212	nan	nan	nan
20220213	nan	nan	nan
20220214	nan	nan	nan
20220215	nan	nan	nan
20220216	nan	nan	nan
20220217	nan	nan	nan
20220218	nan	nan	nan
20220219	nan	nan	nan
20220220	nan	nan	nan
20220221	nan	nan	nan
20220222	nan	nan	nan
20220223	nan	nan	nan
20220224	nan	nan	nan
20220225	nan	nan	nan
20220226	nan	nan	nan
20220227	nan	nan	nan
20220228	nan	nan	nan
20220301	nan	nan	nan
20220302	nan	nan	nan
20220303	nan	nan	nan
20220304	nan	nan	nan
20220305	nan	nan	nan
20220306	nan	nan	nan
20220307	nan	nan	nan
20220308	nan	nan	nan
20220309	nan	nan	nan
20220310	nan	nan	nan
20220311	nan	nan	nan
20220312	nan	nan	nan
20220313	nan	nan	nan
20220314	nan	nan	nan
20220315	nan	nan	nan
20220316	0.6012	99.4	0.0
20220317	0.6012	99.4	0.0
20220318	0.9581	98.83	0.2074
20220319	0.9582	98.82	0.2197
20220320	22.71	77.23	0.05491
20220321	31.67	68.24	0.09431
20220322	31.49	67.98	0.5315
20220323	31.96	67.5	0.5419
20220324	31.96	67.49	0.5419
20220325	33.92	65.59	0.4912
20220326	19.93	79.64	0.4355
20220327	nan	nan	nan
20220328	nan	nan	nan
20220329	nan	nan	nan
20220330	nan	nan	nan
20220331	nan	nan	nan
20220401	nan	nan	nan
20220402	nan	nan	nan
20220403	nan	nan	nan
20220404	nan	nan	nan
20220405	nan	nan	nan
20220406	nan	nan	nan
20220407	nan	nan	nan
20220408	nan	nan	nan
20220409	nan	nan	nan
20220410	nan	nan	nan
20220411	nan	nan	nan
20220412	nan	nan	nan
20220413	nan	nan	nan
20220414	nan	nan	nan
20220415	nan	nan	nan
20220416	nan	nan	nan
20220417	nan	nan	nan
20220418	nan	nan	nan
20220419	nan	nan	nan
20220420	nan	nan	nan
20220421	nan	nan	nan
20220422	nan	nan	nan
20220423	77.14	22.85	0.00804
20220424	77.14	22.85	0.00804
20220425	77.14	22.85	0.00804
20220426	78.12	21.88	0.0002642
20220427	78.25	21.75	0.0
20220428	74.69	25.31	0.0
20220429	74.69	25.31	0.0
20220430	nan	nan	nan
20220501	nan	nan	nan
20220502	nan	nan	nan
20220503	nan	nan	nan
20220504	nan	nan	nan
20220505	nan	nan	nan
20220506	nan	nan	nan
20220507	nan	nan	nan
20220508	nan	nan	nan
20220509	nan	nan	nan
20220510	nan	nan	nan
20220511	nan	nan	nan
20220512	nan	nan	nan
20220513	nan	nan	nan
20220514	nan	nan	nan
20220515	nan	nan	nan
20220516	nan	nan	nan
20220517	nan	nan	nan
20220518	nan	nan	nan
20220519	42.79	57.07	0.133
20220520	40.17	59.65	0.1727
20220521	40.17	59.65	0.1727
20220522	48.98	50.67	0.3537
20220523	48.85	50.33	0.8204
20220524	74.09	25.18	0.7306
20220525	58.23	40.48	1.291
20220526	58.29	40.43	1.281
20220527	68.03	30.73	1.237
20220528	68.01	30.7	1.293
20220529	71.54	27.02	1.449
20220530	70.87	23.88	5.254
20220531	51.92	41.88	6.195
20220601	nan	nan	nan
20220602	nan	nan	nan
20220603	nan	nan	nan
20220604	nan	nan	nan
20220605	58.63	28.21	13.16
20220606	nan	nan	nan
20220607	nan	nan	nan
20220608	nan	nan	nan
20220609	nan	nan	nan
20220610	nan	nan	nan
20220611	nan	nan	nan
20220612	nan	nan	nan
20220613	nan	nan	nan
20220614	nan	nan	nan
20220615	nan	nan	nan
20220616	nan	nan	nan
20220617	nan	nan	nan
20220618	nan	nan	nan
20220619	nan	nan	nan
20220620	nan	nan	nan
20220621	nan	nan	nan
20220622	nan	nan	nan
20220623	nan	nan	nan
20220624	nan	nan	nan
20220625	nan	nan	nan
20220626	26.92	7.158	65.92
20220627	23.24	6.387	70.38
20220628	14.46	4.096	81.44
20220629	17.45	3.637	78.91
20220630	14.57	3.332	82.1
20220701	10.08	2.083	87.84
20220702	9.549	0.9751	89.48
20220703	8.926	0.623	90.45
20220704	10.49	1.066	88.45
20220705	9.236	0.8727	89.89
20220706	10.04	0.9059	89.06
20220707	11.29	0.5147	88.19
20220708	11.37	0.5059	88.12
20220709	nan	nan	nan
20220710	nan	nan	nan
20220711	nan	nan	nan
20220712	4.535	0.2551	95.21
20220713	4.481	0.2343	95.29
20220714	7.01	0.6392	92.35
20220715	7.017	0.6398	92.34
20220716	8.433	0.8084	90.76
20220717	8.454	0.8104	90.74
20220718	8.89	1.033	90.08
20220719	nan	nan	nan
20220720	nan	nan	nan
20220721	nan	nan	nan
20220722	nan	nan	nan
20220723	nan	nan	nan
20220724	nan	nan	nan
20220725	nan	nan	nan
20220726	nan	nan	nan
20220727	nan	nan	nan
20220728	nan	nan	nan
20220729	2.145	0.1151	97.74
20220730	0.5345	0.03565	99.43
20220731	1.958	0.02613	98.02
20220801	0.7784	0.008193	99.21
20220802	0.8397	0.008197	99.15
20220803	0.6391	0.008188	99.35
20220804	1.921	0.166	97.91
20220805	3.124	0.1639	96.71
20220806	0.4753	0.05207	99.47
20220807	0.4595	0.05209	99.49
20220808	0.4712	0.05342	99.48
20220809	3.996	0.258	95.75
20220810	4.021	0.2601	95.72
20220811	4.415	0.7214	94.86
20220812	6.069	0.5873	93.34
20220813	nan	nan	nan
20220814	nan	nan	nan
20220815	nan	nan	nan
20220816	nan	nan	nan
20220817	nan	nan	nan
20220818	nan	nan	nan
20220819	nan	nan	nan
20220820	nan	nan	nan
20220821	nan	nan	nan
20220822	nan	nan	nan
20220823	nan	nan	nan
