Date	WetSnow	DrySnow	BareGround
20140920	nan	nan	nan
20140921	nan	nan	nan
20140922	nan	nan	nan
20140923	nan	nan	nan
20140924	nan	nan	nan
20140925	nan	nan	nan
20140926	nan	nan	nan
20140927	nan	nan	nan
20140928	0.3637	0.3136	99.2
20140929	0.3579	0.3133	99.2
20140930	0.3405	0.2833	99.26
20141001	0.2511	0.2558	99.37
20141002	0.2427	0.2445	99.39
20141003	0.1989	0.2168	99.47
20141004	16.41	0.06171	83.42
20141005	17.71	1.093	81.09
20141006	7.909	0.5454	91.44
20141007	7.087	0.5332	92.28
20141008	6.423	0.4084	93.07
20141009	5.988	0.3707	93.54
20141010	4.756	0.2953	94.85
20141011	4.438	0.2588	95.2
20141012	4.042	0.2327	95.62
20141013	4.034	0.2327	95.63
20141014	4.037	0.2329	95.63
20141015	3.959	0.2247	95.72
20141016	3.782	0.2243	95.89
20141017	12.89	7.18	79.83
20141018	12.8	7.016	80.08
20141019	12.29	6.093	81.52
20141020	11.93	5.82	82.15
20141021	11.92	5.791	82.18
20141022	11.08	5.37	83.45
20141023	11.45	5.608	82.83
20141024	10.94	5.463	83.48
20141025	10.96	5.472	83.45
20141026	11.04	5.541	83.31
20141027	11.22	5.628	83.04
20141028	10.76	4.865	84.27
20141029	10.6	4.724	84.56
20141030	10.46	4.674	84.74
20141031	9.583	17.16	73.14
20141101	9.549	17.22	73.12
20141102	9.207	18.17	72.51
20141103	11.8	23.63	64.45
20141104	11.63	24.07	64.17
20141105	11.57	23.82	64.49
20141106	11.57	23.82	64.49
20141107	44.1	17.25	38.53
20141108	44.14	17.25	38.49
20141109	45.08	17.2	37.6
20141110	50.68	16.3	32.9
20141111	nan	nan	nan
20141112	nan	nan	nan
20141113	nan	nan	nan
20141114	nan	nan	nan
20141115	nan	nan	nan
20141116	nan	nan	nan
20141117	nan	nan	nan
20141118	nan	nan	nan
20141119	nan	nan	nan
20141120	nan	nan	nan
20141121	nan	nan	nan
20141122	nan	nan	nan
20141123	nan	nan	nan
20141124	nan	nan	nan
20141125	nan	nan	nan
20141126	nan	nan	nan
20141127	nan	nan	nan
20141128	nan	nan	nan
20141129	nan	nan	nan
20141130	nan	nan	nan
20141201	nan	nan	nan
20141202	nan	nan	nan
20141203	nan	nan	nan
20141204	nan	nan	nan
20141205	nan	nan	nan
20141206	nan	nan	nan
20141207	nan	nan	nan
20141208	nan	nan	nan
20141209	nan	nan	nan
20141210	nan	nan	nan
20141211	nan	nan	nan
20141212	nan	nan	nan
20141213	nan	nan	nan
20141214	nan	nan	nan
20141215	nan	nan	nan
20141216	nan	nan	nan
20141217	nan	nan	nan
20141218	nan	nan	nan
20141219	nan	nan	nan
20141220	nan	nan	nan
20141221	nan	nan	nan
20141222	nan	nan	nan
20141223	nan	nan	nan
20141224	nan	nan	nan
20141225	nan	nan	nan
20141226	nan	nan	nan
20141227	nan	nan	nan
20141228	nan	nan	nan
20141229	nan	nan	nan
20141230	nan	nan	nan
20141231	nan	nan	nan
20150101	nan	nan	nan
20150102	nan	nan	nan
20150103	nan	nan	nan
20150104	nan	nan	nan
20150105	nan	nan	nan
20150106	nan	nan	nan
20150107	nan	nan	nan
20150108	nan	nan	nan
20150109	nan	nan	nan
20150110	nan	nan	nan
20150111	nan	nan	nan
20150112	nan	nan	nan
20150113	nan	nan	nan
20150114	nan	nan	nan
20150115	nan	nan	nan
20150116	nan	nan	nan
20150117	nan	nan	nan
20150118	nan	nan	nan
20150119	nan	nan	nan
20150120	nan	nan	nan
20150121	nan	nan	nan
20150122	nan	nan	nan
20150123	nan	nan	nan
20150124	nan	nan	nan
20150125	nan	nan	nan
20150126	nan	nan	nan
20150127	nan	nan	nan
20150128	nan	nan	nan
20150129	nan	nan	nan
20150130	nan	nan	nan
20150131	nan	nan	nan
20150201	nan	nan	nan
20150202	nan	nan	nan
20150203	nan	nan	nan
20150204	nan	nan	nan
20150205	nan	nan	nan
20150206	nan	nan	nan
20150207	nan	nan	nan
20150208	nan	nan	nan
20150209	nan	nan	nan
20150210	nan	nan	nan
20150211	nan	nan	nan
20150212	nan	nan	nan
20150213	nan	nan	nan
20150214	nan	nan	nan
20150215	nan	nan	nan
20150216	nan	nan	nan
20150217	nan	nan	nan
20150218	nan	nan	nan
20150219	nan	nan	nan
20150220	nan	nan	nan
20150221	nan	nan	nan
20150222	nan	nan	nan
20150223	nan	nan	nan
20150224	nan	nan	nan
20150225	nan	nan	nan
20150226	nan	nan	nan
20150227	nan	nan	nan
20150228	nan	nan	nan
20150301	nan	nan	nan
20150302	nan	nan	nan
20150303	nan	nan	nan
20150304	nan	nan	nan
20150305	4.063	94.39	1.443
20150306	4.065	94.32	1.512
20150307	4.067	94.32	1.513
20150308	4.027	93.9	1.97
20150309	4.029	93.87	1.995
20150310	5.091	92.99	1.814
20150311	5.041	92.86	1.999
20150312	4.803	92.86	2.235
20150313	4.822	92.85	2.219
20150314	8.62	89.21	2.068
20150315	8.449	87.87	3.576
20150316	8.365	86.61	4.92
20150317	8.358	86.54	4.998
20150318	8.358	86.54	4.998
20150319	23.36	73.57	2.96
20150320	22.93	73.23	3.733
20150321	24.78	72.07	3.045
20150322	25.69	71.22	2.977
20150323	25.69	71.23	2.98
20150324	23.4	73.54	2.959
20150325	23.38	73.53	2.983
20150326	19.6	78.59	1.711
20150327	20.92	77.28	1.694
20150328	20.9	77.19	1.797
20150329	20.95	77.14	1.803
20150330	20.81	77.26	1.821
20150331	21.17	76.87	1.834
20150401	21.04	76.92	1.912
20150402	17.89	80.18	1.801
20150403	17.98	80.12	1.776
20150404	nan	nan	nan
20150405	nan	nan	nan
20150406	nan	nan	nan
20150407	nan	nan	nan
20150408	nan	nan	nan
20150409	nan	nan	nan
20150410	nan	nan	nan
20150411	nan	nan	nan
20150412	nan	nan	nan
20150413	nan	nan	nan
20150414	nan	nan	nan
20150415	10.65	88.85	0.3748
20150416	10.64	88.69	0.5431
20150417	10.67	88.66	0.5446
20150418	nan	nan	nan
20150419	nan	nan	nan
20150420	nan	nan	nan
20150421	nan	nan	nan
20150422	36.83	62.44	0.6077
20150423	37.94	61.08	0.8591
20150424	25.86	73.18	0.8636
20150425	25.78	72.88	1.242
20150426	12.61	86.35	0.9422
20150427	12.37	86.66	0.866
20150428	12.37	86.6	0.928
20150429	12.34	86.15	1.406
20150430	12.34	85.92	1.637
20150501	13.58	84.51	1.812
20150502	13.56	84.2	2.137
20150503	13.56	84.2	2.137
20150504	16.29	81.63	1.977
20150505	16.29	81.63	1.977
20150506	48.59	49.38	1.929
20150507	48.61	49.29	1.999
20150508	62.66	35.23	2.006
20150509	65.88	32.04	1.987
20150510	65.69	29.83	4.377
20150511	66.39	28.03	5.474
20150512	67.46	27.02	5.417
20150513	65.55	28.94	5.396
20150514	65.59	28.9	5.399
20150515	67.74	26.3	5.839
20150516	51.5	38.04	10.36
20150517	51.32	37.63	10.94
20150518	46.05	41.33	12.52
20150519	46.06	41.32	12.52
20150520	46.91	40.01	12.98
20150521	51.7	35.32	12.88
20150522	51.6	34.85	13.44
20150523	51.48	34.34	14.07
20150524	51.47	34.28	14.15
20150525	51.45	34.17	14.28
20150526	50.66	30.66	18.58
20150527	50.79	29.6	19.5
20150528	50.87	29.52	19.51
20150529	51.99	27.1	20.8
20150530	51.88	26.72	21.3
20150531	52.64	25.5	21.75
20150601	43.68	30.32	25.89
20150602	45.73	28.58	25.58
20150603	44.42	26.62	28.86
20150604	44.12	25.74	30.03
20150605	44.01	25.22	30.66
20150606	37.73	27.35	34.81
20150607	37.95	26.83	35.11
20150608	36.9	25.61	37.39
20150609	40.88	22.31	36.7
20150610	40.82	22.23	36.84
20150611	39.82	22.1	37.96
20150612	41.57	19.23	39.08
20150613	41.02	19.08	39.79
20150614	44.46	16.37	39.05
20150615	42.82	15.52	41.54
20150616	42.14	15.23	42.5
20150617	42.78	12.31	44.78
20150618	39.46	12.32	48.1
20150619	39.23	10.77	49.88
20150620	36.53	9.423	53.93
20150621	36.34	9.294	54.25
20150622	34.56	7.301	58.03
20150623	34.92	6.711	58.25
20150624	34.69	6.35	58.84
20150625	33.32	6.573	59.98
20150626	33.41	6.205	60.26
20150627	31.97	5.737	62.17
20150628	31.25	5.51	63.12
20150629	29.07	4.16	66.65
20150630	22.82	9.721	67.35
20150701	18.92	8.51	72.46
20150702	18.9	8.48	72.51
20150703	22.48	7.486	69.92
20150704	22.21	7.457	70.22
20150705	22.17	7.447	70.27
20150706	21.98	7.429	70.48
20150707	22.25	7.204	70.44
20150708	22.69	6.978	70.22
20150709	20.58	6.552	72.76
20150710	17.97	6.107	75.81
20150711	17.54	4.746	77.61
20150712	17.34	3.64	78.9
20150713	10.33	3.046	86.51
20150714	8.913	2.903	88.08
20150715	14.04	2.889	82.96
20150716	14.04	2.888	82.97
20150717	14.67	2.843	82.38
20150718	13.47	2.806	83.61
20150719	13.0	3.136	83.76
20150720	13.76	3.013	83.12
20150721	12.18	2.336	85.38
20150722	10.5	2.295	87.1
20150723	9.012	2.003	88.88
20150724	10.96	2.438	86.5
20150725	10.78	2.338	86.78
20150726	10.33	2.166	87.39
20150727	11.53	2.135	86.22
20150728	8.266	1.741	89.88
20150729	10.0	1.496	88.39
20150730	9.906	1.395	88.59
20150731	9.587	1.4	88.9
20150801	10.09	1.374	88.42
20150802	10.86	1.035	87.98
20150803	nan	nan	nan
20150804	nan	nan	nan
20150805	nan	nan	nan
20150806	nan	nan	nan
20150807	6.194	0.3728	93.31
20150808	nan	nan	nan
20150809	nan	nan	nan
20150810	3.956	0.1991	95.73
20150811	3.956	0.1991	95.73
20150812	4.825	0.2981	94.77
20150813	6.251	0.6265	93.01
20150814	6.182	0.626	93.08
20150815	2.093	0.4766	97.33
20150816	0.7162	0.304	98.88
20150817	0.9835	0.2998	98.62
20150818	0.3596	0.2063	99.33
20150819	0.1805	0.1694	99.55
20150820	1.381	0.2209	98.3
20150821	0.1732	0.101	99.62
20150822	0.0882	0.07783	99.73
20150823	0.08757	0.07782	99.73
20150824	0.6414	0.2022	99.06
20150825	1.104	0.2423	98.55
20150826	0.6669	0.1504	99.08
20150827	0.8329	0.1694	98.9
20150828	0.8307	0.1695	98.9
20150829	2.118	0.2087	97.57
20150830	1.942	0.2049	97.75
20150831	1.796	0.1903	97.91
20150901	3.541	0.2087	96.15
20150902	3.444	0.2114	96.24
20150903	3.449	0.2085	96.24
20150904	3.536	0.2039	96.15
20150905	nan	nan	nan
20150906	nan	nan	nan
20150907	nan	nan	nan
20150908	nan	nan	nan
20150909	nan	nan	nan
20150910	1.469	0.4551	97.97
20150911	0.3189	0.2632	99.32
20150912	0.1645	0.1712	99.56
20150913	1.034	0.3185	98.55
20150914	0.2404	0.1807	99.48
20150915	0.2282	0.1621	99.51
20150916	0.1769	0.1476	99.57
20150917	1.394	0.4348	98.07
20150918	2.167	1.072	96.66
20150919	2.097	1.064	96.74
20150920	2.212	1.063	96.62
20150921	1.402	0.8018	97.69
20150922	1.237	0.7589	97.9
20150923	2.423	0.6964	96.78
20150924	1.116	0.2286	98.55
20150925	3.232	0.304	96.36
20150926	3.239	0.3046	96.35
20150927	4.72	0.3302	94.84
20150928	4.454	0.2899	95.15
20150929	4.228	0.3044	95.36
20150930	5.365	5.73	88.8
20151001	5.318	5.687	88.89
20151002	5.994	5.899	88.0
20151003	5.946	5.672	88.28
20151004	6.872	18.11	74.91
20151005	6.462	56.55	36.88
20151006	6.496	54.65	38.75
20151007	6.331	51.42	42.15
20151008	6.184	47.71	46.0
20151009	6.047	45.01	48.83
20151010	5.964	42.25	51.68
20151011	6.903	53.49	39.5
20151012	12.77	55.58	31.54
20151013	12.76	55.28	31.86
20151014	12.98	55.21	31.71
20151015	12.92	54.37	32.61
20151016	14.38	53.22	32.29
20151017	16.76	48.71	34.42
20151018	16.46	46.14	37.29
20151019	15.64	39.96	44.29
20151020	15.88	39.17	44.84
20151021	nan	nan	nan
20151022	nan	nan	nan
20151023	nan	nan	nan
20151024	nan	nan	nan
20151025	nan	nan	nan
20151026	nan	nan	nan
20151027	nan	nan	nan
20151028	nan	nan	nan
20151029	nan	nan	nan
20151030	nan	nan	nan
20151031	10.79	61.31	27.78
20151101	10.79	61.39	27.7
20151102	10.76	61.21	27.9
20151103	10.22	57.95	31.7
20151104	20.43	52.89	26.57
20151105	19.38	64.38	16.13
20151106	19.38	64.38	16.13
20151107	19.42	64.55	15.92
20151108	19.6	64.41	15.88
20151109	19.77	64.32	15.8
20151110	21.16	65.9	12.81
20151111	nan	nan	nan
20151112	nan	nan	nan
20151113	nan	nan	nan
20151114	nan	nan	nan
20151115	nan	nan	nan
20151116	nan	nan	nan
20151117	nan	nan	nan
20151118	nan	nan	nan
20151119	nan	nan	nan
20151120	nan	nan	nan
20151121	nan	nan	nan
20151122	nan	nan	nan
20151123	nan	nan	nan
20151124	nan	nan	nan
20151125	nan	nan	nan
20151126	nan	nan	nan
20151127	nan	nan	nan
20151128	nan	nan	nan
20151129	nan	nan	nan
20151130	nan	nan	nan
20151201	nan	nan	nan
20151202	nan	nan	nan
20151203	nan	nan	nan
20151204	nan	nan	nan
20151205	nan	nan	nan
20151206	nan	nan	nan
20151207	nan	nan	nan
20151208	nan	nan	nan
20151209	nan	nan	nan
20151210	nan	nan	nan
20151211	nan	nan	nan
20151212	nan	nan	nan
20151213	nan	nan	nan
20151214	nan	nan	nan
20151215	nan	nan	nan
20151216	nan	nan	nan
20151217	nan	nan	nan
20151218	nan	nan	nan
20151219	nan	nan	nan
20151220	nan	nan	nan
20151221	nan	nan	nan
20151222	nan	nan	nan
20151223	nan	nan	nan
20151224	nan	nan	nan
20151225	nan	nan	nan
20151226	nan	nan	nan
20151227	nan	nan	nan
20151228	nan	nan	nan
20151229	nan	nan	nan
20151230	nan	nan	nan
20151231	nan	nan	nan
20160101	nan	nan	nan
20160102	nan	nan	nan
20160103	nan	nan	nan
20160104	nan	nan	nan
20160105	nan	nan	nan
20160106	nan	nan	nan
20160107	nan	nan	nan
20160108	nan	nan	nan
20160109	nan	nan	nan
20160110	nan	nan	nan
20160111	nan	nan	nan
20160112	nan	nan	nan
20160113	nan	nan	nan
20160114	nan	nan	nan
20160115	nan	nan	nan
20160116	nan	nan	nan
20160117	nan	nan	nan
20160118	nan	nan	nan
20160119	nan	nan	nan
20160120	nan	nan	nan
20160121	nan	nan	nan
20160122	nan	nan	nan
20160123	nan	nan	nan
20160124	nan	nan	nan
20160125	nan	nan	nan
20160126	nan	nan	nan
20160127	nan	nan	nan
20160128	nan	nan	nan
20160129	nan	nan	nan
20160130	nan	nan	nan
20160131	nan	nan	nan
20160201	nan	nan	nan
20160202	nan	nan	nan
20160203	nan	nan	nan
20160204	nan	nan	nan
20160205	nan	nan	nan
20160206	nan	nan	nan
20160207	nan	nan	nan
20160208	nan	nan	nan
20160209	nan	nan	nan
20160210	nan	nan	nan
20160211	nan	nan	nan
20160212	nan	nan	nan
20160213	nan	nan	nan
20160214	nan	nan	nan
20160215	nan	nan	nan
20160216	nan	nan	nan
20160217	nan	nan	nan
20160218	nan	nan	nan
20160219	nan	nan	nan
20160220	nan	nan	nan
20160221	nan	nan	nan
20160222	nan	nan	nan
20160223	nan	nan	nan
20160224	nan	nan	nan
20160225	nan	nan	nan
20160226	0.037	99.4	0.4571
20160227	0.03617	98.93	0.9235
20160228	1.135	97.98	0.7767
20160229	1.135	97.97	0.7851
20160301	1.031	98.71	0.1575
20160302	1.031	98.71	0.1575
20160303	1.044	98.7	0.1575
20160304	0.7329	98.24	0.9243
20160305	0.7329	97.97	1.195
20160306	0.733	97.97	1.195
20160307	0.7334	97.97	1.196
20160308	0.7456	97.94	1.216
20160309	0.107	98.0	1.79
20160310	0.1064	97.94	1.853
20160311	1.03	97.51	1.355
20160312	1.03	97.51	1.357
20160313	1.03	97.51	1.358
20160314	1.274	97.25	1.374
20160315	14.71	83.6	1.593
20160316	24.33	74.18	1.392
20160317	24.34	74.03	1.532
20160318	24.32	73.91	1.675
20160319	24.34	73.83	1.724
20160320	24.95	73.19	1.755
20160321	34.02	65.61	0.2715
20160322	35.71	63.93	0.2583
20160323	36.16	63.5	0.2288
20160324	36.11	63.25	0.5303
20160325	24.9	74.68	0.3075
20160326	24.0	75.56	0.3279
20160327	24.21	75.35	0.3294
20160328	20.17	79.21	0.5183
20160329	20.11	79.26	0.5212
20160330	19.93	78.84	1.115
20160331	19.67	78.73	1.482
20160401	19.59	78.22	2.077
20160402	6.021	93.03	0.8428
20160403	5.996	92.99	0.9072
20160404	2.095	96.99	0.8165
20160405	2.086	96.69	1.126
20160406	2.9	95.98	1.02
20160407	3.237	95.63	1.028
20160408	4.454	94.45	0.9899
20160409	5.087	93.82	0.9899
20160410	5.087	93.82	0.9874
20160411	5.087	93.73	1.079
20160412	5.088	93.74	1.07
20160413	5.179	93.57	1.144
20160414	14.67	84.19	1.036
20160415	15.88	82.81	1.2
20160416	nan	nan	nan
20160417	nan	nan	nan
20160418	2.922	96.08	0.8991
20160419	3.094	95.28	1.52
20160420	4.55	93.7	1.649
20160421	1.087	97.37	1.439
20160422	1.087	97.18	1.631
20160423	1.086	97.03	1.78
20160424	1.078	96.69	2.126
20160425	1.058	96.23	2.608
20160426	1.046	96.5	2.349
20160427	1.046	96.5	2.349
20160428	40.4	54.78	4.721
20160429	40.13	53.91	5.859
20160430	52.95	39.06	7.887
20160501	52.94	37.51	9.446
20160502	45.13	43.82	10.94
20160503	45.01	43.93	10.97
20160504	45.0	43.92	10.98
20160505	45.01	43.9	10.98
20160506	45.0	43.53	11.37
20160507	45.01	43.5	11.39
20160508	47.75	40.41	11.74
20160509	47.94	40.0	11.96
20160510	49.35	37.68	12.87
20160511	49.78	37.31	12.81
20160512	50.55	36.57	12.78
20160513	56.09	29.34	14.45
20160514	49.14	34.7	16.03
20160515	48.95	33.92	17.0
20160516	49.56	33.17	17.14
20160517	nan	nan	nan
20160518	nan	nan	nan
20160519	47.5	26.67	25.71
20160520	37.37	34.33	28.18
20160521	37.33	34.34	28.22
20160522	38.38	28.79	32.73
20160523	38.31	28.59	32.99
20160524	37.93	28.24	33.72
20160525	38.68	26.48	34.72
20160526	28.66	27.8	43.44
20160527	27.31	21.07	51.52
20160528	27.09	20.83	51.98
20160529	24.82	18.5	56.58
20160530	22.44	15.35	62.11
20160531	20.1	14.8	65.0
20160601	21.45	13.46	64.99
20160602	18.9	12.07	68.93
20160603	24.96	10.77	64.17
20160604	24.93	10.61	64.35
20160605	28.17	9.482	62.25
20160606	27.96	8.437	63.5
20160607	28.54	6.814	64.54
20160608	29.37	6.614	63.91
20160609	29.67	5.688	64.53
20160610	27.97	5.022	66.9
20160611	26.93	4.394	68.56
20160612	28.28	4.449	67.16
20160613	31.26	3.727	64.9
20160614	31.59	3.278	65.01
20160615	38.08	3.514	58.29
20160616	37.83	3.48	58.58
20160617	38.46	3.346	58.08
20160618	38.42	3.332	58.13
20160619	38.21	3.333	58.33
20160620	38.33	3.343	58.21
20160621	nan	nan	nan
20160622	nan	nan	nan
20160623	nan	nan	nan
20160624	nan	nan	nan
20160625	nan	nan	nan
20160626	nan	nan	nan
20160627	1.119	0.03185	98.73
20160628	1.116	0.03189	98.73
20160629	10.44	0.4353	89.01
20160630	7.748	0.1263	92.02
20160701	8.316	0.5485	91.03
20160702	7.5	0.5268	91.86
20160703	6.519	0.4861	92.89
20160704	5.533	0.5922	93.77
20160705	5.477	0.5927	93.82
20160706	7.499	0.6195	91.78
20160707	8.144	1.533	90.22
20160708	7.018	1.488	91.39
20160709	8.042	1.422	90.43
20160710	7.427	1.412	91.05
20160711	7.226	1.36	91.3
20160712	3.996	0.5553	95.34
20160713	3.35	0.5919	95.95
20160714	4.97	0.8974	94.02
20160715	4.914	0.6209	94.35
20160716	4.896	0.6323	94.36
20160717	4.578	0.6164	94.69
20160718	6.432	0.4438	93.01
20160719	6.482	0.4906	92.92
20160720	5.532	0.4192	93.94
20160721	2.523	0.1674	97.21
20160722	0.1512	0.05639	99.69
20160723	0.7548	0.266	98.88
20160724	0.7112	0.2111	98.98
20160725	1.292	0.1706	98.44
20160726	1.717	0.2016	97.98
20160727	1.688	0.2015	98.01
20160728	1.683	0.2182	98.0
20160729	1.441	0.2089	98.25
20160730	1.257	0.22	98.42
20160731	1.958	0.2318	97.71
20160801	1.953	0.2281	97.72
20160802	3.294	0.1715	96.43
20160803	3.335	0.1678	96.39
20160804	2.347	0.5059	97.04
20160805	1.012	0.338	98.55
20160806	2.026	0.4245	97.45
20160807	3.252	0.3984	96.24
20160808	3.242	0.3984	96.26
20160809	3.261	0.4268	96.21
20160810	2.074	0.2192	97.6
20160811	3.99	0.2021	95.7
20160812	4.409	0.2345	95.25
20160813	3.341	0.1888	96.36
20160814	4.394	0.1545	95.35
20160815	3.269	0.1106	96.52
20160816	1.315	0.2193	98.36
20160817	0.1764	0.05563	99.67
20160818	0.2991	0.2095	99.39
20160819	0.8557	0.2015	98.84
20160820	0.4436	0.1371	99.32
20160821	0.4998	0.1755	99.22
20160822	0.05927	0.03097	99.81
20160823	1.923	0.1931	97.78
20160824	1.683	0.2569	97.96
20160825	1.667	0.2569	97.97
20160826	3.581	0.2094	96.11
20160827	3.459	0.2024	96.24
20160828	7.145	0.258	92.5
20160829	6.808	0.2696	92.82
20160830	6.929	0.407	92.56
20160831	7.255	0.3875	92.26
20160901	7.256	0.3877	92.25
20160902	7.268	0.414	92.22
20160903	5.241	0.2222	94.44
20160904	nan	nan	nan
20160905	nan	nan	nan
20160906	9.008	2.221	88.65
20160907	10.31	11.0	78.57
20160908	9.042	9.245	81.59
20160909	9.066	8.918	81.9
20160910	4.445	1.995	93.45
20160911	4.994	1.941	92.96
20160912	5.548	2.252	92.09
20160913	2.756	1.021	96.12
20160914	2.745	1.049	96.1
20160915	2.602	0.9989	96.29
20160916	1.457	0.2662	98.18
20160917	1.152	0.2902	98.46
20160918	1.038	0.2646	98.6
20160919	2.13	4.902	92.87
20160920	1.996	4.583	93.32
20160921	1.818	0.7596	97.32
20160922	0.3021	0.1759	99.42
20160923	1.225	0.2592	98.41
20160924	2.449	0.2386	97.21
20160925	2.443	0.2386	97.22
20160926	2.269	0.2563	97.37
20160927	5.183	0.2443	94.47
20160928	5.341	3.33	91.22
20160929	6.458	3.288	90.15
20160930	9.462	4.083	86.35
20161001	10.97	4.849	84.08
20161002	10.06	6.013	83.83
20161003	11.39	14.5	74.01
20161004	10.12	31.6	58.18
20161005	14.32	27.83	57.76
20161006	14.61	27.6	57.69
20161007	13.86	23.45	62.59
20161008	9.301	15.15	75.45
20161009	8.764	3.84	87.29
20161010	3.799	3.219	92.88
20161011	10.13	2.87	86.9
20161012	12.41	2.526	84.97
20161013	12.88	2.443	84.58
20161014	12.89	2.288	84.72
20161015	5.416	2.178	92.3
20161016	13.4	2.034	84.46
20161017	17.42	3.161	79.32
20161018	12.15	5.334	82.41
20161019	13.07	6.595	80.24
20161020	3.729	3.615	92.55
20161021	10.44	6.663	82.8
20161022	4.822	5.196	89.88
20161023	14.85	7.787	77.26
20161024	26.05	8.03	65.81
20161025	25.08	11.72	63.1
20161026	11.57	10.0	78.32
20161027	11.65	12.76	75.48
20161028	17.79	18.45	63.66
20161029	28.49	23.47	47.94
20161030	23.72	33.43	42.76
20161031	30.14	45.76	24.0
20161101	25.55	45.11	29.23
20161102	25.1	44.78	30.02
20161103	26.2	51.76	21.93
20161104	27.87	56.03	16.0
20161105	24.69	53.23	21.98
20161106	45.26	44.85	9.781
20161107	45.3	44.81	9.794
20161108	52.09	40.62	7.188
20161109	52.82	40.22	6.853
20161110	56.03	37.91	5.955
20161111	58.93	35.44	5.524
20161112	60.74	34.62	4.522
20161113	61.71	34.04	4.131
20161114	64.09	31.78	4.004
20161115	nan	nan	nan
20161116	nan	nan	nan
20161117	nan	nan	nan
20161118	nan	nan	nan
20161119	nan	nan	nan
20161120	nan	nan	nan
20161121	nan	nan	nan
20161122	nan	nan	nan
20161123	nan	nan	nan
20161124	nan	nan	nan
20161125	nan	nan	nan
20161126	nan	nan	nan
20161127	nan	nan	nan
20161128	nan	nan	nan
20161129	nan	nan	nan
20161130	nan	nan	nan
20161201	nan	nan	nan
20161202	nan	nan	nan
20161203	nan	nan	nan
20161204	nan	nan	nan
20161205	nan	nan	nan
20161206	nan	nan	nan
20161207	nan	nan	nan
20161208	nan	nan	nan
20161209	nan	nan	nan
20161210	nan	nan	nan
20161211	nan	nan	nan
20161212	nan	nan	nan
20161213	nan	nan	nan
20161214	nan	nan	nan
20161215	nan	nan	nan
20161216	nan	nan	nan
20161217	nan	nan	nan
20161218	nan	nan	nan
20161219	nan	nan	nan
20161220	nan	nan	nan
20161221	nan	nan	nan
20161222	nan	nan	nan
20161223	nan	nan	nan
20161224	nan	nan	nan
20161225	nan	nan	nan
20161226	nan	nan	nan
20161227	nan	nan	nan
20161228	nan	nan	nan
20161229	nan	nan	nan
20161230	nan	nan	nan
20161231	nan	nan	nan
20170101	nan	nan	nan
20170102	nan	nan	nan
20170103	nan	nan	nan
20170104	nan	nan	nan
20170105	nan	nan	nan
20170106	nan	nan	nan
20170107	nan	nan	nan
20170108	nan	nan	nan
20170109	nan	nan	nan
20170110	nan	nan	nan
20170111	nan	nan	nan
20170112	nan	nan	nan
20170113	nan	nan	nan
20170114	nan	nan	nan
20170115	nan	nan	nan
20170116	nan	nan	nan
20170117	nan	nan	nan
20170118	nan	nan	nan
20170119	nan	nan	nan
20170120	nan	nan	nan
20170121	nan	nan	nan
20170122	nan	nan	nan
20170123	nan	nan	nan
20170124	nan	nan	nan
20170125	nan	nan	nan
20170126	nan	nan	nan
20170127	nan	nan	nan
20170128	nan	nan	nan
20170129	nan	nan	nan
20170130	nan	nan	nan
20170131	nan	nan	nan
20170201	nan	nan	nan
20170202	nan	nan	nan
20170203	nan	nan	nan
20170204	nan	nan	nan
20170205	nan	nan	nan
20170206	20.77	78.29	0.8228
20170207	3.613	95.89	0.388
20170208	4.052	95.24	0.5994
20170209	4.212	95.3	0.3822
20170210	4.204	95.28	0.414
20170211	3.061	96.34	0.4928
20170212	7.515	91.9	0.4864
20170213	34.84	64.58	0.4844
20170214	44.1	55.19	0.6079
20170215	44.21	55.09	0.5989
20170216	44.37	54.93	0.6021
20170217	43.35	55.89	0.6541
20170218	65.39	34.21	0.279
20170219	52.12	47.48	0.281
20170220	40.95	58.59	0.3302
20170221	35.04	64.62	0.2181
20170222	26.01	73.34	0.5326
20170223	25.81	73.57	0.5089
20170224	25.45	73.92	0.5144
20170225	9.046	89.45	1.385
20170226	5.9	92.72	1.266
20170227	1.379	98.18	0.3393
20170228	1.137	98.49	0.2689
20170301	0.8473	98.61	0.4346
20170302	0.6843	98.91	0.3032
20170303	0.3073	99.14	0.4482
20170304	0.5203	98.78	0.5957
20170305	0.5579	98.82	0.5196
20170306	0.5159	99.18	0.2025
20170307	0.5261	99.17	0.2029
20170308	0.3772	99.37	0.1548
20170309	0.4001	99.36	0.1371
20170310	0.4346	98.92	0.5456
20170311	0.4166	98.97	0.5098
20170312	0.4212	98.9	0.5746
20170313	0.4086	98.91	0.5757
20170314	nan	nan	nan
20170315	nan	nan	nan
20170316	nan	nan	nan
20170317	nan	nan	nan
20170318	nan	nan	nan
20170319	nan	nan	nan
20170320	nan	nan	nan
20170321	nan	nan	nan
20170322	0.2912	99.39	0.1955
20170323	nan	nan	nan
20170324	0.1943	99.33	0.3513
20170325	0.1461	99.28	0.4448
20170326	1.698	97.74	0.4346
20170327	4.572	94.89	0.4181
20170328	15.64	84.04	0.1956
20170329	nan	nan	nan
20170330	nan	nan	nan
20170331	nan	nan	nan
20170401	nan	nan	nan
20170402	nan	nan	nan
20170403	nan	nan	nan
20170404	19.57	80.29	0.0125
20170405	38.49	61.31	0.08265
20170406	38.2	61.57	0.1136
20170407	46.51	53.22	0.1498
20170408	17.27	82.6	0.01787
20170409	23.49	76.38	0.01808
20170410	23.53	76.35	0.01806
20170411	24.08	75.79	0.01815
20170412	21.16	78.73	0.008383
20170413	9.254	90.64	0.004099
20170414	6.264	93.63	0.004106
20170415	nan	nan	nan
20170416	nan	nan	nan
20170417	6.609	93.27	0.0
20170418	6.554	93.32	0.0
20170419	6.652	93.22	0.0
20170420	nan	nan	nan
20170421	nan	nan	nan
20170422	nan	nan	nan
20170423	0.4825	99.4	0.001633
20170424	nan	nan	nan
20170425	1.348	98.54	0.001575
20170426	3.094	96.8	0.001433
20170427	2.63	97.27	0.001427
20170428	0.4089	99.48	0.005345
20170429	0.6904	99.2	0.005817
20170430	0.7424	99.15	0.005817
20170501	1.666	98.23	0.004403
20170502	2.467	97.43	0.004404
20170503	9.234	90.66	0.008339
20170504	10.87	89.02	0.008343
20170505	57.79	42.09	0.01467
20170506	nan	nan	nan
20170507	nan	nan	nan
20170508	78.68	21.09	0.109
20170509	70.28	29.49	0.1158
20170510	73.82	25.93	0.1178
20170511	44.24	55.54	0.1166
20170512	33.68	65.94	0.2591
20170513	24.06	75.59	0.2339
20170514	13.4	86.12	0.3729
20170515	25.97	73.46	0.4732
20170516	20.02	79.41	0.4672
20170517	27.53	71.91	0.4653
20170518	35.8	63.4	0.7042
20170519	65.75	33.45	0.6987
20170520	69.36	29.89	0.6499
20170521	72.17	27.16	0.5644
20170522	81.99	17.51	0.3842
20170523	82.07	17.35	0.4629
20170524	80.82	18.6	0.4629
20170525	80.3	18.54	1.031
20170526	74.03	24.14	1.712
20170527	65.08	30.63	4.181
20170528	69.26	26.47	4.161
20170529	68.34	27.45	4.101
20170530	68.73	27.02	4.138
20170531	66.74	29.08	4.076
20170601	67.77	27.91	4.2
20170602	66.06	28.78	5.055
20170603	36.05	56.92	6.927
20170604	47.41	45.35	7.137
20170605	45.59	47.23	7.072
20170606	61.64	31.02	7.235
20170607	44.58	44.13	11.18
20170608	46.66	37.29	15.95
20170609	46.58	33.52	19.79
20170610	42.19	32.62	25.09
20170611	40.53	32.42	26.94
20170612	33.88	36.58	29.44
20170613	36.64	31.16	32.1
20170614	38.84	25.6	35.45
20170615	39.96	23.15	36.78
20170616	40.84	21.26	37.78
20170617	38.59	21.14	40.16
20170618	41.15	17.96	40.77
20170619	42.36	14.71	42.81
20170620	nan	nan	nan
20170621	nan	nan	nan
20170622	nan	nan	nan
20170623	nan	nan	nan
20170624	nan	nan	nan
20170625	nan	nan	nan
20170626	nan	nan	nan
20170627	nan	nan	nan
20170628	nan	nan	nan
20170629	nan	nan	nan
20170630	31.73	2.959	65.19
20170701	31.06	3.126	65.69
20170702	29.03	2.908	67.94
20170703	30.33	1.803	67.74
20170704	30.54	1.771	67.56
20170705	nan	nan	nan
20170706	nan	nan	nan
20170707	nan	nan	nan
20170708	nan	nan	nan
20170709	nan	nan	nan
20170710	nan	nan	nan
20170711	22.06	2.235	75.58
20170712	24.06	1.65	74.16
20170713	nan	nan	nan
20170714	nan	nan	nan
20170715	nan	nan	nan
20170716	nan	nan	nan
20170717	nan	nan	nan
20170718	nan	nan	nan
20170719	nan	nan	nan
20170720	nan	nan	nan
20170721	nan	nan	nan
20170722	nan	nan	nan
20170723	10.24	0.5695	89.08
20170724	10.88	0.4958	88.52
20170725	6.009	0.3131	93.58
20170726	7.42	0.2174	92.26
20170727	7.901	0.2012	91.8
20170728	6.518	0.1743	93.21
20170729	4.479	0.1482	95.27
20170730	6.74	0.8349	92.32
20170731	9.396	0.7184	89.78
20170801	10.56	0.714	88.62
20170802	10.53	0.7713	88.59
20170803	10.99	0.736	88.17
20170804	9.235	0.543	90.11
20170805	nan	nan	nan
20170806	nan	nan	nan
20170807	nan	nan	nan
20170808	8.958	2.053	88.88
20170809	8.925	1.965	89.0
20170810	8.811	2.484	88.59
20170811	7.257	1.575	91.06
20170812	7.88	1.908	90.1
20170813	8.312	1.476	90.1
20170814	8.627	1.085	90.18
20170815	nan	nan	nan
20170816	5.905	0.6284	93.36
20170817	7.8	0.5206	91.57
20170818	7.751	0.5113	91.63
20170819	7.462	0.3098	92.12
20170820	8.304	0.373	91.21
20170821	8.47	0.3059	91.11
20170822	7.635	0.241	92.0
20170823	nan	nan	nan
20170824	nan	nan	nan
20170825	nan	nan	nan
20170826	nan	nan	nan
20170827	nan	nan	nan
20170828	nan	nan	nan
20170829	nan	nan	nan
20170830	nan	nan	nan
20170831	nan	nan	nan
20170901	nan	nan	nan
20170902	nan	nan	nan
20170903	nan	nan	nan
20170904	2.854	0.3249	96.72
20170905	3.772	0.1924	95.93
20170906	4.56	0.1925	95.14
20170907	2.312	0.2977	97.29
20170908	4.208	0.1834	95.51
20170909	4.104	0.1884	95.61
20170910	7.165	0.644	92.09
20170911	7.054	1.008	91.84
20170912	8.56	5.045	86.29
20170913	8.741	5.044	86.11
20170914	nan	nan	nan
20170915	nan	nan	nan
20170916	nan	nan	nan
20170917	nan	nan	nan
20170918	nan	nan	nan
20170919	nan	nan	nan
20170920	8.596	0.999	90.28
20170921	6.809	1.384	91.68
20170922	8.501	0.4286	90.96
20170923	8.196	1.396	90.29
20170924	5.219	0.2627	94.42
20170925	6.307	0.2118	93.38
20170926	3.775	0.2455	95.88
20170927	1.336	0.2175	98.35
20170928	1.186	0.4114	98.3
20170929	1.82	0.2467	97.83
20170930	2.495	0.293	97.11
20171001	1.235	0.3317	98.33
20171002	2.27	0.2611	97.37
20171003	2.314	1.907	95.68
20171004	7.74	1.672	90.49
20171005	7.619	1.476	90.8
20171006	10.67	1.411	87.82
20171007	11.48	1.752	86.67
20171008	nan	nan	nan
20171009	8.635	4.435	86.81
20171010	5.595	6.699	87.59
20171011	9.258	8.774	81.86
20171012	11.05	11.87	76.98
20171013	4.816	20.31	74.77
20171014	8.089	22.44	69.37
20171015	6.876	26.49	66.52
20171016	14.84	25.04	60.0
20171017	12.88	42.47	44.55
20171018	20.04	39.62	40.22
20171019	22.32	42.22	35.35
20171020	11.66	68.72	19.51
20171021	13.08	65.41	21.4
20171022	7.451	74.28	18.16
20171023	37.47	57.01	5.411
20171024	37.52	58.71	3.659
20171025	25.67	66.48	7.748
20171026	23.14	62.91	13.84
20171027	23.15	62.92	13.82
20171028	22.45	65.61	11.84
20171029	15.23	75.39	9.273
20171030	18.49	78.11	3.296
20171031	11.41	86.09	2.397
20171101	13.96	84.52	1.422
20171102	13.25	84.34	2.305
20171103	16.57	81.26	2.062
20171104	19.98	76.34	3.582
20171105	18.89	78.12	2.883
20171106	15.53	81.87	2.495
20171107	16.54	80.89	2.459
20171108	16.74	80.58	2.565
20171109	nan	nan	nan
20171110	nan	nan	nan
20171111	nan	nan	nan
20171112	nan	nan	nan
20171113	nan	nan	nan
20171114	nan	nan	nan
20171115	nan	nan	nan
20171116	nan	nan	nan
20171117	nan	nan	nan
20171118	nan	nan	nan
20171119	nan	nan	nan
20171120	nan	nan	nan
20171121	nan	nan	nan
20171122	nan	nan	nan
20171123	nan	nan	nan
20171124	nan	nan	nan
20171125	nan	nan	nan
20171126	nan	nan	nan
20171127	nan	nan	nan
20171128	nan	nan	nan
20171129	nan	nan	nan
20171130	nan	nan	nan
20171201	nan	nan	nan
20171202	nan	nan	nan
20171203	nan	nan	nan
20171204	nan	nan	nan
20171205	nan	nan	nan
20171206	nan	nan	nan
20171207	nan	nan	nan
20171208	nan	nan	nan
20171209	nan	nan	nan
20171210	nan	nan	nan
20171211	nan	nan	nan
20171212	nan	nan	nan
20171213	nan	nan	nan
20171214	nan	nan	nan
20171215	nan	nan	nan
20171216	nan	nan	nan
20171217	nan	nan	nan
20171218	nan	nan	nan
20171219	nan	nan	nan
20171220	nan	nan	nan
20171221	nan	nan	nan
20171222	nan	nan	nan
20171223	nan	nan	nan
20171224	nan	nan	nan
20171225	nan	nan	nan
20171226	nan	nan	nan
20171227	nan	nan	nan
20171228	nan	nan	nan
20171229	nan	nan	nan
20171230	nan	nan	nan
20171231	nan	nan	nan
20180101	nan	nan	nan
20180102	nan	nan	nan
20180103	nan	nan	nan
20180104	nan	nan	nan
20180105	nan	nan	nan
20180106	nan	nan	nan
20180107	nan	nan	nan
20180108	nan	nan	nan
20180109	nan	nan	nan
20180110	nan	nan	nan
20180111	nan	nan	nan
20180112	nan	nan	nan
20180113	nan	nan	nan
20180114	nan	nan	nan
20180115	nan	nan	nan
20180116	nan	nan	nan
20180117	nan	nan	nan
20180118	nan	nan	nan
20180119	nan	nan	nan
20180120	nan	nan	nan
20180121	nan	nan	nan
20180122	nan	nan	nan
20180123	nan	nan	nan
20180124	nan	nan	nan
20180125	nan	nan	nan
20180126	nan	nan	nan
20180127	nan	nan	nan
20180128	nan	nan	nan
20180129	nan	nan	nan
20180130	nan	nan	nan
20180131	nan	nan	nan
20180201	nan	nan	nan
20180202	nan	nan	nan
20180203	nan	nan	nan
20180204	nan	nan	nan
20180205	nan	nan	nan
20180206	nan	nan	nan
20180207	nan	nan	nan
20180208	nan	nan	nan
20180209	4.92	94.16	0.8045
20180210	4.622	94.54	0.7257
20180211	0.9594	96.11	2.825
20180212	0.8619	95.05	3.985
20180213	5.006	92.47	2.418
20180214	1.43	93.51	4.954
20180215	4.361	91.57	3.965
20180216	8.557	90.36	0.9828
20180217	3.192	96.26	0.4462
20180218	3.96	95.5	0.4438
20180219	6.377	91.98	1.541
20180220	11.3	88.4	0.1957
20180221	6.367	93.39	0.1427
20180222	1.354	98.44	0.1049
20180223	7.84	91.86	0.1994
20180224	7.176	92.54	0.18
20180225	13.56	86.19	0.14
20180226	6.956	91.8	1.139
20180227	9.068	90.62	0.21
20180228	10.66	89.07	0.1672
20180301	10.73	88.93	0.2422
20180302	10.79	88.87	0.2355
20180303	10.86	88.72	0.3136
20180304	13.44	86.15	0.3065
20180305	9.176	90.24	0.4765
20180306	3.485	96.33	0.0754
20180307	11.55	88.22	0.1203
20180308	10.58	89.19	0.1259
20180309	15.85	84.04	0.006724
20180310	10.57	89.32	0.003936
20180311	9.759	90.06	0.07227
20180312	9.676	90.16	0.06477
20180313	9.296	90.43	0.1668
20180314	9.277	90.44	0.1754
20180315	5.84	94.04	0.01557
20180316	11.84	88.05	0.009607
20180317	12.98	86.92	0.005198
20180318	11.34	88.44	0.1132
20180319	11.3	88.46	0.1354
20180320	10.42	89.34	0.1319
20180321	10.16	89.56	0.1794
20180322	9.935	89.77	0.1968
20180323	6.017	93.85	0.03132
20180324	10.67	89.22	0.004929
20180325	10.82	89.07	0.004935
20180326	10.89	89.01	0.001115
20180327	9.279	90.47	0.1465
20180328	9.807	89.92	0.1665
20180329	9.067	90.55	0.2807
20180330	9.022	90.5	0.3654
20180331	nan	nan	nan
20180401	nan	nan	nan
20180402	2.498	97.26	0.1251
20180403	0.4127	99.46	0.0212
20180404	1.281	98.6	0.01946
20180405	1.733	98.08	0.08017
20180406	1.841	97.98	0.08027
20180407	1.711	98.08	0.1085
20180408	0.3144	99.54	0.04769
20180409	1.07	98.71	0.1222
20180410	1.869	97.87	0.1385
20180411	nan	nan	nan
20180412	1.634	98.19	0.0506
20180413	1.869	97.96	0.04928
20180414	12.44	87.45	0.002221
20180415	13.36	86.53	0.002219
20180416	29.75	70.14	0.0
20180417	16.8	83.08	0.02232
20180418	9.162	90.68	0.05484
20180419	14.04	85.8	0.06253
20180420	52.38	47.46	0.05955
20180421	63.5	36.35	0.05531
20180422	67.89	31.96	0.05248
20180423	56.8	42.86	0.2378
20180424	61.38	38.3	0.2105
20180425	70.03	29.66	0.1945
20180426	67.26	32.34	0.282
20180427	67.06	32.54	0.2863
20180428	69.83	29.77	0.2835
20180429	73.49	25.97	0.4187
20180430	nan	nan	nan
20180501	62.7	33.99	3.184
20180502	52.31	44.51	3.065
20180503	56.03	39.62	4.233
20180504	55.85	38.25	5.788
20180505	53.18	40.8	5.915
20180506	61.17	31.39	7.338
20180507	61.24	31.31	7.338
20180508	49.89	39.9	10.1
20180509	41.62	45.72	12.56
20180510	44.5	37.01	18.39
20180511	43.67	35.94	20.29
20180512	41.42	35.78	22.69
20180513	40.69	35.81	23.39
20180514	28.43	39.07	32.4
20180515	30.47	34.34	35.09
20180516	30.67	28.56	40.66
20180517	24.32	29.25	46.33
20180518	30.16	21.33	48.4
20180519	30.0	20.02	49.87
20180520	31.4	18.2	50.29
20180521	32.26	16.31	51.31
20180522	33.87	14.5	51.51
20180523	37.95	12.5	49.43
20180524	nan	nan	nan
20180525	nan	nan	nan
20180526	33.96	3.538	62.38
20180527	35.39	2.912	61.57
20180528	34.92	2.612	62.35
20180529	34.66	2.591	62.62
20180530	30.79	2.448	66.64
20180531	28.19	2.468	69.22
20180601	20.99	4.178	74.72
20180602	21.24	3.405	75.24
20180603	23.76	3.255	72.87
20180604	29.65	2.238	68.0
20180605	29.28	4.771	65.84
20180606	30.23	4.576	65.08
20180607	32.98	4.276	62.63
20180608	nan	nan	nan
20180609	nan	nan	nan
20180610	nan	nan	nan
20180611	nan	nan	nan
20180612	nan	nan	nan
20180613	nan	nan	nan
20180614	nan	nan	nan
20180615	nan	nan	nan
20180616	nan	nan	nan
20180617	19.5	2.839	77.55
20180618	19.21	2.814	77.86
20180619	19.59	2.927	77.37
20180620	19.05	12.92	67.92
20180621	19.75	14.08	66.05
20180622	19.43	13.98	66.47
20180623	18.97	14.04	66.87
20180624	nan	nan	nan
20180625	nan	nan	nan
20180626	nan	nan	nan
20180627	nan	nan	nan
20180628	nan	nan	nan
20180629	nan	nan	nan
20180630	nan	nan	nan
20180701	8.626	2.284	88.98
20180702	6.543	1.16	92.2
20180703	7.564	1.007	91.33
20180704	8.337	0.9441	90.62
20180705	8.888	0.6813	90.33
20180706	8.821	0.7057	90.37
20180707	8.81	0.7072	90.38
20180708	6.851	0.4027	92.64
20180709	7.4	0.3274	92.16
20180710	5.328	0.2897	94.28
20180711	2.816	0.2955	96.79
20180712	1.963	0.2722	97.66
20180713	1.471	0.2309	98.2
20180714	2.224	0.1652	97.51
20180715	3.096	0.2055	96.6
20180716	2.499	0.232	97.17
20180717	1.706	0.1592	98.03
20180718	0.7368	0.08607	99.08
20180719	1.876	0.1931	97.83
20180720	1.473	0.1397	98.29
20180721	2.011	0.1837	97.7
20180722	3.197	0.1575	96.54
20180723	3.363	0.1834	96.35
20180724	3.335	0.1714	96.39
20180725	3.714	0.2075	95.98
20180726	2.97	0.1745	96.75
20180727	2.391	0.1899	97.32
20180728	0.5201	0.2607	99.12
20180729	0.846	0.2025	98.85
20180730	0.8046	0.2252	98.87
20180731	0.5682	0.2304	99.1
20180801	0.3673	0.04187	99.49
20180802	2.199	0.06143	97.64
20180803	3.503	0.1757	96.22
20180804	3.407	0.1891	96.3
20180805	2.97	0.1723	96.75
20180806	3.225	0.2045	96.47
20180807	4.128	0.1469	95.62
20180808	4.423	0.1838	95.28
20180809	4.479	0.3667	95.04
20180810	5.407	0.2953	94.19
20180811	5.028	0.8034	94.06
20180812	5.946	0.8211	93.12
20180813	6.001	0.9836	92.9
20180814	6.704	1.291	91.89
20180815	nan	nan	nan
20180816	nan	nan	nan
20180817	nan	nan	nan
20180818	3.189	0.4429	96.24
20180819	5.101	1.121	93.66
20180820	5.796	2.153	91.93
20180821	5.167	3.939	90.78
20180822	4.962	1.854	93.08
20180823	4.082	1.829	93.98
20180824	5.195	1.728	92.97
20180825	5.633	1.838	92.41
20180826	4.675	1.095	94.12
20180827	5.433	1.17	93.29
20180828	1.866	0.3594	97.67
20180829	2.024	0.2956	97.58
20180830	3.604	0.3573	95.94
20180831	4.249	0.23	95.42
20180901	4.043	0.22	95.63
20180902	4.404	0.2841	95.21
20180903	4.752	3.704	91.44
20180904	3.279	2.996	93.62
20180905	2.27	0.2681	97.36
20180906	0.8283	0.04504	99.02
20180907	2.029	0.1957	97.67
20180908	3.061	0.1686	96.67
20180909	1.174	0.2122	98.51
20180910	0.5922	0.1288	99.18
20180911	1.373	1.02	97.51
20180912	3.338	0.4532	96.11
20180913	4.668	0.4761	94.75
20180914	4.734	1.239	93.93
20180915	6.475	1.18	92.24
20180916	7.795	2.037	90.05
20180917	8.083	1.665	90.14
20180918	8.492	1.594	89.8
20180919	9.619	10.19	80.08
20180920	9.277	7.937	82.67
20180921	8.496	6.197	85.19
20180922	4.532	4.078	91.28
20180923	7.016	3.926	88.95
20180924	10.62	3.844	85.42
20180925	13.14	5.565	81.18
20180926	13.41	5.14	81.33
20180927	19.25	19.54	61.09
20180928	16.78	30.0	53.11
20180929	nan	nan	nan
20180930	nan	nan	nan
20181001	nan	nan	nan
20181002	nan	nan	nan
20181003	nan	nan	nan
20181004	nan	nan	nan
20181005	nan	nan	nan
20181006	nan	nan	nan
20181007	nan	nan	nan
20181008	nan	nan	nan
20181009	nan	nan	nan
20181010	nan	nan	nan
20181011	43.74	41.54	14.59
20181012	29.22	42.03	28.64
20181013	34.94	37.41	27.53
20181014	36.67	35.37	27.85
20181015	28.8	34.48	36.61
20181016	24.86	24.35	50.68
20181017	21.78	23.75	54.36
20181018	21.67	21.9	56.33
20181019	21.22	32.99	45.68
20181020	19.46	41.98	38.46
20181021	20.26	48.35	31.29
20181022	18.8	47.56	33.53
20181023	24.83	39.84	35.22
20181024	10.93	61.0	27.96
20181025	43.44	42.3	14.16
20181026	55.01	37.64	7.248
20181027	41.99	50.57	7.337
20181028	37.98	47.81	14.11
20181029	31.78	55.38	12.74
20181030	52.46	43.13	4.304
20181031	60.43	36.99	2.485
20181101	33.52	61.78	4.599
20181102	39.03	56.51	4.357
20181103	34.49	57.53	7.877
20181104	50.72	42.1	7.073
20181105	43.28	48.87	7.746
20181106	39.34	52.15	8.405
20181107	36.99	53.17	9.73
20181108	nan	nan	nan
20181109	nan	nan	nan
20181110	nan	nan	nan
20181111	nan	nan	nan
20181112	nan	nan	nan
20181113	nan	nan	nan
20181114	nan	nan	nan
20181115	nan	nan	nan
20181116	nan	nan	nan
20181117	nan	nan	nan
20181118	nan	nan	nan
20181119	nan	nan	nan
20181120	nan	nan	nan
20181121	nan	nan	nan
20181122	nan	nan	nan
20181123	nan	nan	nan
20181124	nan	nan	nan
20181125	nan	nan	nan
20181126	nan	nan	nan
20181127	nan	nan	nan
20181128	nan	nan	nan
20181129	nan	nan	nan
20181130	nan	nan	nan
20181201	nan	nan	nan
20181202	nan	nan	nan
20181203	nan	nan	nan
20181204	nan	nan	nan
20181205	nan	nan	nan
20181206	nan	nan	nan
20181207	nan	nan	nan
20181208	nan	nan	nan
20181209	nan	nan	nan
20181210	nan	nan	nan
20181211	nan	nan	nan
20181212	nan	nan	nan
20181213	nan	nan	nan
20181214	nan	nan	nan
20181215	nan	nan	nan
20181216	nan	nan	nan
20181217	nan	nan	nan
20181218	nan	nan	nan
20181219	nan	nan	nan
20181220	nan	nan	nan
20181221	nan	nan	nan
20181222	nan	nan	nan
20181223	nan	nan	nan
20181224	nan	nan	nan
20181225	nan	nan	nan
20181226	nan	nan	nan
20181227	nan	nan	nan
20181228	nan	nan	nan
20181229	nan	nan	nan
20181230	nan	nan	nan
20181231	nan	nan	nan
20190101	nan	nan	nan
20190102	nan	nan	nan
20190103	nan	nan	nan
20190104	nan	nan	nan
20190105	nan	nan	nan
20190106	nan	nan	nan
20190107	nan	nan	nan
20190108	nan	nan	nan
20190109	nan	nan	nan
20190110	nan	nan	nan
20190111	nan	nan	nan
20190112	nan	nan	nan
20190113	nan	nan	nan
20190114	nan	nan	nan
20190115	nan	nan	nan
20190116	nan	nan	nan
20190117	nan	nan	nan
20190118	nan	nan	nan
20190119	nan	nan	nan
20190120	nan	nan	nan
20190121	nan	nan	nan
20190122	nan	nan	nan
20190123	nan	nan	nan
20190124	nan	nan	nan
20190125	nan	nan	nan
20190126	nan	nan	nan
20190127	nan	nan	nan
20190128	nan	nan	nan
20190129	nan	nan	nan
20190130	nan	nan	nan
20190131	nan	nan	nan
20190201	nan	nan	nan
20190202	nan	nan	nan
20190203	nan	nan	nan
20190204	nan	nan	nan
20190205	nan	nan	nan
20190206	nan	nan	nan
20190207	nan	nan	nan
20190208	26.95	71.83	1.115
20190209	9.626	89.68	0.5957
20190210	21.82	77.52	0.5515
20190211	27.39	72.01	0.4961
20190212	21.87	76.96	1.065
20190213	19.54	79.05	1.308
20190214	16.25	81.78	1.858
20190215	19.06	79.18	1.665
20190216	20.89	77.29	1.71
20190217	12.42	85.69	1.777
20190218	23.03	75.28	1.587
20190219	23.08	75.34	1.48
20190220	24.05	73.99	1.842
20190221	11.74	86.6	1.553
20190222	24.15	74.58	1.165
20190223	44.53	54.48	0.8827
20190224	52.52	46.8	0.5741
20190225	55.27	43.46	1.17
20190226	64.76	34.26	0.8778
20190227	61.03	38.15	0.7077
20190228	74.23	24.98	0.6808
20190301	72.28	27.02	0.5927
20190302	65.79	33.72	0.3861
20190303	56.56	42.96	0.3717
20190304	55.81	43.75	0.3289
20190305	55.69	43.87	0.3296
20190306	55.41	44.13	0.3383
20190307	35.51	64.2	0.1758
20190308	28.96	70.82	0.1031
20190309	27.18	72.6	0.1034
20190310	9.03	90.8	0.04994
20190311	6.667	93.19	0.02877
20190312	7.014	92.59	0.2901
20190313	6.709	92.89	0.2912
20190314	5.485	93.92	0.488
20190315	5.145	94.22	0.5277
20190316	5.024	94.31	0.5534
20190317	3.217	96.46	0.2137
20190318	2.462	97.21	0.2112
20190319	2.052	97.71	0.1178
20190320	1.769	97.9	0.2134
20190321	1.248	98.39	0.2397
20190322	0.9826	98.6	0.2937
20190323	1.504	97.98	0.3943
20190324	nan	nan	nan
20190325	nan	nan	nan
20190326	nan	nan	nan
20190327	nan	nan	nan
20190328	nan	nan	nan
20190329	nan	nan	nan
20190330	nan	nan	nan
20190331	nan	nan	nan
20190401	nan	nan	nan
20190402	nan	nan	nan
20190403	nan	nan	nan
20190404	nan	nan	nan
20190405	18.96	80.93	0.004131
20190406	8.54	91.36	0.0
20190407	11.12	88.78	0.0
20190408	10.17	89.66	0.07059
20190409	3.109	96.78	0.007876
20190410	2.503	97.4	0.0
20190411	3.229	96.67	0.0
20190412	3.243	96.66	0.0
20190413	3.598	96.29	0.0
20190414	5.996	93.89	0.004254
20190415	17.51	82.38	0.004129
20190416	17.45	82.44	0.004055
20190417	26.96	72.92	0.004352
20190418	26.95	72.93	0.008705
20190419	28.22	71.66	0.0087
20190420	34.87	65.01	0.008668
20190421	77.41	22.45	0.0299
20190422	59.06	40.82	0.01505
20190423	69.28	30.51	0.1065
20190424	74.02	25.78	0.1003
20190425	52.72	46.87	0.3114
20190426	15.43	0.003299	84.46
20190427	52.44	24.77	22.69
20190428	54.33	42.29	3.273
20190429	60.63	36.14	3.132
20190430	61.05	35.67	3.178
20190501	68.55	28.4	2.949
20190502	68.15	28.7	3.045
20190503	72.65	25.7	1.548
20190504	69.65	29.06	1.189
20190505	68.18	30.48	1.228
20190506	70.26	28.31	1.314
20190507	69.2	29.38	1.314
20190508	69.32	29.24	1.331
20190509	51.03	46.99	1.874
20190510	62.52	35.55	1.826
20190511	57.89	37.62	4.385
20190512	59.01	36.58	4.312
20190513	62.71	33.08	4.104
20190514	62.54	32.97	4.377
20190515	62.28	32.91	4.7
20190516	66.57	28.7	4.612
20190517	56.79	34.66	8.437
20190518	57.45	28.69	13.75
20190519	47.85	35.86	16.18
20190520	47.32	34.98	17.59
20190521	43.43	36.94	19.52
20190522	44.58	33.23	22.08
20190523	46.72	29.04	24.12
20190524	46.92	27.7	25.26
20190525	49.88	24.4	25.61
20190526	53.41	20.1	26.36
20190527	52.9	20.74	26.24
20190528	52.91	20.68	26.28
20190529	nan	nan	nan
20190530	nan	nan	nan
20190531	nan	nan	nan
20190601	nan	nan	nan
20190602	nan	nan	nan
20190603	nan	nan	nan
20190604	nan	nan	nan
20190605	nan	nan	nan
20190606	nan	nan	nan
20190607	nan	nan	nan
20190608	nan	nan	nan
20190609	nan	nan	nan
20190610	nan	nan	nan
20190611	nan	nan	nan
20190612	nan	nan	nan
20190613	5.277	0.004084	94.62
20190614	16.33	1.354	82.22
20190615	18.07	1.115	80.71
20190616	20.64	0.7014	78.55
20190617	19.71	1.26	78.93
20190618	20.91	1.451	77.54
20190619	20.89	1.454	77.56
20190620	21.97	1.695	76.23
20190621	22.47	1.807	75.61
20190622	23.59	1.548	74.75
20190623	24.59	7.006	68.28
20190624	nan	nan	nan
20190625	nan	nan	nan
20190626	nan	nan	nan
20190627	nan	nan	nan
20190628	nan	nan	nan
20190629	nan	nan	nan
20190630	nan	nan	nan
20190701	nan	nan	nan
20190702	nan	nan	nan
20190703	nan	nan	nan
20190704	17.71	0.03933	82.13
20190705	20.16	0.239	79.49
20190706	20.26	0.2512	79.38
20190707	19.28	0.2175	80.39
20190708	14.24	1.56	84.1
20190709	11.55	1.081	87.26
20190710	13.54	0.8267	85.53
20190711	12.42	0.8424	86.63
20190712	10.97	0.6777	88.24
20190713	6.458	0.6039	92.83
20190714	8.474	0.5515	90.87
20190715	8.723	0.2453	90.93
20190716	12.11	0.1744	87.61
20190717	14.03	0.1635	85.7
20190718	12.29	0.5006	87.1
20190719	7.543	0.305	92.05
20190720	6.613	0.4454	92.84
20190721	7.534	0.373	91.99
20190722	7.467	0.3731	92.06
20190723	6.69	0.4619	92.75
20190724	6.579	0.4623	92.86
20190725	6.013	0.3834	93.5
20190726	1.496	0.1387	98.26
20190727	0.1814	0.0265	99.69
20190728	0.08413	0.0126	99.8
20190729	0.0526	0.004252	99.84
20190730	0.02692	0.0	99.87
20190731	0.02297	0.0	99.88
20190801	1.102	0.2602	98.54
20190802	1.916	0.1156	97.87
20190803	2.919	0.2051	96.78
20190804	2.281	0.2619	97.36
20190805	3.264	0.1515	96.48
20190806	1.446	0.1021	98.35
20190807	2.446	0.1571	97.3
20190808	2.419	0.1485	97.33
20190809	3.584	0.1523	96.16
20190810	6.107	0.09022	93.7
20190811	6.196	0.1137	93.59
20190812	4.406	0.1025	95.38
20190813	nan	nan	nan
20190814	nan	nan	nan
20190815	nan	nan	nan
20190816	nan	nan	nan
20190817	6.63	0.5903	92.67
20190818	6.11	1.178	92.61
20190819	6.723	1.218	91.95
20190820	6.293	1.149	92.45
20190821	4.944	2.019	92.93
20190822	6.723	1.925	91.25
20190823	6.366	1.62	91.91
20190824	6.522	1.445	91.91
20190825	7.242	1.401	91.23
20190826	8.238	1.358	90.28
20190827	8.769	1.436	89.67
20190828	2.275	0.3357	97.28
20190829	3.435	0.2843	96.17
20190830	3.556	0.2929	96.04
20190831	3.993	0.4775	95.42
20190901	1.818	0.1554	97.92
20190902	4.311	0.2417	95.34
20190903	6.304	0.2534	93.34
20190904	5.297	2.155	92.45
20190905	5.604	2.064	92.23
20190906	7.379	1.982	90.54
20190907	7.81	1.846	90.24
20190908	10.72	1.752	87.41
20190909	4.672	1.042	94.18
20190910	4.65	0.732	94.51
20190911	3.109	0.3573	96.43
20190912	5.596	0.545	93.75
20190913	5.931	1.796	92.17
20190914	7.665	6.179	86.05
20190915	11.76	5.736	82.4
20190916	6.745	3.101	90.04
20190917	7.243	2.93	89.72
20190918	11.56	13.9	74.43
20190919	14.24	30.09	55.56
20190920	16.12	31.46	52.31
20190921	14.16	45.15	40.58
20190922	14.4	46.27	39.21
20190923	nan	nan	nan
20190924	9.739	50.03	40.13
20190925	15.13	44.76	40.0
20190926	15.14	28.77	55.98
20190927	15.28	12.81	71.81
20190928	9.856	8.681	81.36
20190929	10.67	8.75	80.47
20190930	11.59	9.027	79.28
20191001	16.04	9.904	73.95
20191002	17.17	19.03	63.69
20191003	17.06	18.76	64.07
20191004	14.48	33.49	51.92
20191005	nan	nan	nan
20191006	nan	nan	nan
20191007	21.46	42.16	36.26
20191008	18.38	45.82	35.68
20191009	21.43	43.23	35.22
20191010	18.14	53.71	28.03
20191011	14.04	50.37	35.47
20191012	18.9	52.16	28.82
20191013	19.28	52.3	28.31
20191014	47.4	47.65	4.84
20191015	36.67	57.92	5.301
20191016	46.03	48.52	5.343
20191017	23.61	51.42	24.86
20191018	29.07	51.18	19.64
20191019	23.26	65.08	11.56
20191020	49.9	47.75	2.247
20191021	56.75	41.47	1.674
20191022	53.93	44.33	1.641
20191023	49.28	48.06	2.555
20191024	50.25	47.5	2.141
20191025	41.05	57.44	1.407
20191026	16.49	56.99	26.42
20191027	13.64	70.91	15.34
20191028	40.75	54.02	5.134
20191029	37.27	58.03	4.596
20191030	42.52	56.84	0.5445
20191031	32.83	66.09	0.9826
20191101	35.61	63.33	0.9586
20191102	40.28	58.73	0.8886
20191103	13.83	85.5	0.5732
20191104	15.47	83.66	0.7646
20191105	18.57	80.23	1.098
20191106	29.05	69.95	0.8993
20191107	32.54	66.63	0.7326
20191108	32.64	66.54	0.7189
20191109	42.63	56.77	0.4953
20191110	48.65	50.75	0.4829
20191111	nan	nan	nan
20191112	nan	nan	nan
20191113	nan	nan	nan
20191114	nan	nan	nan
20191115	nan	nan	nan
20191116	nan	nan	nan
20191117	nan	nan	nan
20191118	nan	nan	nan
20191119	nan	nan	nan
20191120	nan	nan	nan
20191121	nan	nan	nan
20191122	nan	nan	nan
20191123	nan	nan	nan
20191124	nan	nan	nan
20191125	nan	nan	nan
20191126	nan	nan	nan
20191127	nan	nan	nan
20191128	nan	nan	nan
20191129	nan	nan	nan
20191130	nan	nan	nan
20191201	nan	nan	nan
20191202	nan	nan	nan
20191203	nan	nan	nan
20191204	nan	nan	nan
20191205	nan	nan	nan
20191206	nan	nan	nan
20191207	nan	nan	nan
20191208	nan	nan	nan
20191209	nan	nan	nan
20191210	nan	nan	nan
20191211	nan	nan	nan
20191212	nan	nan	nan
20191213	nan	nan	nan
20191214	nan	nan	nan
20191215	nan	nan	nan
20191216	nan	nan	nan
20191217	nan	nan	nan
20191218	nan	nan	nan
20191219	nan	nan	nan
20191220	nan	nan	nan
20191221	nan	nan	nan
20191222	nan	nan	nan
20191223	nan	nan	nan
20191224	nan	nan	nan
20191225	nan	nan	nan
20191226	nan	nan	nan
20191227	nan	nan	nan
20191228	nan	nan	nan
20191229	nan	nan	nan
20191230	nan	nan	nan
20191231	nan	nan	nan
20200101	nan	nan	nan
20200102	nan	nan	nan
20200103	nan	nan	nan
20200104	nan	nan	nan
20200105	nan	nan	nan
20200106	nan	nan	nan
20200107	nan	nan	nan
20200108	nan	nan	nan
20200109	nan	nan	nan
20200110	nan	nan	nan
20200111	nan	nan	nan
20200112	nan	nan	nan
20200113	nan	nan	nan
20200114	nan	nan	nan
20200115	nan	nan	nan
20200116	nan	nan	nan
20200117	nan	nan	nan
20200118	nan	nan	nan
20200119	nan	nan	nan
20200120	nan	nan	nan
20200121	nan	nan	nan
20200122	nan	nan	nan
20200123	nan	nan	nan
20200124	nan	nan	nan
20200125	nan	nan	nan
20200126	nan	nan	nan
20200127	nan	nan	nan
20200128	nan	nan	nan
20200129	nan	nan	nan
20200130	nan	nan	nan
20200131	nan	nan	nan
20200201	nan	nan	nan
20200202	nan	nan	nan
20200203	nan	nan	nan
20200204	nan	nan	nan
20200205	nan	nan	nan
20200206	nan	nan	nan
20200207	nan	nan	nan
20200208	nan	nan	nan
20200209	nan	nan	nan
20200210	nan	nan	nan
20200211	nan	nan	nan
20200212	0.6646	96.77	2.444
20200213	0.9074	97.51	1.462
20200214	0.6564	97.08	2.142
20200215	nan	nan	nan
20200216	nan	nan	nan
20200217	0.5661	97.22	2.104
20200218	0.4483	96.3	3.139
20200219	0.1953	97.19	2.514
20200220	0.1884	97.13	2.573
20200221	0.1011	97.54	2.249
20200222	0.04949	97.99	1.855
20200223	0.03621	97.15	2.707
20200224	0.06752	97.45	2.378
20200225	0.3105	97.26	2.325
20200226	0.3287	97.46	2.093
20200227	0.3499	97.49	2.043
20200228	nan	nan	nan
20200229	nan	nan	nan
20200301	0.2753	99.03	0.569
20200302	nan	nan	nan
20200303	nan	nan	nan
20200304	0.1354	99.04	0.7059
20200305	0.4591	98.71	0.7133
20200306	0.3954	98.6	0.8928
20200307	0.34	98.65	0.8924
20200308	0.311	99.24	0.3356
20200309	0.3684	99.19	0.3275
20200310	2.06	97.35	0.4707
20200311	nan	nan	nan
20200312	nan	nan	nan
20200313	nan	nan	nan
20200314	nan	nan	nan
20200315	nan	nan	nan
20200316	nan	nan	nan
20200317	nan	nan	nan
20200318	nan	nan	nan
20200319	nan	nan	nan
20200320	nan	nan	nan
20200321	nan	nan	nan
20200322	nan	nan	nan
20200323	nan	nan	nan
20200324	nan	nan	nan
20200325	nan	nan	nan
20200326	nan	nan	nan
20200327	nan	nan	nan
20200328	nan	nan	nan
20200329	nan	nan	nan
20200330	nan	nan	nan
20200331	nan	nan	nan
20200401	nan	nan	nan
20200402	nan	nan	nan
20200403	10.73	89.14	0.02193
20200404	9.044	90.81	0.0389
20200405	9.295	90.56	0.039
20200406	10.42	89.43	0.0391
20200407	10.57	89.28	0.03932
20200408	12.71	87.08	0.08937
20200409	19.94	79.86	0.08192
20200410	nan	nan	nan
20200411	nan	nan	nan
20200412	nan	nan	nan
20200413	nan	nan	nan
20200414	nan	nan	nan
20200415	nan	nan	nan
20200416	nan	nan	nan
20200417	nan	nan	nan
20200418	nan	nan	nan
20200419	nan	nan	nan
20200420	nan	nan	nan
20200421	35.15	64.69	0.05182
20200422	38.75	61.08	0.05965
20200423	42.09	57.75	0.04168
20200424	31.93	67.9	0.05859
20200425	36.32	63.52	0.05001
20200426	36.29	63.55	0.0542
20200427	39.94	59.91	0.04635
20200428	22.57	77.3	0.02349
20200429	25.07	74.83	0.0
20200430	21.48	78.42	0.0
20200501	22.49	77.41	0.0
20200502	22.17	77.72	0.0
20200503	33.68	66.21	0.0
20200504	42.88	57.01	0.0
20200505	46.63	53.26	0.0
20200506	nan	nan	nan
20200507	nan	nan	nan
20200508	nan	nan	nan
20200509	nan	nan	nan
20200510	20.04	79.84	0.006887
20200511	29.78	70.1	0.004087
20200512	32.26	67.62	0.007813
20200513	23.49	76.39	0.01532
20200514	21.27	78.61	0.01689
20200515	21.91	77.97	0.01689
20200516	22.74	77.14	0.01295
20200517	23.26	76.62	0.01306
20200518	17.76	82.08	0.06064
20200519	18.18	81.67	0.0451
20200520	18.19	81.64	0.06313
20200521	59.74	39.92	0.2373
20200522	47.5	52.16	0.2386
20200523	67.82	31.73	0.3536
20200524	69.1	30.3	0.4943
20200525	64.16	35.08	0.6541
20200526	64.58	34.67	0.6529
20200527	64.07	34.88	0.9498
20200528	66.19	32.77	0.9348
20200529	67.07	31.91	0.9112
20200530	66.47	32.5	0.9298
20200531	67.2	30.58	2.116
20200601	59.62	36.26	4.02
20200602	63.5	32.43	3.966
20200603	59.11	36.54	4.237
20200604	59.71	35.02	5.159
20200605	55.23	37.13	7.539
20200606	55.18	36.54	8.169
20200607	51.75	32.28	15.87
20200608	50.83	30.66	18.4
20200609	51.33	29.9	18.66
20200610	44.24	35.12	20.53
20200611	44.89	33.52	21.48
20200612	44.56	28.88	26.46
20200613	37.6	25.94	36.35
20200614	38.67	25.08	36.14
20200615	38.68	24.37	36.84
20200616	33.25	25.24	41.41
20200617	32.96	16.97	49.97
20200618	29.4	19.57	50.93
20200619	28.84	17.79	53.26
20200620	23.98	16.64	59.27
20200621	23.43	12.24	64.23
20200622	23.9	10.13	65.87
20200623	22.41	9.384	68.1
20200624	24.51	8.658	66.73
20200625	24.35	7.205	68.34
20200626	25.59	5.7	68.6
20200627	20.37	6.493	73.03
20200628	20.28	4.726	74.89
20200629	20.95	3.642	75.3
20200630	22.38	3.071	74.44
20200701	22.43	4.623	72.84
20200702	25.59	5.249	69.05
20200703	22.67	2.868	74.36
20200704	25.12	3.796	70.97
20200705	26.5	3.397	69.99
20200706	24.94	1.699	73.25
20200707	24.68	1.68	73.53
20200708	25.25	1.499	73.13
20200709	24.72	1.268	73.89
20200710	25.62	1.015	73.24
20200711	25.45	0.8721	73.56
20200712	25.57	0.851	73.46
20200713	nan	nan	nan
20200714	nan	nan	nan
20200715	nan	nan	nan
20200716	14.99	0.05588	84.83
20200717	17.06	0.3511	82.47
20200718	9.376	0.2446	90.26
20200719	9.195	0.2433	90.44
20200720	9.154	0.2456	90.48
20200721	nan	nan	nan
20200722	nan	nan	nan
20200723	nan	nan	nan
20200724	nan	nan	nan
20200725	nan	nan	nan
20200726	nan	nan	nan
20200727	6.353	0.05572	93.47
20200728	6.344	0.05569	93.47
20200729	6.661	0.1402	93.08
20200730	2.935	0.09107	96.86
20200731	1.187	0.02514	98.68
20200801	3.191	0.2649	96.44
20200802	2.728	0.1668	97.0
20200803	2.827	0.1181	96.95
20200804	3.506	0.1941	96.2
20200805	6.056	0.1962	93.65
20200806	1.824	0.1425	97.93
20200807	2.769	0.2344	96.9
20200808	2.316	0.1753	97.41
20200809	5.364	0.1715	94.36
20200810	5.938	0.2008	93.76
20200811	7.475	0.1865	92.24
20200812	5.676	0.1528	94.07
20200813	7.063	0.1591	92.68
20200814	7.222	0.4067	92.27
20200815	6.935	1.623	91.34
20200816	11.3	1.481	87.11
20200817	11.52	1.613	86.76
20200818	nan	nan	nan
20200819	4.913	1.435	93.54
20200820	5.57	1.445	92.87
20200821	4.924	1.006	93.96
20200822	5.204	0.3285	94.36
20200823	6.155	1.905	91.83
20200824	6.037	1.843	92.01
20200825	6.409	1.238	92.24
20200826	nan	nan	nan
20200827	7.432	1.245	91.2
20200828	nan	nan	nan
20200829	nan	nan	nan
20200830	nan	nan	nan
20200831	nan	nan	nan
20200901	nan	nan	nan
20200902	nan	nan	nan
20200903	2.6	0.3822	96.91
20200904	4.285	0.4347	95.18
20200905	3.826	0.3721	95.7
20200906	6.113	0.3598	93.42
20200907	4.971	0.3316	94.59
20200908	5.041	0.2658	94.59
20200909	6.976	0.3264	92.59
20200910	nan	nan	nan
20200911	nan	nan	nan
20200912	nan	nan	nan
20200913	8.116	0.9793	90.78
20200914	nan	nan	nan
20200915	nan	nan	nan
20200916	nan	nan	nan
20200917	nan	nan	nan
20200918	nan	nan	nan
20200919	nan	nan	nan
20200920	nan	nan	nan
20200921	21.42	35.85	42.6
20200922	20.79	30.85	48.23
20200923	21.23	31.53	47.12
20200924	17.39	17.07	65.43
20200925	17.41	16.25	66.23
20200926	20.47	15.74	63.69
20200927	8.808	23.2	67.89
20200928	18.56	12.83	68.51
20200929	15.51	9.72	74.67
20200930	17.55	8.871	73.47
20201001	11.69	5.346	82.87
20201002	11.06	3.648	85.19
20201003	10.72	2.97	86.2
20201004	9.142	6.05	84.7
20201005	4.56	1.998	93.34
20201006	7.188	3.018	89.69
20201007	7.613	6.827	85.45
20201008	8.048	11.16	80.68
20201009	8.017	11.19	80.68
20201010	8.161	14.45	77.28
20201011	8.065	13.48	78.34
20201012	nan	nan	nan
20201013	8.487	22.56	68.83
20201014	13.38	29.11	57.39
20201015	15.68	37.2	47.0
20201016	16.55	42.28	41.05
20201017	nan	nan	nan
20201018	21.52	61.59	16.77
20201019	25.35	65.2	9.339
20201020	25.12	73.36	1.418
20201021	16.81	79.25	3.834
20201022	28.96	68.26	2.677
20201023	28.95	68.35	2.606
20201024	31.49	65.84	2.571
20201025	20.17	76.74	2.98
20201026	20.75	76.22	2.931
20201027	nan	nan	nan
20201028	nan	nan	nan
20201029	nan	nan	nan
20201030	nan	nan	nan
20201031	nan	nan	nan
20201101	nan	nan	nan
20201102	nan	nan	nan
20201103	nan	nan	nan
20201104	nan	nan	nan
20201105	nan	nan	nan
20201106	nan	nan	nan
20201107	nan	nan	nan
20201108	nan	nan	nan
20201109	nan	nan	nan
20201110	nan	nan	nan
20201111	nan	nan	nan
20201112	nan	nan	nan
20201113	nan	nan	nan
20201114	nan	nan	nan
20201115	nan	nan	nan
20201116	nan	nan	nan
20201117	nan	nan	nan
20201118	nan	nan	nan
20201119	nan	nan	nan
20201120	nan	nan	nan
20201121	nan	nan	nan
20201122	nan	nan	nan
20201123	nan	nan	nan
20201124	nan	nan	nan
20201125	nan	nan	nan
20201126	nan	nan	nan
20201127	nan	nan	nan
20201128	nan	nan	nan
20201129	nan	nan	nan
20201130	nan	nan	nan
20201201	nan	nan	nan
20201202	nan	nan	nan
20201203	nan	nan	nan
20201204	nan	nan	nan
20201205	nan	nan	nan
20201206	nan	nan	nan
20201207	nan	nan	nan
20201208	nan	nan	nan
20201209	nan	nan	nan
20201210	nan	nan	nan
20201211	nan	nan	nan
20201212	nan	nan	nan
20201213	nan	nan	nan
20201214	nan	nan	nan
20201215	nan	nan	nan
20201216	nan	nan	nan
20201217	nan	nan	nan
20201218	nan	nan	nan
20201219	nan	nan	nan
20201220	nan	nan	nan
20201221	nan	nan	nan
20201222	nan	nan	nan
20201223	nan	nan	nan
20201224	nan	nan	nan
20201225	nan	nan	nan
20201226	nan	nan	nan
20201227	nan	nan	nan
20201228	nan	nan	nan
20201229	nan	nan	nan
20201230	nan	nan	nan
20201231	nan	nan	nan
20210101	nan	nan	nan
20210102	nan	nan	nan
20210103	nan	nan	nan
20210104	nan	nan	nan
20210105	nan	nan	nan
20210106	nan	nan	nan
20210107	nan	nan	nan
20210108	nan	nan	nan
20210109	nan	nan	nan
20210110	nan	nan	nan
20210111	nan	nan	nan
20210112	nan	nan	nan
20210113	nan	nan	nan
20210114	nan	nan	nan
20210115	nan	nan	nan
20210116	nan	nan	nan
20210117	nan	nan	nan
20210118	nan	nan	nan
20210119	nan	nan	nan
20210120	nan	nan	nan
20210121	nan	nan	nan
20210122	nan	nan	nan
20210123	nan	nan	nan
20210124	nan	nan	nan
20210125	nan	nan	nan
20210126	nan	nan	nan
20210127	nan	nan	nan
20210128	nan	nan	nan
20210129	nan	nan	nan
20210130	nan	nan	nan
20210131	nan	nan	nan
20210201	nan	nan	nan
20210202	nan	nan	nan
20210203	nan	nan	nan
20210204	nan	nan	nan
20210205	nan	nan	nan
20210206	nan	nan	nan
20210207	nan	nan	nan
20210208	nan	nan	nan
20210209	nan	nan	nan
20210210	nan	nan	nan
20210211	nan	nan	nan
20210212	nan	nan	nan
20210213	nan	nan	nan
20210214	nan	nan	nan
20210215	nan	nan	nan
20210216	nan	nan	nan
20210217	30.49	69.08	0.3246
20210218	20.18	79.57	0.1446
20210219	33.37	66.4	0.1279
20210220	31.55	68.04	0.3048
20210221	35.48	63.66	0.7486
20210222	36.31	62.83	0.7527
20210223	31.58	67.64	0.6837
20210224	31.76	66.74	1.398
20210225	nan	nan	nan
20210226	nan	nan	nan
20210227	nan	nan	nan
20210228	nan	nan	nan
20210301	nan	nan	nan
20210302	nan	nan	nan
20210303	nan	nan	nan
20210304	nan	nan	nan
20210305	nan	nan	nan
20210306	nan	nan	nan
20210307	nan	nan	nan
20210308	nan	nan	nan
20210309	nan	nan	nan
20210310	nan	nan	nan
20210311	nan	nan	nan
20210312	nan	nan	nan
20210313	nan	nan	nan
20210314	nan	nan	nan
20210315	nan	nan	nan
20210316	nan	nan	nan
20210317	nan	nan	nan
20210318	nan	nan	nan
20210319	nan	nan	nan
20210320	nan	nan	nan
20210321	nan	nan	nan
20210322	nan	nan	nan
20210323	nan	nan	nan
20210324	9.55	89.91	0.4222
20210325	nan	nan	nan
20210326	nan	nan	nan
20210327	nan	nan	nan
20210328	nan	nan	nan
20210329	nan	nan	nan
20210330	nan	nan	nan
20210331	nan	nan	nan
20210401	nan	nan	nan
20210402	nan	nan	nan
20210403	nan	nan	nan
20210404	nan	nan	nan
20210405	nan	nan	nan
20210406	nan	nan	nan
20210407	nan	nan	nan
20210408	nan	nan	nan
20210409	nan	nan	nan
20210410	8.06	91.64	0.1765
20210411	7.858	91.85	0.1708
20210412	10.14	89.58	0.1598
20210413	10.13	89.56	0.1875
20210414	12.62	87.06	0.21
20210415	12.61	87.03	0.2417
20210416	12.37	87.27	0.2452
20210417	nan	nan	nan
20210418	9.4	90.42	0.07231
20210419	8.726	91.03	0.1414
20210420	8.724	90.91	0.2604
20210421	8.713	90.92	0.2604
20210422	8.704	90.66	0.5309
20210423	9.626	89.62	0.6472
20210424	25.38	73.92	0.5981
20210425	25.42	73.84	0.6394
20210426	25.5	73.78	0.6172
20210427	nan	nan	nan
20210428	nan	nan	nan
20210429	nan	nan	nan
20210430	nan	nan	nan
20210501	nan	nan	nan
20210502	nan	nan	nan
20210503	nan	nan	nan
20210504	nan	nan	nan
20210505	7.471	91.79	0.6333
20210506	6.853	91.95	1.091
20210507	6.853	91.95	1.091
20210508	11.6	87.3	0.9945
20210509	11.6	87.3	0.9938
20210510	11.56	86.71	1.619
20210511	53.15	45.32	1.427
20210512	54.01	44.37	1.516
20210513	61.26	37.27	1.356
20210514	64.54	34.03	1.314
20210515	65.17	33.4	1.315
20210516	64.53	31.87	3.487
20210517	nan	nan	nan
20210518	nan	nan	nan
20210519	nan	nan	nan
20210520	nan	nan	nan
20210521	nan	nan	nan
20210522	nan	nan	nan
20210523	57.79	25.98	16.11
20210524	57.72	25.9	16.27
20210525	56.77	26.41	16.7
20210526	nan	nan	nan
20210527	nan	nan	nan
20210528	nan	nan	nan
20210529	nan	nan	nan
20210530	44.65	27.4	27.82
20210531	44.7	27.43	27.75
20210601	42.01	26.51	31.37
20210602	39.11	19.44	41.34
20210603	31.97	25.95	41.98
20210604	31.36	23.33	45.21
20210605	32.22	21.94	45.73
20210606	28.95	22.51	48.43
20210607	28.95	22.49	48.45
20210608	28.47	19.52	51.9
20210609	27.44	17.51	54.94
20210610	26.99	15.9	57.01
20210611	27.32	15.44	57.12
20210612	28.05	12.45	59.38
20210613	nan	nan	nan
20210614	nan	nan	nan
20210615	nan	nan	nan
20210616	nan	nan	nan
20210617	nan	nan	nan
20210618	nan	nan	nan
20210619	nan	nan	nan
20210620	nan	nan	nan
20210621	nan	nan	nan
20210622	nan	nan	nan
20210623	nan	nan	nan
20210624	nan	nan	nan
20210625	nan	nan	nan
20210626	nan	nan	nan
20210627	nan	nan	nan
20210628	nan	nan	nan
20210629	nan	nan	nan
20210630	nan	nan	nan
20210701	nan	nan	nan
20210702	8.221	0.4973	91.17
20210703	5.619	0.41	93.87
20210704	4.098	0.5215	95.28
20210705	4.745	0.2465	94.91
20210706	5.468	0.2066	94.22
20210707	5.433	0.341	94.12
20210708	5.706	0.4234	93.77
20210709	7.199	0.3546	92.34
20210710	4.1	0.2205	95.58
20210711	4.714	0.2075	94.98
20210712	5.366	0.2274	94.3
20210713	6.584	0.1444	93.16
20210714	1.789	0.08396	98.02
20210715	4.729	0.4824	94.68
20210716	5.705	0.5025	93.69
20210717	6.883	0.7651	92.24
20210718	7.051	0.9556	91.88
20210719	7.116	1.228	91.55
20210720	8.228	1.169	90.49
20210721	nan	nan	nan
20210722	nan	nan	nan
20210723	nan	nan	nan
20210724	nan	nan	nan
20210725	nan	nan	nan
20210726	5.178	0.4588	94.24
20210727	1.76	0.2221	97.91
20210728	0.762	0.06292	99.07
20210729	1.195	0.1588	98.54
20210730	1.866	0.1596	97.87
20210731	2.888	0.1243	96.88
20210801	nan	nan	nan
20210802	nan	nan	nan
20210803	nan	nan	nan
20210804	nan	nan	nan
20210805	nan	nan	nan
20210806	3.932	0.2411	95.72
20210807	0.8101	0.02932	99.06
20210808	0.1217	0.01217	99.76
20210809	0.09681	0.003006	99.8
20210810	0.173	0.002059	99.72
20210811	2.223	1.045	96.63
20210812	2.204	1.046	96.65
20210813	2.043	0.9611	96.89
20210814	2.903	0.7676	96.22
20210815	nan	nan	nan
20210816	nan	nan	nan
20210817	nan	nan	nan
20210818	nan	nan	nan
20210819	nan	nan	nan
20210820	nan	nan	nan
20210821	nan	nan	nan
20210822	nan	nan	nan
20210823	nan	nan	nan
20210824	nan	nan	nan
20210825	nan	nan	nan
20210826	0.4123	0.01101	99.47
20210827	0.1846	0.01876	99.69
20210828	1.646	0.166	98.09
20210829	1.829	0.1668	97.9
20210830	1.832	0.167	97.9
20210831	2.091	0.4981	97.31
20210901	13.08	1.595	85.23
20210902	14.62	10.36	74.91
20210903	nan	nan	nan
20210904	nan	nan	nan
20210905	nan	nan	nan
20210906	nan	nan	nan
20210907	nan	nan	nan
20210908	nan	nan	nan
20210909	nan	nan	nan
20210910	nan	nan	nan
20210911	9.118	3.795	86.98
20210912	7.855	3.65	88.39
20210913	12.04	3.576	84.28
20210914	14.34	7.725	77.83
20210915	12.14	14.51	73.25
20210916	10.95	14.67	74.27
20210917	11.24	15.1	73.56
20210918	7.711	8.855	83.33
20210919	10.22	5.444	84.23
20210920	7.653	5.2	87.04
20210921	7.459	4.993	87.44
20210922	8.717	7.198	83.98
20210923	11.24	6.439	82.21
20210924	11.37	6.375	82.15
20210925	19.01	4.816	76.07
20210926	19.53	5.132	75.23
20210927	nan	nan	nan
20210928	nan	nan	nan
20210929	nan	nan	nan
20210930	6.376	0.9608	92.55
20211001	0.0	0.0	99.88
20211002	0.0	0.0	99.88
20211003	0.0	0.0	99.88
20211004	0.00167	0.0	99.88
20211005	5.01	1.36	93.52
20211006	3.894	1.189	94.8
20211007	nan	nan	nan
20211008	nan	nan	nan
20211009	nan	nan	nan
20211010	nan	nan	nan
20211011	nan	nan	nan
20211012	nan	nan	nan
20211013	nan	nan	nan
20211014	nan	nan	nan
20211015	nan	nan	nan
20211016	nan	nan	nan
20211017	nan	nan	nan
20211018	nan	nan	nan
20211019	22.51	74.18	3.211
20211020	22.33	74.88	2.685
20211021	22.47	74.68	2.744
20211022	24.48	72.88	2.541
20211023	23.96	73.19	2.747
20211024	24.1	73.06	2.74
20211025	25.25	72.05	2.596
20211026	17.91	80.64	1.33
20211027	18.35	80.27	1.271
20211028	10.7	86.7	2.494
20211029	8.997	84.56	6.341
20211030	8.378	84.93	6.577
20211031	7.697	84.46	7.739
20211101	6.967	83.96	8.963
20211102	7.575	80.99	11.33
20211103	7.506	81.03	11.35
20211104	9.435	78.95	11.5
20211105	nan	nan	nan
20211106	nan	nan	nan
20211107	nan	nan	nan
20211108	nan	nan	nan
20211109	nan	nan	nan
20211110	nan	nan	nan
20211111	nan	nan	nan
20211112	nan	nan	nan
20211113	nan	nan	nan
20211114	nan	nan	nan
20211115	nan	nan	nan
20211116	nan	nan	nan
20211117	nan	nan	nan
20211118	nan	nan	nan
20211119	nan	nan	nan
20211120	nan	nan	nan
20211121	nan	nan	nan
20211122	nan	nan	nan
20211123	nan	nan	nan
20211124	nan	nan	nan
20211125	nan	nan	nan
20211126	nan	nan	nan
20211127	nan	nan	nan
20211128	nan	nan	nan
20211129	nan	nan	nan
20211130	nan	nan	nan
20211201	nan	nan	nan
20211202	nan	nan	nan
20211203	nan	nan	nan
20211204	nan	nan	nan
20211205	nan	nan	nan
20211206	nan	nan	nan
20211207	nan	nan	nan
20211208	nan	nan	nan
20211209	nan	nan	nan
20211210	nan	nan	nan
20211211	nan	nan	nan
20211212	nan	nan	nan
20211213	nan	nan	nan
20211214	nan	nan	nan
20211215	nan	nan	nan
20211216	nan	nan	nan
20211217	nan	nan	nan
20211218	nan	nan	nan
20211219	nan	nan	nan
20211220	nan	nan	nan
20211221	nan	nan	nan
20211222	nan	nan	nan
20211223	nan	nan	nan
20211224	nan	nan	nan
20211225	nan	nan	nan
20211226	nan	nan	nan
20211227	nan	nan	nan
20211228	nan	nan	nan
20211229	nan	nan	nan
20211230	nan	nan	nan
20211231	nan	nan	nan
20220101	nan	nan	nan
20220102	nan	nan	nan
20220103	nan	nan	nan
20220104	nan	nan	nan
20220105	nan	nan	nan
20220106	nan	nan	nan
20220107	nan	nan	nan
20220108	nan	nan	nan
20220109	nan	nan	nan
20220110	nan	nan	nan
20220111	nan	nan	nan
20220112	nan	nan	nan
20220113	nan	nan	nan
20220114	nan	nan	nan
20220115	nan	nan	nan
20220116	nan	nan	nan
20220117	nan	nan	nan
20220118	nan	nan	nan
20220119	nan	nan	nan
20220120	nan	nan	nan
20220121	nan	nan	nan
20220122	nan	nan	nan
20220123	nan	nan	nan
20220124	nan	nan	nan
20220125	nan	nan	nan
20220126	nan	nan	nan
20220127	nan	nan	nan
20220128	nan	nan	nan
20220129	nan	nan	nan
20220130	nan	nan	nan
20220131	nan	nan	nan
20220201	nan	nan	nan
20220202	nan	nan	nan
20220203	nan	nan	nan
20220204	nan	nan	nan
20220205	nan	nan	nan
20220206	nan	nan	nan
20220207	nan	nan	nan
20220208	nan	nan	nan
20220209	nan	nan	nan
20220210	nan	nan	nan
20220211	nan	nan	nan
20220212	nan	nan	nan
20220213	nan	nan	nan
20220214	nan	nan	nan
20220215	nan	nan	nan
20220216	nan	nan	nan
20220217	nan	nan	nan
20220218	nan	nan	nan
20220219	nan	nan	nan
20220220	nan	nan	nan
20220221	nan	nan	nan
20220222	0.2006	98.56	1.119
20220223	0.1977	98.81	0.877
20220224	0.06956	99.1	0.7087
20220225	0.2317	98.95	0.7058
20220226	0.2317	98.95	0.7058
20220227	1.114	97.61	1.165
20220228	1.12	97.74	1.021
20220301	1.883	96.92	1.069
20220302	nan	nan	nan
20220303	nan	nan	nan
20220304	nan	nan	nan
20220305	nan	nan	nan
20220306	nan	nan	nan
20220307	nan	nan	nan
20220308	nan	nan	nan
20220309	nan	nan	nan
20220310	nan	nan	nan
20220311	nan	nan	nan
20220312	nan	nan	nan
20220313	nan	nan	nan
20220314	1.623	98.21	0.04609
20220315	1.634	98.19	0.05519
20220316	2.051	97.84	0.007867
20220317	2.051	97.84	0.007867
20220318	5.52	94.16	0.2192
20220319	5.505	94.16	0.2352
20220320	18.73	81.1	0.06814
20220321	27.72	72.1	0.0838
20220322	27.59	71.78	0.528
20220323	28.55	70.79	0.5485
20220324	28.56	70.77	0.569
20220325	36.15	63.21	0.5243
20220326	26.06	73.14	0.6882
20220327	nan	nan	nan
20220328	21.08	78.69	0.1242
20220329	21.17	78.62	0.1027
20220330	21.07	78.72	0.09974
20220331	20.75	78.69	0.4464
20220401	20.49	78.96	0.4443
20220402	20.69	78.56	0.6356
20220403	20.68	78.56	0.6394
20220404	nan	nan	nan
20220405	nan	nan	nan
20220406	nan	nan	nan
20220407	nan	nan	nan
20220408	nan	nan	nan
20220409	nan	nan	nan
20220410	nan	nan	nan
20220411	nan	nan	nan
20220412	nan	nan	nan
20220413	nan	nan	nan
20220414	nan	nan	nan
20220415	nan	nan	nan
20220416	nan	nan	nan
20220417	nan	nan	nan
20220418	nan	nan	nan
20220419	nan	nan	nan
20220420	nan	nan	nan
20220421	nan	nan	nan
20220422	nan	nan	nan
20220423	56.64	42.16	1.092
20220424	56.77	42.03	1.092
20220425	56.77	42.01	1.109
20220426	75.62	23.53	0.7544
20220427	75.92	23.45	0.5282
20220428	73.63	25.74	0.5255
20220429	73.63	25.74	0.5255
20220430	nan	nan	nan
20220501	nan	nan	nan
20220502	nan	nan	nan
20220503	nan	nan	nan
20220504	nan	nan	nan
20220505	nan	nan	nan
20220506	nan	nan	nan
20220507	nan	nan	nan
20220508	nan	nan	nan
20220509	nan	nan	nan
20220510	nan	nan	nan
20220511	nan	nan	nan
20220512	nan	nan	nan
20220513	nan	nan	nan
20220514	nan	nan	nan
20220515	nan	nan	nan
20220516	nan	nan	nan
20220517	nan	nan	nan
20220518	nan	nan	nan
20220519	32.25	63.9	3.742
20220520	30.89	63.58	5.424
20220521	30.92	63.6	5.373
20220522	36.43	57.36	6.097
20220523	35.6	53.85	10.44
20220524	52.06	37.52	10.31
20220525	38.68	47.48	13.73
20220526	38.86	47.29	13.74
20220527	46.09	39.97	13.83
20220528	46.08	39.83	13.99
20220529	48.32	37.04	14.54
20220530	47.57	28.93	23.4
20220531	33.33	40.04	26.52
20220601	40.83	29.89	29.16
20220602	39.39	26.76	33.74
20220603	39.15	26.36	34.38
20220604	39.16	25.15	35.58
20220605	38.19	24.93	36.76
20220606	29.18	28.39	42.31
20220607	30.83	24.86	44.19
20220608	36.56	18.7	44.62
20220609	37.26	15.88	46.74
20220610	31.39	20.81	47.68
20220611	31.44	20.76	47.68
20220612	31.66	20.02	48.2
20220613	nan	nan	nan
20220614	nan	nan	nan
20220615	nan	nan	nan
20220616	nan	nan	nan
20220617	nan	nan	nan
20220618	nan	nan	nan
20220619	nan	nan	nan
20220620	nan	nan	nan
20220621	nan	nan	nan
20220622	nan	nan	nan
20220623	nan	nan	nan
20220624	nan	nan	nan
20220625	19.42	4.873	75.6
20220626	16.86	4.428	78.61
20220627	14.18	3.91	81.81
20220628	8.919	2.529	88.45
20220629	10.77	2.231	86.9
20220630	9.231	2.059	88.61
20220701	6.259	1.292	92.35
20220702	6.029	0.6011	93.27
20220703	5.62	0.3823	93.89
20220704	6.564	0.7892	92.54
20220705	5.766	0.63	93.5
20220706	6.323	0.6507	92.92
20220707	7.12	0.5411	92.24
20220708	7.156	0.5371	92.2
20220709	nan	nan	nan
20220710	nan	nan	nan
20220711	nan	nan	nan
20220712	2.937	0.1694	96.79
20220713	2.898	0.1564	96.84
20220714	4.468	0.4423	94.98
20220715	4.47	0.4425	94.98
20220716	5.414	0.5481	93.93
20220717	5.454	0.5522	93.89
20220718	5.824	0.7049	93.36
20220719	nan	nan	nan
20220720	nan	nan	nan
20220721	nan	nan	nan
20220722	nan	nan	nan
20220723	nan	nan	nan
20220724	nan	nan	nan
20220725	nan	nan	nan
20220726	nan	nan	nan
20220727	nan	nan	nan
20220728	nan	nan	nan
20220729	1.331	0.07034	98.49
20220730	0.3319	0.02202	99.54
20220731	1.284	0.01614	98.6
20220801	0.4878	0.005065	99.41
20220802	0.5256	0.005066	99.37
20220803	0.3997	0.005059	99.49
20220804	1.237	0.1026	98.56
20220805	2.081	0.1013	97.72
20220806	0.3198	0.03226	99.55
20220807	0.3072	0.03226	99.56
20220808	0.316	0.03318	99.55
20220809	2.574	0.1602	97.16
20220810	2.666	0.166	97.06
20220811	2.921	0.9183	96.05
20220812	4.093	0.8563	94.94
20220813	nan	nan	nan
20220814	nan	nan	nan
20220815	nan	nan	nan
20220816	nan	nan	nan
20220817	nan	nan	nan
20220818	1.174	0.274	98.44
20220819	2.584	0.2836	97.01
20220820	2.586	0.2839	97.01
20220821	2.638	0.2922	96.95
20220822	2.464	0.2895	97.12
20220823	2.314	0.2782	97.28
