Date	WetSnow	DrySnow	BareGround
20140920	0.7383	0.716	0.2974
20140921	0.6917	0.5117	48.59
20140922	0.6886	0.4788	59.99
20140923	0.666	0.4532	62.64
20140924	0.6513	0.4532	63.24
20140925	0.6513	0.4532	63.29
20140926	0.6513	0.4532	63.29
20140927	0.6513	0.4432	64.33
20140928	0.6126	0.4145	73.44
20140929	0.6031	0.4145	73.54
20140930	0.5966	0.3796	76.59
20141001	0.4371	0.331	77.09
20141002	0.4319	0.319	80.02
20141003	0.3748	0.3053	85.19
20141004	19.35	0.02156	75.04
20141005	20.88	0.7324	73.97
20141006	8.473	0.334	90.23
20141007	7.457	0.3183	91.46
20141008	6.882	0.2399	92.22
20141009	6.313	0.1869	92.95
20141010	4.98	0.1578	94.5
20141011	4.597	0.1253	94.94
20141012	4.136	0.1167	95.47
20141013	4.121	0.1167	95.49
20141014	4.121	0.1167	95.45
20141015	4.077	0.1167	95.5
20141016	3.851	0.116	95.51
20141017	12.9	7.183	78.46
20141018	12.71	7.139	78.16
20141019	12.14	6.974	78.74
20141020	11.9	6.949	78.99
20141021	11.69	6.868	77.56
20141022	10.8	6.478	78.33
20141023	10.7	6.478	72.64
20141024	9.868	6.19	73.49
20141025	9.868	6.19	73.22
20141026	9.852	6.19	71.44
20141027	9.848	6.19	70.74
20141028	9.399	4.911	70.59
20141029	9.039	4.645	68.65
20141030	8.703	4.502	66.99
20141031	8.284	20.4	58.01
20141101	8.244	20.39	57.78
20141102	7.21	20.14	53.78
20141103	9.027	24.15	49.63
20141104	8.269	23.91	46.36
20141105	8.265	23.81	46.98
20141106	8.265	23.81	46.97
20141107	35.0	20.0	29.31
20141108	35.0	19.97	29.28
20141109	35.54	19.85	28.48
20141110	39.19	18.95	24.41
20141111	38.88	15.09	22.99
20141112	38.88	15.01	22.98
20141113	38.6	14.79	22.08
20141114	40.07	14.2	21.16
20141115	39.79	13.65	19.94
20141116	37.7	0.4484	0.0
20141117	37.7	0.4484	0.0
20141118	20.83	0.4484	0.0
20141119	30.37	0.3792	0.0
20141120	30.09	0.3792	0.0
20141121	26.75	0.4576	0.0
20141122	29.11	0.408	0.0
20141123	29.11	0.408	0.0
20141124	29.11	0.408	0.0
20141125	18.02	0.408	0.0
20141126	19.55	0.4508	0.0
20141127	19.55	0.4508	0.0
20141128	19.55	0.4508	0.0
20141129	20.25	0.435	0.0
20141130	14.22	0.435	0.0
20141201	23.82	0.4757	0.0
20141202	22.3	0.4757	0.0
20141203	18.6	0.485	0.0
20141204	19.21	0.4525	0.0
20141205	19.21	0.4525	0.0
20141206	19.21	0.4525	0.0
20141207	15.67	0.4525	0.0
20141208	17.18	0.4781	0.0
20141209	17.18	0.4781	0.0
20141210	14.1	0.4781	0.0
20141211	14.1	0.4781	0.0
20141212	5.671	0.4781	0.0
20141213	5.671	0.4781	0.0
20141214	5.326	0.4781	0.0
20141215	6.877	0.4881	0.0
20141216	10.83	0.4809	0.0
20141217	10.83	0.4809	0.0
20141218	10.83	0.4809	0.0
20141219	9.187	0.4809	0.0
20141220	14.0	0.4881	0.0
20141221	14.0	0.4881	0.0
20141222	14.0	0.4881	0.0
20141223	14.0	0.4881	0.0
20141224	14.0	0.4881	0.0
20141225	14.0	0.4881	0.0
20141226	13.67	0.4881	0.0
20141227	11.31	0.4891	0.0
20141228	12.99	0.4874	0.0
20141229	12.99	0.4874	0.0
20141230	12.99	0.4874	0.0
20141231	8.61	0.4874	0.0
20150101	27.25	0.4747	0.0
20150102	27.25	0.4747	0.0
20150103	27.25	0.4747	0.0
20150104	31.03	0.4833	0.0
20150105	31.03	0.4833	0.0
20150106	31.03	0.4833	0.0
20150107	29.65	0.4833	0.0
20150108	24.65	0.4891	0.0
20150109	24.79	0.4857	0.0
20150110	24.79	0.4857	0.0
20150111	24.79	0.4857	0.0
20150112	7.514	0.4857	0.0
20150113	9.6	0.4891	0.0
20150114	9.6	0.4891	0.0
20150115	2.825	0.4891	0.0
20150116	3.36	0.4867	0.0
20150117	3.36	0.4867	0.0
20150118	3.36	0.4867	0.0
20150119	3.312	0.4867	0.0
20150120	3.142	0.4867	0.0
20150121	5.279	0.4877	0.0
20150122	5.279	0.4877	0.0
20150123	5.279	0.4877	0.0
20150124	4.172	0.4877	0.0
20150125	4.172	0.4877	0.0
20150126	4.172	0.4877	0.0
20150127	3.971	0.4877	0.0
20150128	3.971	0.4877	0.0
20150129	3.971	0.4877	0.0
20150130	10.3	0.4891	0.0
20150131	10.3	0.4891	0.0
20150201	9.975	0.4891	0.0
20150202	9.975	0.4891	0.0
20150203	9.975	0.4891	0.0
20150204	9.975	0.4891	0.0
20150205	9.841	0.4891	0.8916
20150206	9.826	9.709	0.9001
20150207	9.778	9.709	1.191
20150208	9.778	9.709	1.191
20150209	9.778	9.709	1.191
20150210	4.281	9.686	1.191
20150211	4.218	9.572	2.616
20150212	4.218	9.572	2.633
20150213	4.449	43.95	1.88
20150214	6.533	60.39	1.548
20150215	6.533	60.39	1.548
20150216	5.913	58.83	4.537
20150217	5.902	58.73	4.537
20150218	5.861	58.53	4.697
20150219	5.861	58.53	4.697
20150220	5.852	58.53	4.714
20150221	5.792	58.47	4.873
20150222	5.744	57.98	4.582
20150223	5.403	56.9	6.696
20150224	5.374	52.92	6.748
20150225	5.214	49.62	6.767
20150226	4.891	58.8	5.119
20150227	4.794	56.49	4.889
20150228	4.794	56.49	4.889
20150301	4.727	53.0	4.758
20150302	3.505	63.25	4.417
20150303	3.473	63.12	4.387
20150304	3.314	61.44	6.131
20150305	0.7715	93.21	1.833
20150306	0.7653	92.57	1.842
20150307	0.7653	92.49	1.842
20150308	0.7547	92.24	2.059
20150309	0.7543	92.0	2.101
20150310	1.22	92.23	1.796
20150311	1.22	92.2	1.824
20150312	1.198	91.86	2.187
20150313	1.182	91.37	2.161
20150314	4.879	89.98	1.728
20150315	4.819	88.85	2.895
20150316	4.669	86.82	4.336
20150317	4.654	86.67	4.499
20150318	4.654	86.67	4.499
20150319	15.01	77.95	3.153
20150320	14.73	77.39	3.942
20150321	14.44	78.36	3.359
20150322	14.59	78.21	3.357
20150323	14.59	78.2	3.357
20150324	14.52	78.07	3.579
20150325	14.52	78.07	3.579
20150326	10.71	84.79	1.443
20150327	10.39	75.76	1.295
20150328	10.34	75.36	1.383
20150329	10.32	75.3	1.383
20150330	9.985	74.86	1.383
20150331	9.596	69.9	1.316
20150401	9.473	69.11	1.418
20150402	9.137	70.89	1.249
20150403	9.12	70.46	1.242
20150404	8.705	68.8	1.222
20150405	8.621	67.87	1.221
20150406	6.295	52.49	1.035
20150407	13.21	48.61	1.049
20150408	12.27	44.03	0.9833
20150409	12.27	44.03	0.9833
20150410	18.54	46.53	0.6886
20150411	18.54	46.51	0.7057
20150412	14.09	47.3	0.1489
20150413	13.99	37.05	0.1489
20150414	14.09	37.2	0.1468
20150415	5.003	69.85	0.01574
20150416	5.003	69.85	0.01574
20150417	5.003	69.43	0.01574
20150418	3.678	69.43	0.01574
20150419	3.678	69.35	0.09275
20150420	3.678	69.32	0.127
20150421	3.574	69.01	0.1359
20150422	28.29	54.04	0.1444
20150423	28.16	50.96	0.3809
20150424	22.81	74.85	0.5658
20150425	22.7	74.7	0.8266
20150426	7.285	91.33	0.5747
20150427	6.458	92.74	0.5079
20150428	6.458	92.74	0.5079
20150429	6.429	92.33	0.9375
20150430	6.427	92.07	1.201
20150501	7.657	90.74	1.302
20150502	7.635	90.48	1.59
20150503	7.635	90.48	1.59
20150504	11.56	86.85	1.417
20150505	11.55	86.84	1.417
20150506	52.47	46.04	1.347
20150507	52.46	45.81	1.52
20150508	68.56	29.77	1.555
20150509	71.18	27.19	1.535
20150510	71.06	25.0	3.88
20150511	70.76	20.62	6.115
20150512	70.72	20.34	6.079
20150513	65.63	24.55	6.0
20150514	65.63	24.55	6.0
20150515	64.74	23.42	6.471
20150516	54.47	35.24	9.938
20150517	54.41	35.07	10.19
20150518	51.31	37.13	11.43
20150519	51.29	37.09	11.43
20150520	51.48	36.73	11.6
20150521	56.51	31.73	11.51
20150522	56.43	31.51	11.62
20150523	56.4	31.33	11.74
20150524	56.33	31.3	11.74
20150525	56.33	31.27	11.78
20150526	55.45	28.2	16.04
20150527	55.24	26.94	16.52
20150528	55.24	26.84	16.5
20150529	55.01	24.05	16.58
20150530	54.98	23.98	16.72
20150531	54.37	22.09	16.59
20150601	45.29	29.45	20.14
20150602	47.02	27.96	19.95
20150603	46.26	26.93	22.22
20150604	46.13	26.3	23.29
20150605	46.09	25.99	23.64
20150606	35.96	24.42	24.1
20150607	35.66	23.64	23.42
20150608	35.3	22.89	27.58
20150609	38.74	20.28	26.65
20150610	38.55	20.1	26.63
20150611	38.43	20.73	28.69
20150612	38.0	17.19	27.79
20150613	37.88	17.71	29.43
20150614	37.71	15.43	29.26
20150615	37.09	15.04	31.44
20150616	36.96	14.94	31.88
20150617	36.48	12.29	32.72
20150618	35.57	11.69	36.96
20150619	35.14	10.0	36.66
20150620	34.05	8.788	42.88
20150621	33.81	8.603	43.6
20150622	32.89	6.423	46.31
20150623	32.71	5.836	45.45
20150624	31.6	5.163	44.3
20150625	28.37	5.202	42.51
20150626	28.3	4.885	43.0
20150627	27.2	4.365	46.83
20150628	26.23	4.132	47.82
20150629	24.95	3.207	51.22
20150630	21.94	8.695	59.34
20150701	18.04	7.501	67.51
20150702	18.01	7.456	67.5
20150703	21.27	6.512	64.63
20150704	21.18	6.495	64.74
20150705	21.16	6.495	64.78
20150706	20.93	6.415	64.78
20150707	21.08	6.144	64.02
20150708	21.41	5.923	63.63
20150709	19.99	5.816	65.92
20150710	17.79	5.256	70.22
20150711	16.7	3.288	70.73
20150712	17.15	1.485	60.12
20150713	10.81	1.327	82.62
20150714	9.406	1.233	85.11
20150715	13.95	2.071	80.43
20150716	13.95	2.071	80.43
20150717	14.74	1.993	79.72
20150718	13.93	1.97	80.52
20150719	13.49	2.535	80.01
20150720	14.27	2.366	79.29
20150721	11.69	1.628	82.0
20150722	11.08	1.401	83.3
20150723	9.245	1.287	85.72
20150724	11.17	1.741	82.26
20150725	10.7	1.619	80.94
20150726	10.02	1.393	76.32
20150727	11.33	1.412	75.04
20150728	8.138	1.115	83.85
20150729	10.59	1.007	80.97
20150730	10.45	0.9056	80.5
20150731	10.1	0.9056	80.58
20150801	10.24	0.8361	78.7
20150802	9.881	0.5812	69.65
20150803	9.658	0.371	59.21
20150804	8.337	0.1633	63.88
20150805	7.795	0.2184	68.13
20150806	7.795	0.2184	68.13
20150807	6.704	0.2033	73.54
20150808	7.708	0.1811	54.04
20150809	4.833	0.166	69.46
20150810	3.193	0.1451	85.82
20150811	3.193	0.1451	85.85
20150812	4.588	0.1694	88.5
20150813	6.44	0.5442	86.62
20150814	6.352	0.5442	86.8
20150815	2.147	0.1434	95.93
20150816	0.6879	0.06811	98.53
20150817	0.8988	0.1475	98.71
20150818	0.3382	0.04484	99.39
20150819	0.1434	0.03423	99.71
20150820	1.218	0.1835	98.52
20150821	0.1047	0.04381	99.8
20150822	0.051	0.02225	99.9
20150823	0.05065	0.02225	99.9
20150824	0.8659	0.2208	98.84
20150825	1.084	0.2896	98.56
20150826	0.6931	0.2108	99.03
20150827	0.6838	0.2108	99.01
20150828	0.6835	0.2108	99.01
20150829	2.48	0.2553	97.17
20150830	2.251	0.2471	97.4
20150831	2.124	0.2365	97.49
20150901	4.12	0.2981	95.36
20150902	4.117	0.2981	94.73
20150903	4.117	0.2981	94.5
20150904	4.109	0.2909	91.94
20150905	6.073	0.2865	62.05
20150906	6.595	1.25	53.84
20150907	6.4	1.242	43.29
20150908	6.369	1.221	42.6
20150909	6.252	1.171	40.78
20150910	1.832	0.4518	96.89
20150911	0.3354	0.2368	99.1
20150912	0.1646	0.1414	99.46
20150913	0.9193	0.3467	98.57
20150914	0.1951	0.1479	99.5
20150915	0.1944	0.1479	99.51
20150916	0.1708	0.1414	99.55
20150917	2.021	0.7116	97.1
20150918	2.749	1.537	95.55
20150919	2.632	1.522	95.68
20150920	2.632	1.522	95.68
20150921	1.796	1.221	96.71
20150922	1.624	1.182	96.83
20150923	2.77	1.008	95.69
20150924	0.9843	0.346	97.84
20150925	3.95	0.5065	90.31
20150926	3.95	0.5065	90.23
20150927	5.787	0.4983	89.1
20150928	5.644	0.4138	89.14
20150929	5.638	0.4323	89.29
20150930	6.334	4.618	86.36
20151001	6.32	4.605	86.38
20151002	6.32	4.605	85.52
20151003	6.304	4.562	85.28
20151004	7.054	23.74	66.3
20151005	6.647	58.61	31.87
20151006	6.493	55.15	31.83
20151007	6.349	52.2	35.19
20151008	6.213	49.47	38.43
20151009	6.097	47.42	40.81
20151010	5.978	44.41	44.01
20151011	7.198	61.67	28.87
20151012	14.75	61.22	22.29
20151013	14.72	60.81	22.68
20151014	14.72	60.81	22.55
20151015	14.61	59.34	23.97
20151016	15.69	58.26	23.89
20151017	17.68	52.81	26.93
20151018	17.22	49.74	30.14
20151019	16.47	43.66	36.3
20151020	16.47	41.52	37.23
20151021	16.19	32.56	33.24
20151022	15.65	14.61	32.69
20151023	13.76	16.35	32.23
20151024	14.25	14.94	31.72
20151025	14.22	14.89	32.16
20151026	14.14	13.96	31.36
20151027	12.68	11.0	31.67
20151028	7.008	38.72	20.81
20151029	6.7	44.05	18.95
20151030	6.254	40.67	24.7
20151031	8.651	52.1	18.17
20151101	8.626	52.09	18.02
20151102	8.499	51.81	17.42
20151103	7.989	49.25	20.56
20151104	19.09	47.67	16.92
20151105	18.73	63.28	9.954
20151106	18.73	63.28	9.954
20151107	18.69	63.27	9.82
20151108	18.67	62.43	9.681
20151109	18.66	62.08	9.629
20151110	18.5	60.04	6.657
20151111	16.89	57.49	6.432
20151112	17.33	57.11	6.361
20151113	17.16	55.48	5.809
20151114	16.88	49.62	1.679
20151115	14.29	43.19	1.34
20151116	13.21	0.3614	0.0
20151117	13.79	0.3471	0.0
20151118	13.79	0.3471	0.0
20151119	13.79	0.3471	0.0
20151120	13.79	0.3471	0.0
20151121	13.03	0.3471	0.0
20151122	19.87	0.4049	0.0
20151123	15.9	0.4049	0.0
20151124	16.13	0.3806	0.0
20151125	15.44	0.3806	0.0
20151126	15.72	0.4278	0.0
20151127	14.86	0.4278	0.0
20151128	14.69	0.4408	0.0
20151129	14.8	0.4271	0.0
20151130	14.8	0.4271	0.0
20151201	14.8	0.4271	0.0
20151202	14.8	0.4271	0.0
20151203	7.614	0.4271	0.0
20151204	7.611	0.4641	0.0
20151205	6.934	0.4641	0.0
20151206	7.153	0.4237	0.0
20151207	6.716	0.4237	0.0
20151208	6.878	0.4836	0.0
20151209	5.273	0.4836	0.0
20151210	0.8875	0.4829	0.0
20151211	0.8875	0.4829	0.0
20151212	0.8875	0.4829	0.0
20151213	0.8875	0.4829	0.0
20151214	0.8875	0.4829	0.0
20151215	0.8379	0.4829	0.0
20151216	0.8437	0.4778	0.0
20151217	0.42	0.4778	0.0
20151218	0.4374	0.471	0.0
20151219	0.1848	0.471	0.0
20151220	13.18	0.3737	0.0
20151221	13.1	0.3737	0.0
20151222	15.61	0.459	0.0
20151223	16.7	0.4617	0.0
20151224	16.7	0.4617	0.0
20151225	16.7	0.4617	0.0
20151226	16.7	0.4617	0.0
20151227	16.7	0.4617	0.0
20151228	16.68	0.4836	0.0
20151229	16.67	0.4836	0.0
20151230	16.69	0.472	0.0
20151231	9.2	0.472	0.0
20160101	9.188	0.4891	0.0
20160102	5.693	0.4891	0.0
20160103	0.383	0.4891	0.0
20160104	0.3991	0.4802	0.0
20160105	0.3991	0.4802	0.0
20160106	0.3991	0.4802	0.0
20160107	0.3991	0.4802	0.0
20160108	0.321	0.4802	0.0
20160109	0.318	0.4891	0.0
20160110	0.1133	0.4891	0.0
20160111	2.121	0.4833	0.0
20160112	2.106	0.4833	0.0
20160113	10.56	0.4891	0.0
20160114	10.53	0.4891	0.0
20160115	10.53	0.4891	0.0
20160116	10.56	0.4853	0.0
20160117	10.56	0.4853	0.0
20160118	10.56	0.4853	0.0
20160119	10.56	0.4853	0.0
20160120	10.55	0.4853	0.0
20160121	10.55	0.4891	0.0
20160122	10.11	0.4891	0.0
20160123	10.11	0.4887	0.0
20160124	1.112	0.4887	0.0
20160125	3.101	0.4891	0.0
20160126	2.498	0.4891	0.0
20160127	2.317	0.4891	0.0
20160128	2.317	0.4891	0.0
20160129	2.317	0.4891	0.0
20160130	2.317	0.4891	0.0
20160131	2.317	0.4891	0.0
20160201	2.253	0.4891	0.0
20160202	2.253	0.4891	0.0
20160203	2.229	0.4891	0.0
20160204	2.31	0.4891	0.0
20160205	0.1208	0.4891	0.205
20160206	3.24	0.4891	0.1687
20160207	3.143	0.4829	1.225
20160208	3.165	3.697	1.201
20160209	3.177	9.316	1.17
20160210	3.177	9.316	1.204
20160211	3.177	9.316	1.23
20160212	3.177	9.316	1.23
20160213	3.177	9.316	1.23
20160214	2.265	22.4	1.149
20160215	2.238	22.36	1.314
20160216	1.873	38.48	1.132
20160217	1.791	38.48	1.132
20160218	1.272	38.47	0.6852
20160219	1.254	37.8	0.7704
20160220	1.252	40.23	0.7701
20160221	0.9019	52.38	0.7519
20160222	0.7988	51.95	1.47
20160223	0.7988	51.95	1.47
20160224	0.7988	51.84	1.599
20160225	0.7988	50.44	1.842
20160226	0.04929	91.71	0.6393
20160227	0.04757	90.91	1.45
20160228	1.981	89.54	1.183
20160229	1.981	89.52	1.2
20160301	1.484	97.98	0.2009
20160302	1.484	97.98	0.2009
20160303	1.506	97.96	0.2009
20160304	0.8498	98.7	0.2379
20160305	0.8498	98.51	0.4336
20160306	0.8498	98.51	0.4336
20160307	0.8498	98.47	0.4336
20160308	0.8498	96.77	0.4336
20160309	0.02499	97.01	1.992
20160310	0.02499	96.98	2.018
20160311	1.805	96.66	1.462
20160312	1.805	96.66	1.462
20160313	1.805	96.66	1.462
20160314	1.799	96.62	1.505
20160315	12.91	85.53	1.442
20160316	19.98	78.63	1.247
20160317	19.97	78.56	1.321
20160318	19.97	78.5	1.387
20160319	19.97	78.43	1.429
20160320	19.97	78.08	1.429
20160321	20.41	77.16	0.3251
20160322	20.37	68.95	0.2779
20160323	20.81	69.38	0.2362
20160324	20.6	68.43	0.5815
20160325	15.01	74.6	0.3453
20160326	14.53	74.39	0.321
20160327	14.23	73.9	0.3197
20160328	11.24	78.69	0.4035
20160329	11.12	78.48	0.4121
20160330	10.89	77.98	0.8077
20160331	10.68	77.66	0.9943
20160401	10.51	76.76	1.581
20160402	2.259	95.79	0.5955
20160403	2.259	95.79	0.5955
20160404	0.677	97.63	0.4614
20160405	0.6749	97.41	0.6808
20160406	1.558	96.51	0.7081
20160407	1.558	96.51	0.7081
20160408	2.32	95.76	0.6921
20160409	2.521	95.56	0.6921
20160410	2.521	95.56	0.6921
20160411	2.521	95.54	0.7177
20160412	2.521	95.54	0.7177
20160413	2.519	93.33	0.8444
20160414	8.019	87.14	0.6869
20160415	8.012	80.55	0.7222
20160416	7.723	64.35	0.6708
20160417	7.524	54.46	0.5654
20160418	1.841	96.86	0.2399
20160419	1.787	96.34	0.8242
20160420	3.417	94.77	0.9114
20160421	0.3221	98.81	0.6243
20160422	0.3221	98.81	0.6243
20160423	0.3221	98.74	0.6907
20160424	0.3221	98.35	1.063
20160425	0.2899	97.93	1.534
20160426	0.4542	97.9	1.431
20160427	0.4535	97.9	1.431
20160428	43.07	53.21	3.703
20160429	42.81	52.8	4.373
20160430	58.95	34.47	6.582
20160501	58.76	33.83	7.411
20160502	47.75	43.17	9.081
20160503	46.91	43.89	9.195
20160504	46.91	43.89	9.195
20160505	46.91	43.89	9.195
20160506	46.86	43.73	9.337
20160507	46.86	43.69	9.371
20160508	49.21	40.61	10.1
20160509	49.16	39.98	10.33
20160510	51.8	36.96	10.74
20160511	51.71	36.2	10.6
20160512	51.99	35.08	10.72
20160513	50.75	23.56	9.838
20160514	40.01	29.93	13.09
20160515	41.28	28.76	13.5
20160516	41.28	28.76	13.5
20160517	40.65	25.55	16.07
20160518	40.51	25.22	16.78
20160519	39.97	24.55	19.31
20160520	35.63	31.02	22.27
20160521	35.11	30.68	22.2
20160522	38.1	28.36	27.4
20160523	37.69	28.12	27.4
20160524	37.9	27.21	28.38
20160525	37.34	24.05	28.02
20160526	29.0	29.08	36.01
20160527	28.73	24.02	45.69
20160528	28.53	23.82	46.02
20160529	26.74	21.1	51.45
20160530	24.43	17.86	57.12
20160531	22.54	15.71	61.63
20160601	23.56	14.31	62.02
20160602	20.69	12.83	66.18
20160603	27.17	11.97	60.61
20160604	27.13	11.78	60.71
20160605	31.12	10.37	58.15
20160606	30.44	9.078	59.18
20160607	30.29	6.423	58.51
20160608	31.24	6.173	57.71
20160609	31.21	5.51	57.51
20160610	29.49	4.25	59.63
20160611	28.21	3.54	60.99
20160612	29.54	3.768	59.34
20160613	29.99	3.159	53.35
20160614	29.82	2.464	53.04
20160615	41.77	2.798	45.16
20160616	41.4	2.747	45.09
20160617	41.29	2.458	42.95
20160618	41.27	2.442	43.02
20160619	41.12	2.416	42.95
20160620	41.12	2.416	42.95
20160621	40.93	2.222	34.71
20160622	40.57	1.818	6.729
20160623	38.51	1.753	12.76
20160624	33.89	1.177	25.32
20160625	30.81	0.9481	35.13
20160626	0.8053	0.01643	75.16
20160627	0.5692	0.0	82.27
20160628	0.5692	0.0	82.27
20160629	11.15	0.1742	78.28
20160630	8.351	0.1379	82.89
20160701	9.169	0.5466	83.08
20160702	8.403	0.5223	84.59
20160703	7.64	0.4696	86.16
20160704	6.507	0.4576	87.93
20160705	6.391	0.4576	87.91
20160706	8.717	0.5353	85.46
20160707	9.176	2.459	81.88
20160708	7.827	2.367	82.04
20160709	9.059	2.303	81.02
20160710	8.134	2.283	79.78
20160711	7.314	1.48	75.16
20160712	4.344	0.779	86.47
20160713	4.055	0.8197	86.02
20160714	5.367	1.041	82.11
20160715	4.956	0.8029	79.45
20160716	4.956	0.8029	79.45
20160717	4.55	0.7797	80.72
20160718	6.925	0.4443	78.48
20160719	6.861	0.5206	78.76
20160720	6.051	0.472	81.68
20160721	2.683	0.2146	96.1
20160722	0.1349	0.04757	99.72
20160723	0.8084	0.3895	98.67
20160724	0.6999	0.2786	98.87
20160725	1.495	0.2499	98.1
20160726	1.701	0.2656	97.87
20160727	1.638	0.2656	97.99
20160728	1.638	0.2656	97.99
20160729	1.394	0.2577	98.24
20160730	1.45	0.2735	98.18
20160731	2.11	0.3217	97.47
20160801	2.1	0.3217	97.41
20160802	3.727	0.2348	93.63
20160803	3.654	0.2149	90.91
20160804	2.641	0.5206	93.51
20160805	0.8649	0.3139	97.59
20160806	2.317	0.473	94.49
20160807	3.412	0.4501	93.07
20160808	3.412	0.4501	93.07
20160809	3.412	0.4501	91.76
20160810	1.991	0.2769	91.94
20160811	4.586	0.2447	89.08
20160812	4.993	0.3159	88.7
20160813	4.255	0.2553	91.69
20160814	5.1	0.218	92.01
20160815	4.292	0.1482	91.61
20160816	1.471	0.295	95.26
20160817	0.1088	0.06777	99.7
20160818	0.3888	0.3453	99.17
20160819	0.7752	0.3166	98.82
20160820	0.4497	0.2273	99.23
20160821	0.4412	0.2273	99.23
20160822	0.06708	0.06537	99.85
20160823	2.47	0.2659	97.25
20160824	1.846	0.3566	97.78
20160825	1.814	0.3566	97.81
20160826	3.912	0.2954	95.77
20160827	3.832	0.28	95.86
20160828	8.662	0.3926	90.92
20160829	7.946	0.3926	91.59
20160830	8.178	0.5192	91.22
20160831	8.548	0.4935	90.88
20160901	8.548	0.4935	90.86
20160902	8.548	0.4935	90.63
20160903	6.855	0.3416	92.44
20160904	7.834	0.4046	49.56
20160905	9.703	2.423	60.05
20160906	8.135	1.994	71.79
20160907	10.32	12.75	62.77
20160908	9.787	10.89	64.75
20160909	9.578	10.32	64.79
20160910	5.174	2.558	83.59
20160911	5.617	2.486	84.4
20160912	5.934	2.749	85.04
20160913	3.753	1.503	91.31
20160914	3.663	1.503	91.09
20160915	3.561	1.451	91.76
20160916	2.208	0.3854	97.39
20160917	1.466	0.3981	98.14
20160918	1.329	0.3566	98.3
20160919	2.786	7.766	89.44
20160920	2.585	7.535	89.87
20160921	2.246	0.3642	97.38
20160922	0.3248	0.1735	99.49
20160923	1.921	0.395	97.67
20160924	3.013	0.3491	96.63
20160925	3.0	0.3491	96.64
20160926	2.915	0.3388	96.74
20160927	6.164	0.2437	92.11
20160928	6.227	0.6551	91.48
20160929	7.588	0.6205	90.26
20160930	10.6	1.151	86.75
20161001	12.46	1.796	84.17
20161002	11.09	2.634	84.49
20161003	12.34	13.13	69.1
20161004	11.31	35.29	51.13
20161005	16.63	28.21	53.29
20161006	17.01	27.89	53.25
20161007	17.2	26.11	54.76
20161008	11.97	16.92	69.58
20161009	10.3	4.854	84.42
20161010	4.954	4.155	90.53
20161011	13.06	3.622	82.96
20161012	15.44	3.27	80.94
20161013	16.11	3.113	80.09
20161014	16.17	3.003	80.04
20161015	6.969	2.885	87.89
20161016	13.05	2.429	82.56
20161017	15.2	3.993	79.3
20161018	9.619	5.969	82.93
20161019	11.07	7.97	80.05
20161020	4.849	4.452	89.87
20161021	8.984	6.835	83.49
20161022	4.537	5.528	89.29
20161023	13.77	7.873	77.75
20161024	22.33	8.412	68.66
20161025	21.09	13.21	65.08
20161026	10.04	12.35	77.13
20161027	10.48	15.26	73.72
20161028	17.85	20.29	61.17
20161029	25.67	26.67	46.95
20161030	21.43	34.39	42.52
20161031	27.4	47.42	23.49
20161101	25.47	45.27	27.14
20161102	25.0	44.95	27.54
20161103	23.56	51.71	21.49
20161104	22.28	59.03	15.7
20161105	19.17	55.4	22.45
20161106	37.2	48.4	11.2
20161107	37.2	48.33	11.14
20161108	44.17	43.61	8.298
20161109	44.1	42.57	7.72
20161110	45.81	40.34	6.762
20161111	44.97	36.37	6.187
20161112	44.22	33.58	4.653
20161113	43.89	32.29	4.227
20161114	43.79	31.14	4.069
20161115	43.58	23.49	3.573
20161116	42.07	0.472	0.0
20161117	40.09	0.472	0.0
20161118	41.09	0.4679	0.0
20161119	35.96	0.4679	0.0
20161120	35.96	0.4679	0.0
20161121	31.36	0.4679	0.0
20161122	15.8	0.4819	0.0
20161123	19.83	0.4662	0.0
20161124	19.83	0.4662	0.0
20161125	19.83	0.4662	0.0
20161126	19.25	0.4662	0.0
20161127	22.81	0.487	0.0
20161128	24.61	0.4819	0.0
20161129	23.5	0.4819	0.0
20161130	24.16	0.484	0.0
20161201	24.16	0.484	0.0
20161202	24.16	0.484	0.0
20161203	21.86	0.484	0.0
20161204	21.87	0.4891	0.0
20161205	22.05	0.487	0.0
20161206	22.05	0.487	0.0
20161207	22.05	0.487	0.0
20161208	18.38	0.487	0.0
20161209	15.27	0.4891	0.0
20161210	15.47	0.4891	0.0
20161211	13.7	0.4891	0.0
20161212	14.02	0.4887	0.0
20161213	14.02	0.4887	0.0
20161214	15.29	0.4891	0.0
20161215	6.256	0.4891	0.0
20161216	12.09	0.4063	0.0
20161217	22.25	0.382	0.0
20161218	22.25	0.382	0.0
20161219	22.25	0.382	0.0
20161220	20.15	0.382	0.0
20161221	26.7	0.2803	0.0
20161222	28.71	0.3282	0.0
20161223	28.46	0.3282	0.0
20161224	33.71	0.4189	0.0
20161225	33.79	0.4206	0.0
20161226	36.03	0.4607	0.0
20161227	36.98	0.4535	0.0
20161228	33.78	0.4538	0.0
20161229	33.9	0.4679	0.0
20161230	34.04	0.4713	0.0
20161231	34.04	0.4713	0.0
20170101	20.84	0.4716	0.0
20170102	18.27	0.4713	0.0
20170103	23.25	0.4716	0.0
20170104	22.82	0.4781	0.0
20170105	22.57	0.485	0.0
20170106	20.06	0.485	0.0
20170107	20.06	0.4884	0.0
20170108	19.31	0.4857	0.0
20170109	19.37	0.4829	0.0
20170110	13.67	0.4891	0.0
20170111	8.374	0.4853	0.0
20170112	6.153	0.4853	0.0
20170113	11.71	0.4887	0.0
20170114	11.65	0.4887	0.0
20170115	11.72	0.4891	0.0
20170116	11.72	0.4864	0.0
20170117	11.27	0.4891	0.0
20170118	10.37	0.4891	0.0
20170119	10.37	0.4891	0.0
20170120	9.172	0.4891	0.0
20170121	9.382	0.4891	0.0
20170122	5.393	0.4891	0.0
20170123	3.919	0.4891	0.0
20170124	3.746	0.4891	0.0
20170125	24.89	0.4867	0.0
20170126	25.86	0.4867	0.0
20170127	54.3	0.2437	0.0
20170128	56.65	0.4206	0.0
20170129	56.82	0.4614	0.0
20170130	56.61	0.4651	0.0
20170131	62.03	0.4843	0.0
20170201	68.45	0.484	0.0
20170202	68.45	0.4857	0.0
20170203	54.23	0.5808	0.0
20170204	38.86	0.5808	0.0
20170205	31.65	0.5808	1.238
20170206	7.96	70.54	0.8916
20170207	1.333	92.08	0.4586
20170208	1.536	92.79	0.8177
20170209	1.214	95.77	0.4354
20170210	1.207	95.75	0.4525
20170211	1.125	96.96	0.5237
20170212	4.693	93.39	0.5107
20170213	32.58	64.72	0.5678
20170214	35.79	61.46	0.7129
20170215	35.77	61.09	0.6958
20170216	35.79	60.56	0.6958
20170217	35.63	58.45	0.6979
20170218	40.25	44.09	0.3145
20170219	28.45	63.68	0.3426
20170220	18.91	71.68	0.3563
20170221	15.55	68.27	0.2625
20170222	13.11	74.77	0.5517
20170223	12.73	75.0	0.4942
20170224	12.28	74.87	0.4942
20170225	5.159	78.32	1.484
20170226	3.463	74.94	1.485
20170227	0.7906	91.09	0.4271
20170228	0.4069	91.47	0.2957
20170301	0.1903	88.74	0.2536
20170302	0.3529	90.96	0.3306
20170303	0.1318	92.44	0.5247
20170304	0.3255	91.14	0.8296
20170305	0.2981	91.01	0.7396
20170306	0.3269	97.37	0.3125
20170307	0.3306	96.94	0.321
20170308	0.2187	98.33	0.2115
20170309	0.2509	97.98	0.1944
20170310	0.2718	97.56	0.4206
20170311	0.2697	97.63	0.3779
20170312	0.2752	97.34	0.4569
20170313	0.2574	95.13	0.4569
20170314	0.2043	65.68	0.4333
20170315	0.115	40.03	0.2916
20170316	0.09001	53.07	0.3933
20170317	0.02088	73.25	0.5709
20170318	0.0154	78.26	0.4792
20170319	0.01506	78.4	0.4364
20170320	0.01506	75.31	0.4364
20170321	0.01335	76.25	0.4107
20170322	0.01301	81.79	0.2567
20170323	0.005476	78.42	0.2396
20170324	0.01095	78.15	0.4518
20170325	0.01095	75.43	0.4946
20170326	0.267	74.99	0.4946
20170327	0.575	74.9	0.4925
20170328	4.553	72.1	0.257
20170329	4.838	60.2	0.2382
20170330	4.84	59.06	0.2211
20170331	4.832	43.48	0.07016
20170401	4.538	36.65	0.04278
20170402	1.172	71.77	0.0
20170403	1.356	71.28	0.0
20170404	10.91	63.89	0.0
20170405	27.09	54.13	0.07359
20170406	26.92	53.8	0.1164
20170407	30.9	49.13	0.1554
20170408	9.591	87.35	0.02567
20170409	10.67	85.23	0.02567
20170410	10.36	85.78	0.02567
20170411	10.02	85.59	0.02567
20170412	8.749	85.45	0.0
20170413	4.512	90.89	0.0
20170414	2.997	92.28	0.0
20170415	1.732	61.19	0.0
20170416	1.466	61.47	0.0
20170417	0.5278	72.2	0.0
20170418	0.4641	72.19	0.0
20170419	0.3816	68.87	0.0
20170420	0.4227	62.12	0.0
20170421	0.6701	58.84	0.0
20170422	0.564	54.31	0.0
20170423	0.04552	84.09	0.0
20170424	0.03388	76.37	0.0
20170425	1.021	91.48	0.0
20170426	2.661	96.62	0.0
20170427	2.743	97.15	0.0
20170428	0.1335	99.86	0.008557
20170429	0.3385	99.65	0.008557
20170430	0.3385	99.65	0.008557
20170501	0.8885	99.1	0.008557
20170502	1.271	98.72	0.008557
20170503	4.902	95.08	0.01711
20170504	5.726	94.26	0.01711
20170505	58.67	41.26	0.0308
20170506	58.84	15.38	0.0308
20170507	63.72	11.96	0.0308
20170508	64.24	15.38	0.03936
20170509	59.69	21.42	0.03936
20170510	59.23	17.74	0.0308
20170511	44.09	46.21	0.0308
20170512	32.64	45.88	0.06845
20170513	17.97	67.22	0.101
20170514	11.02	86.68	0.1513
20170515	21.42	78.08	0.1831
20170516	14.73	84.77	0.1831
20170517	23.35	76.15	0.1831
20170518	31.8	67.45	0.4333
20170519	68.71	30.44	0.4819
20170520	72.77	26.35	0.448
20170521	75.34	23.73	0.4217
20170522	74.55	17.06	0.3597
20170523	74.78	16.16	0.4343
20170524	73.32	17.48	0.4343
20170525	72.76	11.97	0.3991
20170526	68.26	15.72	0.5589
20170527	64.77	24.65	3.229
20170528	68.2	20.76	3.218
20170529	67.95	21.05	3.21
20170530	66.82	21.06	3.174
20170531	64.97	23.51	3.096
20170601	66.25	21.47	3.229
20170602	65.45	22.38	3.944
20170603	30.46	58.52	6.171
20170604	44.07	44.83	6.205
20170605	40.22	48.62	6.233
20170606	61.96	26.84	6.176
20170607	44.47	43.14	9.222
20170608	48.3	37.17	13.83
20170609	48.22	34.43	16.97
20170610	42.09	33.5	20.77
20170611	41.05	33.15	22.1
20170612	34.0	37.16	23.77
20170613	36.09	33.1	25.94
20170614	36.18	25.79	27.99
20170615	36.11	22.05	28.15
20170616	36.29	19.34	28.07
20170617	33.99	19.56	31.4
20170618	35.15	14.92	30.8
20170619	34.17	11.57	31.16
20170620	34.52	7.663	30.61
20170621	34.49	3.709	20.86
20170622	34.07	4.15	25.16
20170623	32.1	4.112	33.73
20170624	29.62	5.302	33.29
20170625	30.97	4.053	32.92
20170626	31.81	3.004	31.49
20170627	31.29	2.467	29.68
20170628	30.56	2.706	32.07
20170629	29.43	2.195	35.25
20170630	26.44	1.862	56.18
20170701	26.26	1.242	55.52
20170702	25.04	1.278	60.5
20170703	26.02	0.7697	58.97
20170704	26.24	0.7643	58.89
20170705	25.15	0.5028	58.6
20170706	24.6	0.6055	59.63
20170707	24.35	0.5935	47.7
20170708	24.39	0.5966	45.69
20170709	24.36	0.4768	35.01
20170710	22.48	0.5254	35.23
20170711	19.29	0.4675	60.81
20170712	20.48	0.3919	59.54
20170713	20.43	0.333	58.48
20170714	19.32	1.652	50.87
20170715	19.37	1.779	57.87
20170716	19.39	1.761	56.21
20170717	18.28	1.876	56.03
20170718	17.64	4.887	28.86
20170719	17.39	4.428	32.7
20170720	17.93	4.237	32.75
20170721	17.03	3.308	47.39
20170722	16.76	1.26	54.42
20170723	10.03	0.5233	85.48
20170724	10.77	0.5377	85.1
20170725	6.148	0.2156	92.54
20170726	7.448	0.1372	91.6
20170727	7.799	0.2262	91.33
20170728	6.384	0.2228	92.9
20170729	4.373	0.1838	94.68
20170730	7.273	0.2831	91.62
20170731	10.24	0.142	88.83
20170801	11.65	0.1431	87.15
20170802	11.54	0.2372	86.49
20170803	11.8	0.1537	83.05
20170804	9.566	0.5781	78.71
20170805	10.26	0.6448	42.88
20170806	9.976	0.6315	46.39
20170807	9.819	9.55	47.84
20170808	9.671	2.327	77.9
20170809	9.59	2.158	78.65
20170810	9.472	2.162	77.46
20170811	7.613	1.242	84.3
20170812	8.172	1.403	84.11
20170813	8.09	1.042	85.51
20170814	8.502	0.7629	84.58
20170815	11.34	0.5979	72.12
20170816	5.962	0.2745	89.71
20170817	8.123	0.2646	87.8
20170818	7.761	0.2365	85.57
20170819	8.05	0.2084	86.4
20170820	8.454	0.3005	78.8
20170821	8.584	0.2143	78.63
20170822	7.48	0.1817	77.17
20170823	7.669	0.1492	43.04
20170824	9.922	0.06024	34.98
20170825	13.33	3.143	27.01
20170826	14.44	3.989	2.881
20170827	15.46	2.303	40.94
20170828	14.46	2.214	44.12
20170829	15.16	2.17	43.42
20170830	15.18	2.161	43.38
20170831	14.94	2.711	43.86
20170901	14.79	1.35	43.52
20170902	12.59	0.8403	50.2
20170903	9.678	0.6287	24.34
20170904	3.038	0.3518	94.48
20170905	4.026	0.2167	94.05
20170906	4.684	0.244	93.37
20170907	2.237	0.435	96.32
20170908	4.327	0.2536	94.32
20170909	4.233	0.2642	94.21
20170910	8.064	1.181	89.75
20170911	7.862	1.451	88.69
20170912	9.368	7.283	81.16
20170913	9.691	7.302	80.8
20170914	8.696	6.338	39.1
20170915	8.396	6.729	33.19
20170916	12.19	6.534	32.97
20170917	12.39	5.803	32.61
20170918	11.27	5.254	35.11
20170919	6.592	1.065	58.17
20170920	7.832	1.075	66.48
20170921	6.484	1.524	68.72
20170922	8.923	0.4518	77.82
20170923	8.243	0.4497	78.01
20170924	5.813	0.2718	91.94
20170925	6.874	0.2896	91.76
20170926	3.939	0.3378	94.66
20170927	1.726	0.1485	97.61
20170928	1.307	0.4241	97.69
20170929	1.684	0.2622	97.49
20170930	2.387	0.3453	96.81
20171001	1.036	0.4022	98.11
20171002	2.017	0.3186	96.9
20171003	2.113	3.304	93.73
20171004	8.808	2.682	86.93
20171005	8.923	2.605	86.59
20171006	12.18	2.33	83.46
20171007	12.25	2.502	81.92
20171008	10.93	3.82	48.96
20171009	7.992	3.719	62.68
20171010	5.343	6.908	70.64
20171011	7.782	9.888	67.92
20171012	9.732	11.75	65.24
20171013	4.039	24.6	65.63
20171014	6.942	25.27	59.04
20171015	5.956	30.2	55.55
20171016	13.15	28.62	49.46
20171017	12.91	44.29	36.71
20171018	20.89	40.98	32.02
20171019	22.98	44.21	27.95
20171020	10.24	69.66	14.58
20171021	9.842	68.34	17.26
20171022	5.576	75.53	14.62
20171023	30.08	66.02	2.812
20171024	27.09	68.89	3.142
20171025	16.32	76.72	6.587
20171026	15.89	71.42	12.02
20171027	15.89	71.23	12.02
20171028	14.34	73.43	10.86
20171029	10.23	79.59	9.264
20171030	16.66	78.92	3.59
20171031	12.76	83.39	2.771
20171101	14.44	82.52	1.712
20171102	13.77	83.02	2.132
20171103	17.39	79.63	2.241
20171104	15.07	80.94	3.186
20171105	13.48	83.24	2.272
20171106	12.86	83.42	2.133
20171107	12.93	80.38	1.966
20171108	11.55	75.18	1.965
20171109	9.426	61.33	1.61
20171110	8.182	54.74	1.261
20171111	7.549	33.69	0.02772
20171112	10.74	8.384	0.0
20171113	10.71	0.4877	0.0
20171114	10.18	0.487	0.0
20171115	10.65	0.4891	0.0
20171116	11.27	0.4891	0.0
20171117	11.85	0.4887	0.0
20171118	11.09	0.4887	0.0
20171119	8.187	0.4887	0.0
20171120	7.898	0.4891	0.0
20171121	14.21	0.4891	0.0
20171122	14.18	0.4891	0.0
20171123	16.49	0.4891	0.0
20171124	16.29	0.4891	0.0
20171125	16.3	0.4891	0.0
20171126	16.3	0.4891	0.0
20171127	16.38	0.4891	0.0
20171128	15.78	0.4891	0.0
20171129	16.42	0.4887	0.0
20171130	12.16	0.4891	0.0
20171201	14.68	0.4887	0.0
20171202	14.55	0.4887	0.0
20171203	14.74	0.4891	0.0
20171204	14.72	0.4891	0.0
20171205	15.18	0.4891	0.0
20171206	14.19	0.4891	0.0
20171207	14.19	0.4891	0.0
20171208	8.882	0.4891	0.0
20171209	8.924	0.4891	0.0
20171210	8.732	0.4891	0.0
20171211	9.225	0.4891	0.0
20171212	6.375	0.4891	0.0
20171213	14.91	0.4891	0.0
20171214	14.86	0.4891	0.0
20171215	14.86	0.4891	0.0
20171216	14.92	0.4891	0.0
20171217	16.45	0.4891	0.0
20171218	19.22	0.4887	0.0
20171219	19.22	0.4891	0.0
20171220	18.11	0.486	0.0
20171221	18.38	0.4891	0.0
20171222	18.54	0.4891	0.0
20171223	18.57	0.4891	0.0
20171224	17.0	0.4891	0.0
20171225	6.398	0.4891	0.0
20171226	4.921	0.4891	0.0
20171227	8.387	0.4891	0.0
20171228	8.245	0.4891	0.0
20171229	8.376	0.4891	0.0
20171230	9.194	0.4891	0.0
20171231	9.217	0.4891	0.0
20180101	8.324	0.4891	0.0
20180102	9.058	0.4891	0.0
20180103	8.73	0.4891	0.0
20180104	8.865	0.4891	0.0
20180105	8.692	0.4891	0.0
20180106	12.16	0.4891	0.0
20180107	12.16	0.4891	0.0
20180108	12.39	0.4891	0.0
20180109	12.56	0.4891	0.0
20180110	11.72	0.4891	0.0
20180111	12.19	0.4891	0.0
20180112	12.18	0.4891	0.0
20180113	3.514	0.4891	0.0
20180114	6.738	0.4891	0.0
20180115	6.48	0.4891	0.0
20180116	6.288	0.4891	0.0
20180117	5.859	0.4891	0.0
20180118	7.387	0.4891	0.0
20180119	7.36	0.4891	0.0
20180120	10.49	0.4891	0.0
20180121	10.4	0.4891	0.0
20180122	10.95	0.4891	0.0
20180123	12.24	0.4891	0.0
20180124	12.25	0.4891	0.0
20180125	12.01	0.4891	0.0
20180126	12.12	0.4891	0.0
20180127	11.01	0.4891	0.0
20180128	11.01	0.4891	0.0
20180129	9.832	0.4891	0.0
20180130	9.59	0.4891	0.0
20180131	9.531	0.4891	0.0
20180201	14.49	0.4891	0.0
20180202	14.47	0.4891	0.0
20180203	15.53	0.4891	0.0
20180204	17.32	0.4891	0.0
20180205	17.32	0.4891	0.0
20180206	15.72	20.54	1.059
20180207	11.63	68.92	0.9262
20180208	12.56	67.81	0.894
20180209	4.187	90.57	0.715
20180210	4.038	91.54	0.6243
20180211	1.171	93.44	3.786
20180212	0.972	92.29	5.275
20180213	7.764	89.07	2.728
20180214	2.336	90.6	6.367
20180215	6.46	87.93	4.932
20180216	11.55	86.23	1.528
20180217	4.154	95.01	0.6339
20180218	4.113	94.86	0.6612
20180219	10.0	88.16	1.566
20180220	13.86	85.53	0.2437
20180221	8.134	91.43	0.2201
20180222	1.73	97.97	0.1571
20180223	10.77	88.73	0.3241
20180224	10.55	88.89	0.2642
20180225	16.11	83.34	0.1954
20180226	10.44	87.06	2.018
20180227	12.16	87.03	0.2444
20180228	13.65	85.02	0.1585
20180301	13.57	83.15	0.1455
20180302	13.56	82.74	0.1283
20180303	13.54	81.86	0.1732
20180304	14.95	75.56	0.2546
20180305	10.03	80.64	0.486
20180306	3.305	89.39	0.0907
20180307	14.17	79.93	0.1064
20180308	13.9	80.92	0.165
20180309	17.55	79.66	0.006845
20180310	13.96	83.27	0.002396
20180311	12.96	84.7	0.05818
20180312	12.97	85.38	0.09994
20180313	10.52	87.71	0.1804
20180314	10.28	87.83	0.203
20180315	9.268	89.94	0.02738
20180316	15.26	84.4	0.01985
20180317	16.63	83.02	0.01129
20180318	14.17	85.35	0.07975
20180319	14.98	84.47	0.07735
20180320	14.09	85.2	0.06948
20180321	14.23	84.97	0.07804
20180322	14.21	84.18	0.1294
20180323	9.134	85.8	0.0575
20180324	13.88	84.42	0.002396
20180325	14.08	84.14	0.002396
20180326	13.91	84.34	0.002396
20180327	11.83	86.12	0.1307
20180328	12.35	85.63	0.1547
20180329	11.6	85.72	0.2317
20180330	11.26	79.62	0.2587
20180331	9.606	35.2	0.2286
20180401	5.924	48.34	0.2868
20180402	2.826	78.09	0.1694
20180403	0.4039	94.1	0.04107
20180404	1.732	95.14	0.04107
20180405	1.395	96.1	0.009926
20180406	1.571	95.66	0.009926
20180407	1.283	95.89	0.05271
20180408	0.141	98.55	0.02019
20180409	1.289	97.27	0.03731
20180410	1.88	84.47	0.03696
20180411	1.851	79.81	0.03696
20180412	1.078	79.64	0.008214
20180413	0.5818	83.36	0.008214
20180414	9.67	90.33	0.0
20180415	10.99	89.01	0.0
20180416	26.64	73.36	0.0
20180417	9.713	90.24	0.0486
20180418	6.818	93.1	0.08522
20180419	8.04	91.88	0.08522
20180420	54.59	45.32	0.08522
20180421	63.98	35.94	0.08283
20180422	66.18	33.73	0.08249
20180423	57.78	41.84	0.3803
20180424	61.52	38.16	0.3217
20180425	60.15	22.07	0.2392
20180426	55.11	31.48	0.4265
20180427	53.32	31.52	0.4265
20180428	57.36	26.87	0.4135
20180429	60.32	24.01	0.6318
20180430	59.07	18.31	0.4603
20180501	44.83	32.78	4.097
20180502	43.28	37.18	4.127
20180503	46.2	32.37	5.123
20180504	50.74	33.61	7.0
20180505	47.63	36.07	7.224
20180506	64.21	23.83	8.747
20180507	64.19	23.85	8.747
20180508	51.65	33.65	12.13
20180509	44.32	39.21	14.68
20180510	47.93	32.33	19.22
20180511	45.7	31.87	21.61
20180512	44.83	31.42	23.14
20180513	44.16	31.28	23.57
20180514	31.6	35.54	32.7
20180515	33.28	31.55	34.86
20180516	32.52	27.66	39.02
20180517	26.02	28.71	43.83
20180518	31.32	18.16	43.36
20180519	30.45	17.68	44.28
20180520	31.4	15.44	43.65
20180521	31.3	13.11	42.83
20180522	32.12	11.87	42.03
20180523	36.16	9.692	37.65
20180524	36.1	3.98	20.41
20180525	31.22	1.202	43.63
20180526	31.04	2.903	47.23
20180527	32.27	2.375	46.47
20180528	32.29	1.878	47.07
20180529	31.98	1.891	47.02
20180530	28.2	1.534	51.37
20180531	26.94	1.469	54.19
20180601	20.59	3.86	65.04
20180602	20.49	3.038	64.71
20180603	23.71	1.835	62.22
20180604	29.95	1.39	58.0
20180605	29.91	4.048	56.27
20180606	30.06	3.764	54.78
20180607	32.02	3.561	52.4
20180608	36.6	3.044	20.15
20180609	37.14	3.019	16.56
20180610	37.04	3.136	16.54
20180611	36.43	3.079	16.46
20180612	36.31	0.7903	10.88
20180613	36.18	0.8457	8.975
20180614	34.93	2.409	10.45
20180615	31.79	2.584	10.07
20180616	29.15	2.418	13.77
20180617	19.83	2.773	72.26
20180618	19.54	2.715	72.13
20180619	20.12	2.637	71.62
20180620	18.49	10.75	64.18
20180621	19.06	12.03	62.23
20180622	18.68	11.86	62.04
20180623	18.36	11.71	61.21
20180624	17.3	9.682	12.67
20180625	18.19	9.521	12.48
20180626	18.19	9.519	12.8
20180627	18.55	1.875	13.63
20180628	19.14	0.1708	18.03
20180629	19.19	0.1756	18.57
20180630	18.36	0.0996	24.95
20180701	10.06	2.328	82.96
20180702	7.675	1.352	90.16
20180703	8.768	1.206	89.24
20180704	9.819	1.137	88.24
20180705	10.73	0.804	87.91
20180706	10.67	0.804	87.91
20180707	10.63	0.804	87.85
20180708	7.977	0.3874	89.75
20180709	7.334	0.3228	82.76
20180710	5.579	0.346	92.84
20180711	2.988	0.4035	96.04
20180712	2.045	0.3477	96.84
20180713	1.515	0.3186	97.85
20180714	2.181	0.2505	97.27
20180715	2.959	0.268	96.44
20180716	2.527	0.3094	96.82
20180717	1.655	0.2149	97.93
20180718	0.651	0.08591	99.05
20180719	1.838	0.2608	97.74
20180720	1.258	0.1756	98.15
20180721	1.926	0.1383	97.68
20180722	3.225	0.1913	96.38
20180723	3.401	0.2314	96.16
20180724	3.261	0.2221	96.14
20180725	3.943	0.2516	94.03
20180726	3.141	0.2228	92.75
20180727	2.378	0.2625	96.05
20180728	0.4562	0.4056	98.5
20180729	0.7509	0.2957	98.65
20180730	0.7088	0.356	98.61
20180731	0.5089	0.3378	98.88
20180801	0.3354	0.05305	99.43
20180802	3.156	0.08112	96.55
20180803	4.251	0.2653	95.14
20180804	4.317	0.2957	94.8
20180805	3.349	0.2587	94.96
20180806	3.759	0.2745	94.53
20180807	4.496	0.1937	89.71
20180808	4.022	0.2529	89.51
20180809	4.017	0.5052	88.49
20180810	5.326	0.4056	87.59
20180811	5.17	0.4063	88.56
20180812	6.126	0.4097	85.21
20180813	6.15	0.7246	84.46
20180814	7.096	0.8546	83.57
20180815	7.056	0.9566	33.93
20180816	7.017	0.9032	34.37
20180817	6.758	0.9005	29.23
20180818	3.479	0.5124	69.32
20180819	5.498	0.6407	70.23
20180820	5.973	2.392	69.1
20180821	5.563	5.295	72.12
20180822	5.805	2.435	86.72
20180823	4.644	2.356	88.56
20180824	5.955	2.219	87.57
20180825	6.033	2.161	80.83
20180826	5.257	1.162	87.64
20180827	5.557	1.081	88.72
20180828	2.257	0.4347	96.32
20180829	2.476	0.3703	95.76
20180830	4.386	0.4846	93.65
20180831	5.237	0.1858	93.31
20180901	4.09	0.3039	94.81
20180902	4.616	0.41	93.97
20180903	5.223	2.549	91.01
20180904	3.351	1.34	93.59
20180905	2.266	0.2762	96.69
20180906	0.8522	0.03251	98.7
20180907	2.288	0.2105	97.1
20180908	3.275	0.2386	96.26
20180909	1.196	0.295	98.35
20180910	0.7574	0.2221	98.9
20180911	1.525	0.472	97.89
20180912	3.267	0.1766	96.44
20180913	4.447	0.3019	95.06
20180914	4.491	1.117	94.13
20180915	7.478	1.094	90.44
20180916	8.26	1.748	74.99
20180917	9.255	1.709	80.11
20180918	9.474	1.642	74.74
20180919	10.63	8.33	66.77
20180920	9.966	7.85	58.23
20180921	9.536	6.434	63.05
20180922	5.7	5.817	80.83
20180923	8.066	5.526	79.11
20180924	10.71	5.143	69.93
20180925	12.69	7.469	66.39
20180926	12.47	7.357	65.47
20180927	18.35	28.71	44.92
20180928	14.26	39.36	39.57
20180929	16.27	41.07	21.1
20180930	16.67	41.32	20.35
20181001	28.41	36.5	18.27
20181002	29.41	35.34	18.25
20181003	24.1	46.5	16.13
20181004	22.57	43.76	18.54
20181005	22.27	41.68	12.12
20181006	22.15	39.0	11.45
20181007	19.88	48.59	8.764
20181008	15.29	51.23	7.775
20181009	13.48	54.58	8.358
20181010	12.0	52.9	8.84
20181011	38.67	33.08	5.427
20181012	29.83	42.12	17.38
20181013	34.71	35.44	17.11
20181014	35.88	33.3	17.03
20181015	29.7	32.5	26.13
20181016	24.77	21.44	45.8
20181017	20.95	23.58	49.47
20181018	22.96	19.81	53.38
20181019	22.87	30.44	42.84
20181020	21.24	35.97	39.46
20181021	23.25	41.01	33.54
20181022	20.01	42.18	35.11
20181023	28.71	41.04	28.81
20181024	11.81	64.7	22.97
20181025	43.83	44.75	11.25
20181026	51.56	40.91	7.361
20181027	37.85	53.76	8.291
20181028	31.03	52.92	15.95
20181029	27.85	57.53	14.55
20181030	50.41	45.55	4.034
20181031	58.74	38.76	2.472
20181101	25.54	69.01	5.392
20181102	32.32	62.49	5.076
20181103	28.66	63.19	7.942
20181104	48.77	43.57	6.963
20181105	40.46	51.16	7.719
20181106	35.96	51.45	8.62
20181107	36.03	47.26	8.236
20181108	37.28	33.74	6.638
20181109	36.95	33.74	6.637
20181110	34.81	24.17	4.332
20181111	33.11	23.9	4.268
20181112	33.31	12.23	1.176
20181113	32.01	0.3406	0.002054
20181114	23.85	0.1489	0.0
20181115	21.37	0.1752	0.0
20181116	27.41	0.02499	0.0
20181117	27.67	0.02396	0.0
20181118	42.23	0.1239	0.0
20181119	47.39	0.1328	0.0
20181120	47.29	0.2533	0.0
20181121	46.7	0.2461	0.0
20181122	46.74	0.3933	0.0
20181123	46.25	0.319	0.0
20181124	46.58	0.3238	0.0
20181125	41.15	0.4285	0.0
20181126	21.45	0.4285	0.0
20181127	19.29	0.4289	0.0
20181128	19.75	0.461	0.0
20181129	20.1	0.4607	0.0
20181130	15.76	0.4381	0.0
20181201	13.06	0.4319	0.0
20181202	12.73	0.4545	0.0
20181203	12.74	0.4542	0.0
20181204	12.73	0.4891	0.0
20181205	13.5	0.4785	0.0
20181206	17.79	0.4224	0.0
20181207	15.62	0.4662	0.0
20181208	29.39	0.4521	0.0
20181209	29.32	0.4521	0.0
20181210	37.75	0.4887	0.0
20181211	37.75	0.4887	0.0
20181212	39.45	0.4775	0.0
20181213	36.69	0.4617	0.0
20181214	36.67	0.4764	0.0
20181215	31.9	0.4764	0.0
20181216	33.78	0.4891	0.0
20181217	44.53	0.4884	0.0
20181218	49.23	0.4528	0.0
20181219	47.42	0.4891	0.0
20181220	49.77	0.4593	0.0
20181221	49.74	0.46	0.0
20181222	53.01	0.4891	0.0
20181223	53.01	0.4891	0.0
20181224	53.65	0.4846	0.0
20181225	53.31	0.4826	0.0
20181226	53.32	0.4891	0.0
20181227	51.48	0.4891	0.0
20181228	51.51	0.4891	0.0
20181229	44.23	0.4891	0.0
20181230	44.92	0.4891	0.0
20181231	26.8	0.4891	0.0
20190101	28.43	0.4843	0.0
20190102	28.35	0.4843	0.0
20190103	28.64	0.4891	0.0
20190104	28.33	0.4891	0.0
20190105	28.17	0.4891	0.0
20190106	39.22	0.4415	0.0
20190107	41.33	0.484	0.0
20190108	24.33	0.4853	0.0
20190109	28.61	0.4891	0.0
20190110	29.52	0.4891	0.0
20190111	30.3	0.4891	0.0
20190112	28.3	0.4891	0.0
20190113	28.72	0.4891	0.0
20190114	26.1	0.4891	0.0
20190115	27.94	0.4891	0.0
20190116	27.29	0.4891	0.0
20190117	27.09	0.4857	0.0
20190118	25.43	0.4891	0.0
20190119	25.4	0.4891	0.0
20190120	13.75	0.4891	0.0
20190121	13.87	0.4891	0.0
20190122	10.65	0.4891	0.0
20190123	10.8	0.4891	0.0
20190124	7.762	0.4891	0.0
20190125	8.645	0.4891	0.0
20190126	8.555	0.4891	0.0
20190127	14.79	0.4891	0.0
20190128	14.74	0.4891	0.0
20190129	16.86	0.4891	0.0
20190130	18.25	0.4891	0.0
20190131	18.31	0.4891	0.0
20190201	17.88	0.4891	0.0
20190202	18.38	0.4891	0.0
20190203	19.88	0.4891	0.0
20190204	18.4	8.617	0.0
20190205	8.944	38.37	0.2762
20190206	16.6	57.58	0.4877
20190207	14.36	61.59	2.253
20190208	28.4	61.37	1.088
20190209	9.685	88.09	0.5038
20190210	27.63	70.22	0.5524
20190211	33.06	64.91	0.5161
20190212	26.8	71.02	0.6585
20190213	23.4	73.66	1.333
20190214	19.98	76.52	1.747
20190215	13.0	84.2	1.804
20190216	13.29	80.21	1.807
20190217	5.512	89.37	2.006
20190218	10.92	83.94	1.819
20190219	10.69	84.45	1.804
20190220	13.17	77.83	2.194
20190221	4.943	87.51	1.879
20190222	17.22	71.77	1.257
20190223	35.81	56.81	1.04
20190224	49.69	44.53	0.395
20190225	52.4	41.07	0.9905
20190226	61.93	32.58	0.6931
20190227	59.0	34.47	0.6061
20190228	62.9	27.83	0.8772
20190301	59.05	31.97	0.9132
20190302	51.82	41.15	0.5798
20190303	44.37	45.61	0.5541
20190304	41.08	46.88	0.4004
20190305	40.46	46.86	0.4004
20190306	38.31	45.72	0.4004
20190307	21.58	63.82	0.2807
20190308	20.31	64.46	0.1499
20190309	15.84	62.47	0.1417
20190310	6.307	71.49	0.08454
20190311	3.255	83.4	0.05716
20190312	2.973	85.03	0.4001
20190313	2.633	84.98	0.4001
20190314	1.825	86.05	0.6027
20190315	1.581	84.99	0.6027
20190316	1.608	85.24	0.6113
20190317	0.9816	88.07	0.2786
20190318	0.7701	83.42	0.2358
20190319	0.6561	81.48	0.1027
20190320	0.6263	81.98	0.1369
20190321	0.4881	78.66	0.1869
20190322	0.3929	83.01	0.2964
20190323	0.2755	84.11	0.4504
20190324	0.3128	75.43	0.4309
20190325	0.4258	70.68	0.4309
20190326	0.3464	78.49	0.3193
20190327	0.3344	78.14	0.3854
20190328	2.305	69.64	0.446
20190329	2.336	59.48	0.3645
20190330	2.699	56.06	0.2221
20190331	2.667	54.48	0.2649
20190401	2.132	58.46	0.2492
20190402	2.059	39.49	0.2235
20190403	2.099	39.02	0.1629
20190404	1.255	55.91	0.1629
20190405	8.941	85.56	0.008557
20190406	1.869	97.82	0.0
20190407	2.009	97.68	0.0
20190408	1.979	97.6	0.08522
20190409	0.714	98.95	0.01711
20190410	0.3217	99.44	0.0
20190411	0.3655	99.37	0.0
20190412	0.3977	99.28	0.0
20190413	0.3885	88.22	0.0
20190414	0.3186	86.75	0.008557
20190415	10.77	80.87	0.008557
20190416	8.362	86.66	0.008557
20190417	14.95	69.15	0.008557
20190418	14.94	69.15	0.008557
20190419	15.83	68.31	0.008557
20190420	22.16	62.65	0.008557
20190421	74.78	19.59	0.03936
20190422	56.22	40.47	0.01711
20190423	69.56	29.17	0.06469
20190424	74.58	24.26	0.06298
20190425	56.07	42.96	0.2817
20190426	19.03	0.007187	80.97
20190427	57.81	13.48	28.71
20190428	58.17	38.53	3.295
20190429	62.21	34.39	3.396
20190430	62.92	33.71	3.374
20190501	71.46	25.34	3.203
20190502	71.53	25.17	3.299
20190503	73.52	23.29	1.547
20190504	70.07	27.17	1.217
20190505	67.76	24.97	1.221
20190506	67.98	22.96	1.155
20190507	66.74	23.9	1.171
20190508	65.08	23.39	1.169
20190509	48.65	45.26	2.039
20190510	63.53	30.52	1.954
20190511	60.63	32.52	4.831
20190512	61.03	31.0	4.798
20190513	64.21	26.4	4.515
20190514	63.72	26.69	4.795
20190515	63.45	27.06	5.075
20190516	63.74	23.16	4.726
20190517	55.19	30.78	9.597
20190518	55.05	24.58	12.58
20190519	45.4	34.11	14.74
20190520	45.98	32.98	15.09
20190521	44.25	34.19	16.2
20190522	43.9	32.26	18.02
20190523	45.81	28.75	19.89
20190524	44.01	25.34	19.9
20190525	46.14	21.51	20.04
20190526	45.57	13.02	19.1
20190527	45.05	14.76	19.12
20190528	44.99	14.48	18.81
20190529	44.68	13.26	17.53
20190530	44.24	7.508	9.744
20190531	43.55	7.082	7.298
20190601	40.93	7.089	7.016
20190602	41.13	7.28	7.058
20190603	38.25	7.527	15.46
20190604	39.34	6.482	15.39
20190605	37.46	7.947	21.05
20190606	36.99	8.59	26.79
20190607	36.73	8.066	27.57
20190608	36.01	7.063	28.06
20190609	35.59	6.726	28.21
20190610	34.47	3.449	23.56
20190611	33.2	3.616	24.86
20190612	32.91	2.572	22.25
20190613	7.03	0.008899	92.96
20190614	18.82	0.7735	80.41
20190615	19.92	0.7769	79.31
20190616	22.15	0.4487	77.4
20190617	21.19	0.9628	77.84
20190618	22.59	0.7352	76.67
20190619	22.56	0.742	76.7
20190620	22.08	0.78	70.53
20190621	22.44	0.6797	69.78
20190622	23.23	0.4802	67.57
20190623	22.19	8.999	53.63
20190624	21.58	8.479	23.25
20190625	19.96	7.067	37.75
20190626	19.94	7.067	36.56
20190627	17.81	4.525	42.52
20190628	17.64	4.525	43.48
20190629	15.85	4.295	49.48
20190630	5.146	0.142	62.65
20190701	5.145	0.141	61.89
20190702	1.831	0.07359	63.37
20190703	1.597	0.06606	76.8
20190704	18.29	0.04929	69.95
20190705	21.14	0.1937	69.84
20190706	21.15	0.2136	69.64
20190707	20.24	0.1687	69.46
20190708	16.93	0.9169	75.96
20190709	12.7	0.7177	83.68
20190710	14.43	0.5483	80.41
20190711	13.23	0.6369	82.49
20190712	11.47	0.5504	85.32
20190713	6.369	0.3909	91.44
20190714	8.512	0.3532	89.27
20190715	8.625	0.2084	88.87
20190716	12.81	0.1119	81.88
20190717	15.25	0.1201	79.7
20190718	13.95	0.3378	81.89
20190719	8.304	0.2615	88.81
20190720	6.761	0.4901	87.78
20190721	7.712	0.3768	88.4
20190722	7.167	0.4237	90.98
20190723	6.084	0.4665	92.25
20190724	5.941	0.4665	92.31
20190725	5.498	0.4135	91.72
20190726	1.199	0.1304	98.19
20190727	0.2081	0.04278	99.59
20190728	0.06982	0.02362	99.77
20190729	0.04039	0.005476	99.77
20190730	0.009926	0.0	99.91
20190731	0.001369	0.0	99.92
20190801	1.121	0.281	98.57
20190802	1.649	0.1225	98.2
20190803	2.431	0.1787	97.33
20190804	1.892	0.3156	97.75
20190805	2.909	0.1629	96.89
20190806	1.289	0.06469	98.54
20190807	1.948	0.1602	97.78
20190808	2.022	0.1499	97.6
20190809	3.66	0.1181	95.86
20190810	6.002	0.1194	93.45
20190811	6.06	0.1516	92.74
20190812	4.434	0.08591	82.63
20190813	5.231	0.1547	61.82
20190814	6.364	0.9316	61.39
20190815	7.206	0.9511	60.74
20190816	7.347	1.131	60.45
20190817	7.317	0.3217	88.96
20190818	6.796	1.235	88.85
20190819	7.325	1.273	86.71
20190820	6.764	1.211	86.89
20190821	5.786	2.479	88.85
20190822	7.891	2.325	86.94
20190823	7.874	2.242	87.34
20190824	7.159	1.979	67.67
20190825	7.4	1.781	62.52
20190826	8.378	1.637	63.62
20190827	8.558	1.624	62.18
20190828	2.352	0.3631	91.8
20190829	3.691	0.2937	90.61
20190830	3.741	0.305	90.46
20190831	4.385	0.5883	91.27
20190901	2.446	0.1793	95.74
20190902	5.397	0.2635	93.11
20190903	7.046	0.3012	92.3
20190904	5.958	0.855	92.24
20190905	6.43	0.8485	91.76
20190906	8.792	0.7526	89.61
20190907	9.659	1.121	88.4
20190908	11.23	0.8878	84.8
20190909	4.921	0.8878	93.74
20190910	5.027	0.7762	91.07
20190911	3.609	0.4473	93.17
20190912	6.115	0.78	90.32
20190913	6.73	1.583	89.15
20190914	9.081	3.295	84.89
20190915	12.71	3.101	80.56
20190916	8.833	3.395	75.22
20190917	9.186	3.366	73.82
20190918	13.06	13.42	50.16
20190919	15.01	27.35	40.36
20190920	16.19	30.56	37.08
20190921	13.96	42.62	25.29
20190922	14.4	44.61	25.91
20190923	14.31	44.32	14.25
20190924	9.585	51.86	30.1
20190925	16.2	44.24	29.77
20190926	17.31	28.15	46.48
20190927	18.07	10.66	69.91
20190928	11.1	7.9	80.31
20190929	12.62	7.95	78.67
20190930	13.67	8.584	76.98
20191001	17.89	7.76	70.78
20191002	19.55	16.42	61.28
20191003	19.35	16.34	61.28
20191004	15.33	37.4	44.39
20191005	14.62	36.46	18.77
20191006	22.31	31.08	17.8
20191007	19.99	36.63	18.86
20191008	19.11	42.96	20.63
20191009	19.75	40.43	20.94
20191010	17.7	52.4	19.13
20191011	12.26	46.68	23.12
20191012	16.79	50.05	17.47
20191013	17.51	49.13	17.75
20191014	37.84	48.97	4.442
20191015	27.36	67.62	3.557
20191016	39.89	57.27	2.473
20191017	22.91	58.59	18.15
20191018	27.42	56.25	15.88
20191019	19.76	70.74	9.17
20191020	42.68	55.04	1.973
20191021	48.28	49.69	1.566
20191022	47.13	50.69	1.628
20191023	45.47	51.01	2.19
20191024	44.16	47.64	1.458
20191025	37.33	54.58	0.9145
20191026	16.04	66.08	17.87
20191027	14.21	78.13	7.641
20191028	36.91	61.24	1.855
20191029	35.25	62.38	2.369
20191030	37.85	61.85	0.2978
20191031	29.72	69.73	0.5558
20191101	34.28	65.26	0.4545
20191102	37.18	61.61	0.8515
20191103	9.417	90.27	0.1687
20191104	9.752	89.72	0.2971
20191105	21.4	77.96	0.4261
20191106	29.15	69.73	0.3741
20191107	31.43	67.11	0.4004
20191108	31.46	67.06	0.3987
20191109	37.04	60.0	0.3583
20191110	36.87	42.11	0.3371
20191111	41.42	21.41	0.2488
20191112	41.36	8.415	0.08659
20191113	43.29	7.541	0.08488
20191114	43.93	0.4864	0.0
20191115	43.96	0.484	0.0
20191116	42.61	0.484	0.0
20191117	42.65	0.4881	0.0
20191118	40.57	0.4826	0.0
20191119	41.8	0.4857	0.0
20191120	38.52	0.4884	0.0
20191121	38.19	0.4829	0.0
20191122	38.07	0.485	0.0
20191123	38.47	0.4891	0.0
20191124	38.31	0.4891	0.0
20191125	19.32	0.4857	0.0
20191126	15.52	0.4816	0.0
20191127	23.53	0.4833	0.0
20191128	22.3	0.4833	0.0
20191129	34.81	0.4891	0.0
20191130	37.92	0.4891	0.0
20191201	38.47	0.4887	0.0
20191202	36.97	0.4891	0.0
20191203	33.66	0.4884	0.0
20191204	36.01	0.4877	0.0
20191205	59.74	0.473	0.0
20191206	59.29	0.473	0.0
20191207	52.98	0.4877	0.0
20191208	53.35	0.4884	0.0
20191209	53.45	0.4891	0.0
20191210	51.86	0.4891	0.0
20191211	50.25	0.4891	0.0
20191212	32.9	0.4891	0.0
20191213	32.09	0.4891	0.0
20191214	30.44	0.4891	0.0
20191215	10.36	0.4891	0.0
20191216	1.529	0.4891	0.0
20191217	7.954	0.4891	0.0
20191218	7.88	0.4891	0.0
20191219	9.373	0.4891	0.0
20191220	9.698	0.4891	0.0
20191221	9.952	0.4891	0.0
20191222	9.901	0.4891	0.0
20191223	9.914	0.4891	0.0
20191224	8.382	0.4891	0.0
20191225	8.422	0.4891	0.0
20191226	5.435	0.4891	0.0
20191227	7.09	0.4891	0.0
20191228	6.995	0.4891	0.0
20191229	9.975	0.4891	0.0
20191230	10.19	0.4891	0.0
20191231	14.3	0.4891	0.0
20200101	15.81	0.4891	0.0
20200102	16.45	0.4891	0.0
20200103	16.67	0.4891	0.0
20200104	22.95	0.4891	0.0
20200105	22.09	0.4891	0.0
20200106	22.05	0.4891	0.0
20200107	21.94	0.4891	0.0
20200108	21.3	0.4891	0.0
20200109	20.27	0.4891	0.0
20200110	15.5	0.4891	0.0
20200111	9.934	0.4891	0.0
20200112	5.662	0.4891	0.0
20200113	1.832	0.4891	0.0
20200114	1.112	0.4891	0.0
20200115	0.5901	0.4891	0.0
20200116	0.9132	0.4891	0.0
20200117	1.226	0.4891	0.0
20200118	1.293	0.4891	0.0
20200119	1.195	0.4891	0.0
20200120	1.094	0.4891	0.0
20200121	1.064	0.4891	0.0
20200122	1.205	0.4887	0.0
20200123	1.075	0.4887	0.0
20200124	0.8909	0.4891	0.0
20200125	0.8382	0.4891	0.0
20200126	0.8981	0.4891	0.0
20200127	0.8426	0.4891	0.0
20200128	0.8769	0.4891	0.0
20200129	0.793	0.4891	0.0
20200130	0.7865	0.4891	0.0
20200131	0.2834	0.4891	0.0
20200201	0.1865	0.4891	0.0
20200202	0.1123	0.4891	0.0
20200203	0.1304	0.4891	0.0
20200204	0.1064	0.4891	0.0
20200205	0.2348	14.32	0.167
20200206	0.1667	33.66	1.123
20200207	0.155	45.27	1.886
20200208	0.09344	56.79	1.384
20200209	0.1793	59.52	1.381
20200210	0.2913	59.45	1.38
20200211	0.1889	66.31	1.807
20200212	0.09618	71.67	1.801
20200213	0.08933	87.51	0.8296
20200214	0.06092	84.33	1.06
20200215	0.08077	80.62	0.8803
20200216	0.07496	80.28	0.8717
20200217	0.09652	88.08	1.727
20200218	0.1116	88.52	2.78
20200219	0.08112	93.51	2.673
20200220	0.08146	88.79	2.656
20200221	0.04963	90.27	2.763
20200222	0.05853	91.55	2.185
20200223	0.0308	92.8	2.968
20200224	0.03115	91.19	2.499
20200225	0.03012	90.83	2.356
20200226	0.03012	85.78	2.034
20200227	0.03525	85.81	2.025
20200228	0.04929	76.04	1.683
20200229	0.1311	65.37	1.632
20200301	0.1277	77.34	0.4405
20200302	0.1277	74.8	1.114
20200303	0.0753	70.15	1.139
20200304	0.07598	83.28	0.6684
20200305	0.2659	83.11	0.6856
20200306	0.217	84.46	0.8824
20200307	0.1321	85.41	0.9128
20200308	0.1201	91.87	0.2365
20200309	0.09926	91.36	0.257
20200310	0.1249	88.07	0.3443
20200311	0.1051	75.84	0.3186
20200312	0.114	80.06	0.2844
20200313	0.1017	78.94	0.2632
20200314	0.07461	82.32	0.2564
20200315	0.07393	64.6	0.4052
20200316	0.05955	67.44	0.3816
20200317	0.0575	62.65	0.3474
20200318	0.07667	66.52	0.3375
20200319	0.04039	74.35	0.4117
20200320	0.1027	71.99	0.4775
20200321	0.1027	62.25	0.4775
20200322	0.116	58.06	0.3293
20200323	0.1568	56.98	0.3293
20200324	2.635	59.78	0.3334
20200325	2.262	67.17	0.3022
20200326	2.183	56.14	0.6424
20200327	2.174	54.02	0.5911
20200328	13.71	51.0	0.3032
20200329	13.4	53.65	0.2913
20200330	13.33	54.43	0.2649
20200331	12.83	53.37	0.2379
20200401	9.193	62.44	0.2372
20200402	9.077	61.77	0.1366
20200403	1.427	84.49	0.02567
20200404	1.127	86.46	0.03423
20200405	1.11	87.81	0.02567
20200406	1.062	87.44	0.02567
20200407	1.115	86.86	0.02567
20200408	0.65	82.46	0.04381
20200409	6.262	78.37	0.05476
20200410	6.872	65.67	0.05476
20200411	8.818	60.44	0.04278
20200412	8.938	47.13	0.04278
20200413	8.088	49.69	0.04278
20200414	8.062	49.69	0.04278
20200415	7.988	32.76	0.01711
20200416	4.74	70.1	0.05134
20200417	3.253	74.23	0.07461
20200418	2.654	74.24	0.07461
20200419	9.677	70.47	0.07701
20200420	16.86	62.51	0.07701
20200421	26.71	65.53	0.03286
20200422	27.88	64.71	0.03183
20200423	29.53	60.55	0.03183
20200424	24.15	67.61	0.06811
20200425	25.84	66.3	0.06229
20200426	25.81	66.32	0.07085
20200427	26.59	62.31	0.06777
20200428	15.67	69.62	0.03423
20200429	14.67	83.14	0.0
20200430	13.39	84.61	0.0
20200501	13.41	81.07	0.0
20200502	13.21	80.16	0.0
20200503	23.08	70.72	0.0
20200504	31.26	62.9	0.0
20200505	32.92	60.69	0.0
20200506	32.72	36.62	0.0
20200507	28.58	32.3	0.01848
20200508	28.22	33.78	0.01848
20200509	26.67	32.03	0.02567
20200510	11.6	78.72	0.0
20200511	15.94	74.06	0.0
20200512	17.75	72.26	0.0
20200513	13.71	83.2	0.0
20200514	13.68	83.44	0.0
20200515	14.17	82.95	0.0
20200516	15.51	82.31	0.0
20200517	15.26	81.78	0.0
20200518	10.95	87.31	0.05784
20200519	10.18	89.18	0.04929
20200520	10.24	88.56	0.064
20200521	58.45	39.44	0.359
20200522	48.81	50.84	0.3002
20200523	74.77	24.64	0.5664
20200524	74.4	24.84	0.7441
20200525	68.5	30.47	1.008
20200526	68.59	30.39	1.008
20200527	70.01	28.58	1.402
20200528	72.19	26.41	1.39
20200529	72.79	25.68	1.353
20200530	70.74	26.05	1.27
20200531	70.17	22.97	1.957
20200601	62.65	26.56	4.052
20200602	66.35	22.95	3.985
20200603	59.48	27.92	3.936
20200604	60.97	26.37	4.344
20200605	56.55	30.2	7.945
20200606	56.46	29.05	8.471
20200607	53.38	24.32	16.63
20200608	49.7	24.68	17.82
20200609	50.13	23.48	17.69
20200610	42.04	31.43	18.8
20200611	42.45	30.01	19.07
20200612	42.27	25.19	22.55
20200613	37.82	22.78	34.99
20200614	38.14	22.02	33.41
20200615	37.46	20.72	33.47
20200616	33.18	23.44	38.47
20200617	32.56	14.61	50.63
20200618	29.19	17.34	51.6
20200619	28.29	14.8	52.52
20200620	24.37	11.96	61.82
20200621	23.44	8.132	67.92
20200622	23.43	6.832	69.37
20200623	21.63	5.885	71.47
20200624	24.32	5.341	69.0
20200625	23.8	3.897	69.34
20200626	24.88	2.561	68.35
20200627	20.01	3.702	71.99
20200628	19.58	2.285	75.14
20200629	19.78	1.697	75.42
20200630	21.28	1.306	73.13
20200701	21.57	4.799	68.29
20200702	26.34	6.412	62.86
20200703	23.4	2.403	70.11
20200704	25.47	2.821	66.86
20200705	25.38	2.196	63.74
20200706	24.74	1.463	66.2
20200707	24.55	1.437	66.6
20200708	25.02	1.345	66.14
20200709	24.17	0.958	67.27
20200710	23.91	0.7194	64.05
20200711	23.45	0.6753	64.29
20200712	23.3	0.6417	63.83
20200713	20.42	0.101	28.49
20200714	17.0	0.06092	58.72
20200715	14.75	0.05818	65.69
20200716	11.92	0.05339	73.19
20200717	14.2	0.1215	70.04
20200718	7.557	0.07359	79.63
20200719	7.425	0.07359	80.36
20200720	7.203	0.07359	79.55
20200721	7.044	0.07222	70.04
20200722	6.916	0.07222	58.54
20200723	10.22	0.1335	42.94
20200724	8.327	0.09994	42.47
20200725	8.104	0.09891	5.7
20200726	7.367	0.09549	33.53
20200727	5.877	0.08112	66.5
20200728	5.868	0.08112	66.55
20200729	5.644	0.1311	73.11
20200730	2.375	0.08796	88.04
20200731	1.077	0.0486	95.61
20200801	3.042	0.3029	95.96
20200802	2.697	0.2002	96.47
20200803	2.829	0.1287	96.57
20200804	3.332	0.1752	96.03
20200805	6.345	0.1876	93.03
20200806	1.731	0.04792	97.93
20200807	2.908	0.2307	96.57
20200808	2.039	0.1776	97.45
20200809	5.791	0.1437	93.71
20200810	6.56	0.2279	92.51
20200811	8.703	0.1133	90.79
20200812	5.37	0.09241	94.1
20200813	7.725	0.09275	91.56
20200814	7.987	0.08591	91.05
20200815	7.298	0.1061	90.87
20200816	13.27	0.04621	85.1
20200817	13.59	0.1605	84.73
20200818	13.27	0.1636	64.02
20200819	4.692	0.4203	90.13
20200820	5.402	0.3614	89.49
20200821	4.968	0.2461	92.07
20200822	5.206	0.3563	89.7
20200823	6.372	2.123	86.67
20200824	6.23	2.089	86.36
20200825	7.2	1.308	87.21
20200826	7.385	1.267	66.89
20200827	7.664	0.8676	75.31
20200828	8.793	0.9166	53.2
20200829	8.125	0.73	63.34
20200830	6.865	0.3245	71.46
20200831	7.627	0.3635	71.36
20200901	9.09	0.2964	65.81
20200902	9.308	0.3946	65.57
20200903	2.815	0.4751	95.06
20200904	5.05	0.3912	92.86
20200905	4.458	0.3529	93.15
20200906	7.179	0.3255	89.92
20200907	5.797	0.2632	91.95
20200908	6.253	0.3008	91.85
20200909	7.931	0.461	90.07
20200910	7.871	0.3409	67.97
20200911	8.162	0.3416	67.0
20200912	8.757	0.5312	66.59
20200913	8.098	0.3919	72.88
20200914	8.657	0.3878	66.46
20200915	7.91	0.8813	55.48
20200916	9.132	1.812	57.61
20200917	8.983	1.792	53.27
20200918	16.97	13.35	40.78
20200919	18.38	17.33	44.23
20200920	21.06	18.22	42.12
20200921	20.65	24.86	43.82
20200922	20.24	21.69	47.34
20200923	19.9	21.85	46.76
20200924	18.54	16.06	57.11
20200925	18.38	15.06	57.24
20200926	21.75	13.49	56.02
20200927	10.13	26.57	61.94
20200928	21.73	12.99	64.05
20200929	18.3	8.932	71.86
20200930	20.78	7.869	70.43
20201001	14.74	4.947	79.72
20201002	14.43	3.706	81.38
20201003	13.47	3.261	82.95
20201004	10.59	7.047	80.96
20201005	5.466	1.913	91.29
20201006	8.795	3.781	86.14
20201007	9.335	6.408	83.01
20201008	9.546	13.39	70.19
20201009	9.211	14.67	69.51
20201010	9.228	18.33	67.44
20201011	9.061	16.46	65.37
20201012	11.01	18.79	40.38
20201013	8.604	24.4	46.69
20201014	13.36	30.17	38.76
20201015	13.26	40.98	30.2
20201016	13.96	44.28	26.25
20201017	15.25	42.04	23.36
20201018	22.13	57.41	9.9
20201019	24.9	58.89	7.424
20201020	18.8	78.9	0.728
20201021	12.22	84.36	2.309
20201022	23.92	73.43	1.275
20201023	23.7	73.24	1.232
20201024	26.37	70.36	1.176
20201025	15.98	80.04	1.649
20201026	16.48	79.36	1.636
20201027	19.27	54.51	1.453
20201028	23.99	27.53	0.7051
20201029	20.56	26.76	0.701
20201030	25.66	17.35	0.5206
20201031	23.59	17.16	0.5199
20201101	23.57	0.331	0.0
20201102	27.31	0.3005	0.0
20201103	37.5	0.1783	0.0
20201104	36.66	0.1944	0.0
20201105	38.76	0.3183	0.0
20201106	25.96	0.3152	0.0
20201107	28.68	0.3429	0.0
20201108	29.44	0.3296	0.0
20201109	29.45	0.3361	0.0
20201110	19.62	0.3399	0.0
20201111	23.54	0.331	0.0
20201112	22.79	0.3135	0.0
20201113	23.67	0.3149	0.0
20201114	22.09	0.3775	0.0
20201115	20.04	0.3378	0.0
20201116	19.64	0.3443	0.0
20201117	29.19	0.3727	0.0
20201118	27.48	0.3727	0.0
20201119	32.73	0.4271	0.0
20201120	32.02	0.3806	0.0
20201121	31.88	0.3806	0.0
20201122	31.43	0.3816	0.0
20201123	31.43	0.3816	0.0
20201124	23.03	0.4562	0.0
20201125	24.16	0.4432	0.0
20201126	21.73	0.4432	0.0
20201127	15.04	0.4172	0.0
20201128	15.04	0.4172	0.0
20201129	15.62	0.4662	0.0
20201130	15.62	0.4662	0.0
20201201	11.76	0.4764	0.0
20201202	8.667	0.4467	0.0
20201203	8.667	0.4467	0.0
20201204	3.329	0.4463	0.0
20201205	3.329	0.4463	0.0
20201206	14.87	0.4816	0.0
20201207	15.77	0.4665	0.0
20201208	15.44	0.4665	0.0
20201209	15.7	0.4412	0.0
20201210	15.7	0.4412	0.0
20201211	17.86	0.4829	0.0
20201212	17.86	0.4829	0.0
20201213	15.66	0.4867	0.0
20201214	17.99	0.4573	0.0
20201215	17.99	0.4573	0.0
20201216	17.24	0.4579	0.0
20201217	17.24	0.4579	0.0
20201218	21.65	0.4881	0.0
20201219	21.83	0.4788	0.0
20201220	21.73	0.4788	0.0
20201221	22.8	0.4528	0.0
20201222	22.8	0.4528	0.0
20201223	23.04	0.4867	0.0
20201224	23.04	0.4867	0.0
20201225	20.32	0.4884	0.0
20201226	22.08	0.4757	0.0
20201227	22.08	0.4757	0.0
20201228	20.02	0.4768	0.0
20201229	20.11	0.4891	0.0
20201230	19.9	0.4881	0.0
20201231	19.96	0.4853	0.0
20210101	19.03	0.4846	0.0
20210102	23.33	0.4679	0.0
20210103	23.33	0.4682	0.0
20210104	23.92	0.4778	0.0
20210105	23.94	0.4778	0.0
20210106	24.21	0.4853	0.0
20210107	24.15	0.4853	0.0
20210108	24.93	0.4826	0.0
20210109	21.98	0.4829	0.0
20210110	24.19	0.4881	0.0
20210111	24.93	0.4881	0.0
20210112	25.03	0.4884	0.0
20210113	24.5	0.4867	0.0
20210114	25.9	0.472	0.0
20210115	25.13	0.4737	0.0
20210116	25.49	0.473	0.0
20210117	25.0	0.473	0.0
20210118	23.27	0.4864	0.0
20210119	24.47	0.4795	0.0
20210120	24.45	0.4795	0.0
20210121	21.9	0.4795	0.0
20210122	25.82	0.4853	0.0
20210123	27.1	0.484	0.0
20210124	27.18	0.4884	0.0
20210125	26.94	0.4884	0.0
20210126	29.62	0.4733	0.0
20210127	29.61	0.474	0.0
20210128	31.52	0.4853	0.0
20210129	31.41	0.4853	0.0
20210130	31.24	0.4891	0.0
20210131	31.76	0.4864	0.0
20210201	31.81	0.4846	0.0
20210202	30.47	0.4846	0.0
20210203	30.78	0.4819	0.0
20210204	29.48	6.212	0.0
20210205	29.58	6.219	0.0
20210206	29.33	6.219	0.0
20210207	27.52	30.4	0.9963
20210208	27.46	30.41	0.9963
20210209	31.04	27.7	0.8252
20210210	30.89	27.7	0.8252
20210211	30.65	25.2	0.8231
20210212	29.99	33.82	0.804
20210213	28.86	33.23	3.636
20210214	27.36	15.61	3.171
20210215	14.01	58.28	1.729
20210216	24.52	47.28	1.039
20210217	21.06	70.98	0.2998
20210218	15.07	81.34	0.2023
20210219	23.91	71.67	0.1848
20210220	23.62	71.58	0.5528
20210221	27.0	68.28	1.113
20210222	27.02	66.16	1.095
20210223	23.23	72.93	0.7068
20210224	23.18	70.91	1.514
20210225	23.68	54.57	1.488
20210226	22.94	52.34	4.746
20210227	22.64	47.46	4.72
20210228	17.68	39.38	4.474
20210301	35.41	40.44	2.885
20210302	30.36	34.87	2.618
20210303	27.52	30.57	2.574
20210304	27.44	30.52	2.817
20210305	41.07	24.45	0.9419
20210306	41.07	24.45	0.9419
20210307	32.57	33.98	1.33
20210308	27.26	29.39	1.24
20210309	25.49	27.24	1.213
20210310	25.04	24.97	1.047
20210311	25.03	24.92	1.037
20210312	11.41	58.79	0.8639
20210313	10.76	62.35	0.8163
20210314	10.89	62.75	0.8399
20210315	10.82	62.94	0.9953
20210316	10.55	62.83	1.001
20210317	13.72	61.59	0.356
20210318	13.48	60.99	0.3197
20210319	13.41	56.48	0.2765
20210320	13.42	56.07	0.2765
20210321	13.34	55.2	0.3279
20210322	13.33	54.86	0.3193
20210323	13.27	56.45	0.2991
20210324	3.903	81.47	0.3043
20210325	2.771	70.18	0.3484
20210326	2.771	69.98	0.3142
20210327	2.949	71.23	0.2697
20210328	2.939	71.04	0.3553
20210329	2.938	70.96	0.4237
20210330	2.93	70.66	0.4494
20210331	4.485	69.16	0.5059
20210401	4.428	68.72	0.5059
20210402	5.057	33.79	0.3905
20210403	4.955	31.03	0.3905
20210404	5.249	24.4	0.2807
20210405	5.201	22.18	0.1609
20210406	5.365	21.32	0.1424
20210407	4.866	10.48	0.06092
20210408	4.837	10.48	0.2235
20210409	4.41	9.668	0.2149
20210410	1.09	90.27	0.1273
20210411	1.119	90.36	0.1273
20210412	1.73	90.12	0.1444
20210413	1.717	90.12	0.153
20210414	2.5	89.4	0.142
20210415	2.5	89.36	0.1506
20210416	2.424	89.28	0.1506
20210417	2.394	81.24	0.1848
20210418	3.681	94.37	0.1198
20210419	3.964	94.8	0.2054
20210420	3.962	94.66	0.3508
20210421	3.962	94.66	0.3508
20210422	3.955	94.41	0.6027
20210423	3.955	94.4	0.6198
20210424	20.02	78.44	0.5295
20210425	20.01	78.37	0.5723
20210426	20.01	78.09	0.5209
20210427	19.94	49.3	0.3334
20210428	19.94	49.3	0.3334
20210429	19.92	42.3	0.1756
20210430	19.91	32.71	0.1585
20210501	9.541	31.65	0.1455
20210502	5.928	3.146	0.06845
20210503	5.928	3.146	0.06845
20210504	5.715	1.177	0.1283
20210505	5.45	93.38	0.4918
20210506	2.995	95.52	0.8817
20210507	2.995	95.52	0.8817
20210508	6.128	92.41	0.8622
20210509	6.128	92.41	0.8622
20210510	6.118	91.97	1.337
20210511	51.62	46.71	1.258
20210512	51.58	45.1	1.519
20210513	54.86	36.47	1.256
20210514	59.6	31.89	1.248
20210515	59.56	31.82	1.248
20210516	59.35	30.58	3.68
20210517	59.27	16.56	3.926
20210518	38.44	14.37	2.896
20210519	48.0	21.39	6.114
20210520	49.21	21.24	6.112
20210521	49.21	21.24	6.13
20210522	49.21	21.24	6.13
20210523	49.15	20.43	10.22
20210524	49.15	20.43	10.22
20210525	52.63	20.46	10.54
20210526	43.03	8.606	12.07
20210527	35.9	16.95	16.84
20210528	35.9	16.92	17.07
20210529	35.69	16.59	19.18
20210530	33.47	22.98	19.5
20210531	33.47	22.98	19.5
20210601	40.93	27.06	23.75
20210602	39.24	22.02	33.35
20210603	33.45	27.48	35.72
20210604	33.39	25.49	38.37
20210605	33.83	24.61	38.55
20210606	30.16	24.43	41.75
20210607	30.16	24.43	41.75
20210608	28.93	20.98	43.72
20210609	27.76	19.32	46.18
20210610	27.14	17.22	46.75
20210611	26.81	16.27	45.64
20210612	25.75	11.0	44.86
20210613	19.23	8.302	41.03
20210614	19.22	8.289	42.17
20210615	25.59	7.041	36.65
20210616	21.74	1.432	12.03
20210617	21.4	0.2947	12.77
20210618	21.95	0.2885	12.89
20210619	20.33	0.27	37.53
20210620	19.95	0.27	44.01
20210621	19.95	0.27	43.05
20210622	17.64	0.27	43.02
20210623	16.41	0.2259	64.27
20210624	9.862	0.01266	67.09
20210625	10.56	0.005818	66.66
20210626	9.63	0.004792	63.82
20210627	9.353	0.004792	64.41
20210628	9.245	0.004792	65.29
20210629	13.87	0.0753	65.47
20210630	14.79	0.07119	47.36
20210701	16.41	0.1318	38.47
20210702	8.316	0.1725	81.99
20210703	5.589	0.09173	90.98
20210704	4.648	0.3939	94.06
20210705	5.253	0.2341	94.09
20210706	5.67	0.2026	93.83
20210707	5.555	0.3286	93.86
20210708	6.04	0.3251	93.35
20210709	7.901	0.2762	91.45
20210710	4.641	0.2783	94.67
20210711	5.151	0.2926	93.92
20210712	5.606	0.3282	92.62
20210713	6.933	0.2259	89.39
20210714	2.003	0.09104	96.93
20210715	5.2	0.2512	93.57
20210716	6.409	0.2214	92.35
20210717	6.944	0.3077	89.63
20210718	7.396	0.5661	89.56
20210719	7.65	0.4528	90.24
20210720	8.595	0.4477	89.35
20210721	12.27	0.2646	53.57
20210722	12.67	0.1951	54.18
20210723	12.99	0.2639	54.03
20210724	12.96	0.2899	44.13
20210725	12.84	0.7492	25.79
20210726	5.222	0.1985	79.45
20210727	1.892	0.2471	95.07
20210728	0.8283	0.07735	97.61
20210729	1.292	0.218	97.04
20210730	1.776	0.2331	96.55
20210731	3.034	0.1763	95.34
20210801	0.4672	0.0	0.0
20210802	5.13	1.4	29.72
20210803	3.358	0.8211	53.46
20210804	3.35	0.8211	54.36
20210805	3.974	0.8474	54.02
20210806	3.138	0.1715	86.75
20210807	1.001	0.04894	95.34
20210808	0.1526	0.02327	99.25
20210809	0.1017	0.003423	99.11
20210810	0.09857	0.001027	98.96
20210811	1.406	2.087	95.52
20210812	1.364	2.087	95.53
20210813	1.193	1.878	95.03
20210814	2.873	1.415	93.18
20210815	2.159	0.6534	62.54
20210816	2.121	0.6534	65.04
20210817	1.581	0.536	71.77
20210818	1.216	0.1503	69.61
20210819	2.029	0.1684	70.57
20210820	2.029	0.1684	68.21
20210821	3.888	0.02019	60.35
20210822	3.837	0.02019	41.3
20210823	3.279	0.02019	45.26
20210824	4.531	0.08693	23.19
20210825	4.507	0.08693	31.35
20210826	0.4538	0.0178	97.09
20210827	0.1807	0.006161	98.95
20210828	2.443	0.2471	96.43
20210829	2.76	0.2488	96.12
20210830	2.76	0.2488	96.08
20210831	2.732	0.6404	95.68
20210901	15.74	2.342	81.26
20210902	16.9	10.85	70.28
20210903	19.11	12.16	17.12
20210904	19.89	12.78	28.0
20210905	20.49	12.56	27.19
20210906	20.47	12.5	27.34
20210907	18.37	20.32	23.11
20210908	18.25	19.06	22.19
20210909	17.35	9.977	31.32
20210910	15.61	6.969	40.86
20210911	10.47	4.196	82.44
20210912	8.867	4.133	84.31
20210913	14.45	3.282	79.68
20210914	17.14	9.913	70.35
20210915	15.21	16.21	66.95
20210916	12.64	17.57	68.38
20210917	13.11	17.53	67.97
20210918	10.67	10.54	76.81
20210919	13.05	6.029	79.08
20210920	9.871	6.29	82.31
20210921	9.145	6.176	83.17
20210922	10.4	7.95	79.91
20210923	13.4	7.381	77.09
20210924	13.58	7.344	76.9
20210925	22.18	5.37	70.02
20210926	22.27	5.708	67.28
20210927	19.72	4.721	45.94
20210928	19.03	3.95	21.81
20210929	19.06	1.678	14.43
20210930	8.09	1.043	71.78
20211001	0.0	0.0	76.15
20211002	0.0	0.0	77.52
20211003	0.0	0.0	77.19
20211004	0.0	0.0	75.41
20211005	5.23	0.6678	77.58
20211006	3.247	0.4846	82.65
20211007	3.24	0.4846	62.57
20211008	3.24	0.4846	54.04
20211009	3.097	0.4131	52.91
20211010	2.25	0.3029	57.74
20211011	2.25	0.3029	57.74
20211012	2.827	1.987	48.1
20211013	2.708	1.859	37.42
20211014	5.881	5.094	35.65
20211015	7.428	14.81	30.46
20211016	7.281	20.93	26.0
20211017	10.9	19.95	20.16
20211018	10.9	19.95	20.11
20211019	19.46	75.25	1.495
20211020	19.15	75.64	0.8912
20211021	18.53	75.64	1.855
20211022	19.59	74.13	1.812
20211023	18.89	78.09	1.044
20211024	18.84	77.95	1.044
20211025	20.21	76.73	0.8988
20211026	12.63	76.5	0.5308
20211027	13.16	75.99	0.5654
20211028	7.908	82.33	2.165
20211029	6.702	84.35	5.907
20211030	6.155	78.5	5.804
20211031	5.594	82.67	6.107
20211101	5.118	83.37	6.045
20211102	7.642	75.19	7.456
20211103	7.587	75.08	7.456
20211104	9.154	68.45	7.124
20211105	8.688	45.01	4.88
20211106	11.02	47.37	3.656
20211107	25.79	23.03	0.9364
20211108	26.64	17.29	0.8409
20211109	25.11	10.51	0.0599
20211110	25.59	10.4	0.0599
20211111	23.09	9.592	0.04278
20211112	22.83	9.558	0.04278
20211113	22.3	0.4624	0.0
20211114	12.12	0.4535	0.0
20211115	7.903	0.4371	0.0
20211116	7.657	0.42	0.0
20211117	7.117	0.4193	0.0
20211118	10.11	0.4727	0.0
20211119	11.12	0.4703	0.0
20211120	10.84	0.4686	0.0
20211121	11.12	0.4614	0.0
20211122	21.5	0.4388	0.0
20211123	19.99	0.4395	0.0
20211124	23.0	0.4874	0.0
20211125	21.44	0.4833	0.0
20211126	20.59	0.4836	0.0
20211127	20.15	0.4836	0.0
20211128	21.25	0.474	0.0
20211129	19.81	0.474	0.0
20211130	21.97	0.4737	0.0
20211201	21.52	0.1123	0.0
20211202	21.25	0.4881	0.0
20211203	21.33	0.4867	0.0
20211204	24.16	0.4829	0.0
20211205	23.6	0.4829	0.0
20211206	26.35	0.4891	0.0
20211207	26.1	0.4891	0.0
20211208	26.03	0.4891	0.0
20211209	25.97	0.4891	0.0
20211210	26.45	0.4853	0.0
20211211	24.91	0.4853	0.0
20211212	24.93	0.4891	0.0
20211213	18.74	0.4891	0.0
20211214	18.49	0.4891	0.0
20211215	18.58	0.4877	0.0
20211216	19.2	0.4812	0.0
20211217	12.08	0.4819	0.0
20211218	15.36	0.4891	0.0
20211219	14.34	0.485	0.0
20211220	11.38	0.485	0.0
20211221	11.96	0.485	0.0
20211222	13.07	0.4843	0.0
20211223	9.984	0.4843	0.0
20211224	11.41	0.4843	0.0
20211225	9.715	0.1147	0.0
20211226	8.994	0.4891	0.0
20211227	8.642	0.4891	0.0
20211228	5.715	0.4891	0.0
20211229	3.482	0.4891	0.0
20211230	3.481	0.4891	0.0
20211231	1.814	0.4822	0.0
20220101	2.226	0.4822	0.0
20220102	2.22	0.2485	0.0
20220103	4.458	0.2485	0.0
20220104	4.458	0.2485	0.0
20220105	10.04	0.4891	0.0
20220106	10.04	0.4891	0.0
20220107	9.474	0.4891	0.0
20220108	9.571	0.4891	0.0
20220109	9.571	0.4891	0.0
20220110	9.048	0.4891	0.0
20220111	9.048	0.4891	0.0
20220112	3.038	0.4829	0.0
20220113	3.041	0.4829	0.0
20220114	2.258	0.2516	0.0
20220115	1.352	0.2854	0.0
20220116	1.352	0.2854	0.0
20220117	2.484	0.4891	0.0
20220118	2.484	0.4891	0.0
20220119	5.247	0.4891	0.0
20220120	10.3	0.4891	0.0
20220121	10.3	0.4891	0.0
20220122	9.594	0.4891	0.0
20220123	9.594	0.4891	0.0
20220124	20.03	0.4829	0.0
20220125	21.89	0.4792	0.0
20220126	21.79	0.2492	0.0
20220127	31.67	0.2492	0.0
20220128	31.67	0.2492	0.0
20220129	32.09	0.4891	0.0
20220130	32.09	0.4891	0.0
20220131	25.14	0.4891	0.0
20220201	23.66	0.4887	0.0
20220202	23.66	0.4887	0.0
20220203	14.99	0.4887	0.0
20220204	14.99	0.4887	0.0
20220205	3.191	14.08	0.09378
20220206	2.684	30.71	0.2232
20220207	2.092	30.61	0.2916
20220208	1.325	30.61	0.2916
20220209	1.309	30.48	0.8112
20220210	0.1058	80.5	0.3974
20220211	0.1058	79.16	2.222
20220212	0.1058	77.55	3.648
20220213	0.1058	77.51	3.64
20220214	0.1058	77.06	4.298
20220215	0.1058	76.02	5.465
20220216	0.1058	75.87	5.621
20220217	0.5367	74.36	5.384
20220218	0.538	71.97	5.265
20220219	0.538	65.67	4.904
20220220	0.538	65.49	5.149
20220221	0.5288	61.35	5.047
20220222	0.1256	87.35	1.193
20220223	0.1116	84.75	0.8858
20220224	0.01574	86.37	0.6818
20220225	0.01574	86.41	0.6818
20220226	0.01574	86.41	0.6818
20220227	0.1783	85.86	1.307
20220228	0.1773	85.27	1.099
20220301	0.6667	78.98	1.077
20220302	0.6667	68.53	1.137
20220303	0.6479	56.85	1.927
20220304	4.286	55.15	1.856
20220305	4.286	55.14	1.888
20220306	0.5952	79.59	0.7383
20220307	0.5931	76.56	0.7222
20220308	0.1027	81.35	0.5353
20220309	0.1266	80.81	0.5011
20220310	0.1099	79.96	0.1759
20220311	0.07872	79.96	0.1759
20220312	0.0599	77.81	0.1023
20220313	1.018	79.97	0.06195
20220314	0.6787	88.09	0.0
20220315	0.6787	86.55	0.0
20220316	0.4641	99.52	0.01711
20220317	0.4641	99.52	0.01711
20220318	2.162	97.72	0.1167
20220319	2.162	97.69	0.1509
20220320	16.96	83.04	0.0
20220321	23.52	76.45	0.02807
20220322	23.3	75.98	0.7229
20220323	22.94	73.14	0.7229
20220324	22.94	73.11	0.7571
20220325	27.2	66.65	0.6541
20220326	20.5	74.12	0.9843
20220327	18.02	55.35	0.9843
20220328	11.55	81.19	0.178
20220329	11.46	80.22	0.165
20220330	11.46	80.06	0.1581
20220331	11.27	79.45	0.4333
20220401	10.97	79.45	0.4333
20220402	10.79	77.21	0.6157
20220403	10.39	76.91	0.6075
20220404	9.02	57.45	0.894
20220405	8.996	57.45	0.894
20220406	9.164	57.3	0.894
20220407	8.568	51.28	0.8683
20220408	8.556	50.95	0.8683
20220409	8.184	41.98	0.7804
20220410	5.739	19.53	0.5949
20220411	0.8622	2.383	0.0
20220412	0.8622	2.383	0.0
20220413	0.8166	11.19	0.04039
20220414	0.6007	9.298	0.0575
20220415	0.6007	9.298	0.0575
20220416	0.3926	11.03	0.0575
20220417	0.3926	11.03	0.0575
20220418	0.3844	11.03	0.0575
20220419	0.3152	10.94	0.1602
20220420	0.3152	10.48	0.4254
20220421	53.36	5.962	0.4158
20220422	53.36	5.962	0.4158
20220423	59.77	32.56	0.5938
20220424	59.77	32.56	0.5938
20220425	59.77	32.56	0.5938
20220426	73.59	21.61	0.3159
20220427	73.58	21.31	0.2416
20220428	71.82	22.7	0.2331
20220429	71.82	22.7	0.2331
20220430	49.99	12.8	0.03628
20220501	41.01	27.99	0.03628
20220502	40.89	27.84	0.03628
20220503	27.61	23.72	0.01061
20220504	27.59	23.69	0.01061
20220505	26.21	22.27	0.0
20220506	26.17	22.26	0.0
20220507	27.92	19.1	0.02567
20220508	28.17	4.162	0.02567
20220509	28.17	4.162	0.02567
20220510	22.62	3.483	0.02567
20220511	22.18	2.933	0.02567
20220512	20.92	2.4	0.02567
20220513	27.19	3.459	0.09412
20220514	24.65	2.252	0.1027
20220515	54.2	12.16	0.1711
20220516	54.2	12.16	0.308
20220517	60.61	10.72	0.308
20220518	60.61	10.72	0.308
20220519	29.75	63.92	2.876
20220520	28.77	64.66	4.61
20220521	28.77	64.66	4.592
20220522	37.49	55.16	5.476
20220523	37.37	52.79	9.089
20220524	57.08	33.17	8.994
20220525	45.29	42.43	12.05
20220526	45.28	42.27	12.03
20220527	50.56	36.37	11.85
20220528	50.54	36.32	11.92
20220529	52.29	33.71	12.04
20220530	51.85	26.6	17.54
20220531	32.66	44.23	20.31
20220601	37.79	30.02	19.37
20220602	37.58	28.87	23.72
20220603	37.36	28.65	24.11
20220604	37.3	28.1	24.72
20220605	36.73	28.47	25.84
20220606	30.51	29.58	29.59
20220607	30.45	23.75	28.81
20220608	34.26	20.16	29.39
20220609	33.19	16.57	29.14
20220610	30.22	20.56	32.07
20220611	30.22	20.46	31.94
20220612	29.88	18.81	31.9
20220613	29.99	11.55	19.09
20220614	29.75	11.39	27.12
20220615	27.67	10.6	27.42
20220616	27.53	9.738	26.95
20220617	26.06	2.721	18.66
20220618	25.56	3.885	27.23
20220619	24.7	2.852	28.15
20220620	24.35	2.158	27.93
20220621	24.05	1.408	22.39
20220622	23.9	3.042	26.96
20220623	23.78	3.028	28.41
20220624	22.57	4.111	37.32
20220625	19.37	4.061	69.27
20220626	16.99	3.811	74.35
20220627	13.97	3.112	79.88
20220628	8.833	2.218	87.36
20220629	10.97	1.761	84.93
20220630	9.335	1.613	87.27
20220701	5.953	0.9556	92.1
20220702	5.969	0.4367	93.08
20220703	5.796	0.3258	93.04
20220704	7.278	0.8882	91.01
20220705	6.362	0.64	92.04
20220706	7.166	0.6725	91.13
20220707	7.797	0.538	90.37
20220708	7.791	0.5353	89.59
20220709	7.334	0.8098	68.82
20220710	6.977	0.6996	70.9
20220711	6.339	0.5062	61.41
20220712	2.835	0.178	93.44
20220713	2.759	0.152	93.42
20220714	4.747	0.6554	90.53
20220715	4.747	0.6554	90.53
20220716	5.884	0.7845	89.13
20220717	5.883	0.7845	88.9
20220718	6.35	1.085	88.13
20220719	6.603	0.9464	23.43
20220720	6.585	0.9464	23.68
20220721	6.022	0.4497	23.65
20220722	5.626	0.3981	24.15
20220723	5.828	0.41	30.48
20220724	5.481	0.3364	25.55
20220725	5.066	0.08283	25.46
20220726	5.495	0.1362	24.91
20220727	5.495	0.1362	24.49
20220728	5.979	0.2584	24.28
20220729	1.465	0.07632	92.45
20220730	0.2995	0.01609	98.64
20220731	1.325	0.01711	97.5
20220801	0.3628	0.005476	99.26
20220802	0.4172	0.005476	99.2
20220803	0.3981	0.005476	99.29
20220804	1.437	0.08351	98.17
20220805	2.312	0.1194	96.82
20220806	0.3323	0.02704	98.7
20220807	0.331	0.02704	98.7
20220808	0.331	0.02704	95.81
20220809	2.991	0.2026	93.19
20220810	2.991	0.2026	92.29
20220811	3.342	0.4018	91.69
20220812	4.481	0.3501	90.01
20220813	4.478	0.3501	17.19
20220814	3.987	0.2964	23.57
20220815	3.329	0.2187	40.99
20220816	3.389	0.1715	45.79
20220817	3.629	0.3563	45.55
20220818	1.338	0.1797	82.62
20220819	2.785	0.2341	78.78
20220820	2.785	0.2341	78.62
20220821	2.754	0.2341	76.65
20220822	2.519	0.2334	78.55
20220823	2.272	0.2334	75.78
