Date	WetSnow	DrySnow	BareGround
20140920	0.4293	0.5227	1.127
20140921	0.3965	0.3775	53.0
20140922	0.3938	0.3595	65.8
20140923	0.3784	0.3242	70.46
20140924	0.3704	0.3242	71.06
20140925	0.3704	0.3242	71.09
20140926	0.3704	0.3242	71.09
20140927	0.3704	0.3187	71.68
20140928	0.3491	0.3029	78.52
20140929	0.3439	0.3029	78.61
20140930	0.3399	0.2836	81.18
20141001	0.2509	0.2566	81.49
20141002	0.2481	0.25	82.99
20141003	0.2124	0.2316	86.95
20141004	18.25	0.07062	76.64
20141005	20.32	1.253	74.94
20141006	9.298	0.6389	89.07
20141007	8.379	0.6299	90.14
20141008	7.613	0.4855	91.22
20141009	7.118	0.441	91.84
20141010	5.665	0.3518	93.54
20141011	5.289	0.3084	94.01
20141012	4.818	0.2774	94.56
20141013	4.809	0.2774	94.56
20141014	4.809	0.2774	94.47
20141015	4.716	0.2676	94.59
20141016	4.497	0.2667	94.59
20141017	14.3	6.829	77.07
20141018	14.15	6.707	77.0
20141019	13.58	6.488	77.65
20141020	13.19	6.35	78.15
20141021	13.0	6.284	76.8
20141022	12.02	5.846	77.78
20141023	11.88	5.845	72.78
20141024	11.39	5.682	73.32
20141025	11.39	5.682	73.13
20141026	11.32	5.681	71.84
20141027	11.31	5.672	71.14
20141028	10.7	4.783	71.01
20141029	10.2	4.483	68.56
20141030	9.935	4.393	67.56
20141031	9.69	18.23	60.75
20141101	9.614	18.22	60.45
20141102	8.648	17.95	55.95
20141103	10.68	22.03	51.15
20141104	10.21	21.85	49.4
20141105	10.2	21.7	49.97
20141106	10.2	21.7	49.97
20141107	36.47	17.06	32.54
20141108	36.47	17.05	32.5
20141109	37.13	16.92	31.5
20141110	41.08	15.76	27.56
20141111	40.77	13.26	25.92
20141112	40.77	13.14	25.81
20141113	40.52	12.99	25.07
20141114	43.18	11.91	23.34
20141115	42.85	11.44	22.19
20141116	39.8	0.4878	0.08151
20141117	39.8	0.3719	0.0
20141118	24.37	0.3719	0.0
20141119	31.21	0.3086	0.0
20141120	30.88	0.3086	0.0
20141121	27.4	0.355	0.0
20141122	30.21	0.3403	0.0
20141123	30.21	0.3403	0.0
20141124	30.21	0.3403	0.0
20141125	16.77	0.3403	0.0
20141126	19.23	0.3469	0.0
20141127	19.23	0.3469	0.0
20141128	19.23	0.3469	0.0
20141129	20.59	0.3439	0.0
20141130	16.27	0.3439	0.0
20141201	25.34	0.3972	0.0
20141202	24.0	0.3972	0.0
20141203	21.11	0.4023	0.0
20141204	21.64	0.3839	0.0
20141205	21.64	0.3839	0.0
20141206	21.64	0.3839	0.0
20141207	17.0	0.3839	0.0
20141208	18.49	0.397	0.0
20141209	18.49	0.397	0.0
20141210	13.56	0.397	0.0
20141211	13.56	0.397	0.0
20141212	5.186	0.397	0.0
20141213	5.186	0.397	0.0
20141214	4.904	0.397	0.0
20141215	7.243	0.4025	0.0
20141216	12.11	0.3993	0.0
20141217	12.11	0.3993	0.0
20141218	12.11	0.3993	0.0
20141219	10.45	0.3993	0.0
20141220	14.18	0.404	0.0
20141221	14.18	0.404	0.0
20141222	14.18	0.404	0.0
20141223	14.18	0.404	0.0
20141224	14.18	0.404	0.0
20141225	14.18	0.404	0.0
20141226	13.81	0.404	0.0
20141227	10.49	0.4046	0.0
20141228	12.89	0.4036	0.0
20141229	12.89	0.4036	0.0
20141230	16.44	0.363	0.0
20141231	12.71	0.363	0.0
20150101	33.64	0.3533	0.0
20150102	33.64	0.3533	0.0
20150103	33.64	0.3533	0.0
20150104	42.06	0.3762	0.0
20150105	42.06	0.3762	0.0
20150106	42.06	0.3762	0.0
20150107	41.11	0.3762	0.0
20150108	38.06	0.3846	0.0
20150109	38.15	0.4008	0.0
20150110	37.57	0.4008	0.0
20150111	37.57	0.4008	0.0
20150112	19.13	0.4008	0.0
20150113	20.36	0.4027	0.0
20150114	20.36	0.4027	0.0
20150115	2.779	0.4027	0.0
20150116	4.48	0.4032	0.0
20150117	4.48	0.4032	0.0
20150118	4.48	0.4032	0.0
20150119	4.438	0.4032	0.0
20150120	4.218	0.4032	0.0
20150121	6.628	0.4038	0.0
20150122	6.628	0.4038	0.0
20150123	6.628	0.4038	0.0
20150124	5.816	0.4038	0.0
20150125	5.816	0.4038	0.0
20150126	5.816	0.4038	0.0
20150127	5.314	0.4038	0.0
20150128	5.314	0.4038	0.0
20150129	5.314	0.4038	0.0
20150130	10.73	0.4046	0.0
20150131	10.73	0.4046	0.0
20150201	10.28	0.4046	0.0
20150202	10.28	0.4046	0.0
20150203	10.28	0.4046	0.0
20150204	10.28	0.4046	0.02611
20150205	10.19	0.4046	0.5918
20150206	10.16	9.671	0.6018
20150207	10.13	9.671	0.8029
20150208	10.13	9.671	0.8029
20150209	10.13	9.671	0.8029
20150210	3.666	9.64	0.8029
20150211	3.573	9.33	4.3
20150212	3.573	9.33	4.319
20150213	5.384	35.35	3.37
20150214	8.558	53.54	2.689
20150215	8.558	53.54	2.689
20150216	7.867	51.97	5.764
20150217	7.854	51.91	5.764
20150218	7.813	51.73	5.995
20150219	7.813	51.71	5.995
20150220	7.798	51.69	6.043
20150221	7.746	51.65	6.177
20150222	7.712	51.35	5.763
20150223	7.383	50.38	7.574
20150224	7.348	47.81	7.655
20150225	7.147	45.33	7.66
20150226	6.857	53.01	6.294
20150227	6.719	51.26	6.034
20150228	6.719	51.26	6.034
20150301	6.678	49.06	5.899
20150302	4.624	64.1	4.597
20150303	4.599	63.67	4.498
20150304	4.466	62.21	5.935
20150305	0.9509	94.35	1.201
20150306	0.9475	93.93	1.244
20150307	0.9475	93.88	1.244
20150308	0.9323	93.33	1.651
20150309	0.9318	93.08	1.674
20150310	2.215	92.23	1.475
20150311	2.215	92.06	1.56
20150312	1.969	92.18	1.682
20150313	1.956	91.51	1.649
20150314	6.473	89.1	1.491
20150315	6.373	88.04	2.562
20150316	6.227	85.38	3.758
20150317	6.219	85.3	3.848
20150318	6.219	85.3	3.848
20150319	14.29	78.91	2.671
20150320	14.12	78.59	3.133
20150321	14.93	78.31	2.681
20150322	15.64	77.64	2.648
20150323	15.64	77.63	2.653
20150324	13.59	79.9	2.57
20150325	13.59	79.9	2.57
20150326	9.554	86.67	1.031
20150327	9.166	78.58	0.8919
20150328	9.135	78.33	0.9646
20150329	9.115	78.03	0.9646
20150330	8.877	77.26	0.9603
20150331	8.494	73.19	0.9041
20150401	8.377	72.44	0.9605
20150402	7.659	74.11	0.8671
20150403	7.587	73.59	0.8348
20150404	7.104	71.97	0.8084
20150405	6.916	70.58	0.8033
20150406	4.284	43.18	0.6284
20150407	13.36	41.21	0.6442
20150408	12.15	33.75	0.5529
20150409	12.15	33.75	0.5529
20150410	20.7	40.64	0.4692
20150411	20.7	40.61	0.5028
20150412	16.29	49.32	0.172
20150413	16.24	41.87	0.172
20150414	16.02	42.66	0.1664
20150415	7.085	71.76	0.00864
20150416	7.085	71.76	0.00864
20150417	7.085	71.49	0.00864
20150418	5.222	71.03	0.00864
20150419	5.212	70.86	0.08226
20150420	5.212	70.85	0.101
20150421	4.818	70.47	0.1059
20150422	30.78	52.84	0.1091
20150423	30.65	49.41	0.2969
20150424	23.36	74.4	0.4036
20150425	23.3	74.28	0.5843
20150426	10.46	88.11	0.3612
20150427	10.89	88.08	0.3007
20150428	10.89	88.08	0.3007
20150429	10.86	87.72	0.6812
20150430	10.86	87.51	0.8861
20150501	12.34	85.92	1.003
20150502	12.32	85.67	1.274
20150503	12.32	85.67	1.274
20150504	14.32	84.24	1.193
20150505	14.31	84.24	1.193
20150506	51.28	47.4	1.152
20150507	51.27	47.25	1.234
20150508	68.06	30.56	1.248
20150509	71.77	26.87	1.234
20150510	71.61	24.6	3.726
20150511	71.43	22.04	4.976
20150512	71.4	21.65	4.928
20150513	65.55	25.66	4.882
20150514	65.55	25.61	4.882
20150515	64.88	24.33	5.124
20150516	55.77	35.32	8.466
20150517	55.71	35.08	8.799
20150518	50.42	39.41	9.993
20150519	50.41	39.39	9.993
20150520	51.7	38.07	10.07
20150521	56.63	33.11	9.974
20150522	56.57	32.95	10.07
20150523	56.52	32.68	10.4
20150524	56.46	32.59	10.48
20150525	56.44	32.45	10.64
20150526	55.8	29.92	14.03
20150527	55.65	29.04	14.34
20150528	55.65	28.98	14.32
20150529	55.28	25.75	14.86
20150530	55.22	25.38	15.38
20150531	54.74	23.66	15.29
20150601	47.5	28.93	18.93
20150602	49.72	27.49	18.75
20150603	48.81	26.04	21.65
20150604	48.54	25.08	23.04
20150605	48.2	24.35	23.62
20150606	38.16	25.03	25.75
20150607	37.98	24.58	25.38
20150608	37.66	23.89	28.46
20150609	41.53	20.31	27.66
20150610	41.26	20.13	27.62
20150611	41.09	20.55	29.63
20150612	40.6	17.4	28.92
20150613	40.52	17.5	30.18
20150614	40.21	15.06	29.08
20150615	39.51	14.57	31.24
20150616	39.39	14.51	31.66
20150617	38.94	11.43	31.46
20150618	37.23	11.89	35.59
20150619	36.64	10.29	36.08
20150620	35.63	9.371	42.03
20150621	35.5	9.265	42.45
20150622	34.51	7.442	45.72
20150623	34.36	6.888	45.25
20150624	33.52	6.378	44.58
20150625	30.85	6.3	43.12
20150626	30.76	5.962	43.72
20150627	29.74	5.577	46.48
20150628	29.07	5.37	47.6
20150629	27.23	4.075	50.93
20150630	23.19	10.43	57.17
20150701	19.74	9.38	63.78
20150702	19.69	9.339	63.77
20150703	22.99	8.07	60.61
20150704	22.74	8.047	60.95
20150705	22.69	8.034	60.99
20150706	22.52	7.99	60.99
20150707	22.61	7.67	60.3
20150708	23.03	7.426	60.02
20150709	21.81	7.186	62.52
20150710	19.38	6.821	66.91
20150711	18.49	5.19	67.15
20150712	17.12	3.703	62.39
20150713	11.51	3.465	79.66
20150714	10.04	3.334	82.26
20150715	15.55	3.309	77.34
20150716	15.55	3.308	77.36
20150717	16.16	3.256	76.8
20150718	15.0	3.216	78.03
20150719	14.42	3.563	77.89
20150720	15.23	3.418	77.13
20150721	13.37	2.619	78.95
20150722	11.78	2.61	80.98
20150723	10.21	2.292	83.23
20150724	12.31	2.763	79.47
20150725	11.85	2.594	77.77
20150726	10.9	2.304	73.92
20150727	12.04	2.272	72.82
20150728	8.994	1.934	80.82
20150729	10.73	1.647	78.43
20150730	10.55	1.52	77.64
20150731	10.19	1.52	77.69
20150801	10.54	1.471	75.96
20150802	10.22	0.9997	67.28
20150803	9.986	0.6731	53.49
20150804	7.853	0.3422	65.26
20150805	7.612	0.419	68.94
20150806	7.612	0.419	68.88
20150807	6.26	0.3798	76.69
20150808	7.854	0.2466	61.53
20150809	5.869	0.2289	70.77
20150810	4.182	0.2126	84.41
20150811	4.182	0.2126	84.43
20150812	5.211	0.314	86.54
20150813	6.801	0.6801	85.25
20150814	6.729	0.6801	85.4
20150815	2.454	0.5595	94.91
20150816	0.8489	0.3606	97.91
20150817	1.172	0.3572	98.11
20150818	0.4286	0.2459	99.01
20150819	0.2152	0.2021	99.36
20150820	1.594	0.2637	97.99
20150821	0.2068	0.1206	99.57
20150822	0.1054	0.09297	99.74
20150823	0.1046	0.09297	99.75
20150824	0.7069	0.2415	98.98
20150825	1.263	0.2894	98.38
20150826	0.7871	0.1796	98.92
20150827	0.9851	0.2023	98.67
20150828	0.9823	0.2023	98.66
20150829	2.519	0.249	97.06
20150830	2.309	0.2445	97.26
20150831	2.132	0.2269	97.38
20150901	4.172	0.2487	95.21
20150902	4.005	0.2487	93.92
20150903	4.005	0.2449	93.73
20150904	3.999	0.2333	90.68
20150905	5.656	0.2252	68.74
20150906	6.222	0.7836	60.25
20150907	6.065	0.7792	50.07
20150908	6.188	0.7592	49.87
20150909	6.068	0.7126	43.7
20150910	1.704	0.533	96.84
20150911	0.3796	0.3133	98.94
20150912	0.1961	0.204	99.31
20150913	1.189	0.38	98.25
20150914	0.2868	0.2156	99.32
20150915	0.2723	0.1935	99.36
20150916	0.2111	0.1762	99.46
20150917	1.612	0.5189	97.69
20150918	2.521	1.279	96.01
20150919	2.438	1.27	96.1
20150920	2.576	1.268	95.97
20150921	1.632	0.9562	97.15
20150922	1.471	0.9043	97.28
20150923	2.863	0.8288	95.81
20150924	1.312	0.2703	97.12
20150925	3.622	0.3471	90.7
20150926	3.622	0.3471	90.46
20150927	5.281	0.3779	89.3
20150928	4.97	0.3313	89.49
20150929	4.715	0.349	90.09
20150930	6.053	5.653	85.34
20151001	5.998	5.603	85.45
20151002	6.733	5.799	83.64
20151003	6.686	5.6	83.82
20151004	7.801	20.14	68.75
20151005	6.925	59.22	30.58
20151006	6.762	56.11	30.98
20151007	6.617	53.28	34.11
20151008	6.479	50.14	37.58
20151009	6.376	47.89	40.06
20151010	6.235	45.11	43.11
20151011	7.113	59.77	30.69
20151012	14.14	60.97	23.11
20151013	14.12	60.59	23.48
20151014	14.36	60.4	23.24
20151015	14.27	59.31	24.29
20151016	15.97	57.93	23.91
20151017	18.6	51.77	27.19
20151018	18.16	48.67	30.34
20151019	17.14	41.53	38.12
20151020	17.13	40.02	38.37
20151021	16.89	31.64	34.79
20151022	16.17	13.44	38.17
20151023	14.39	14.32	37.38
20151024	15.04	13.2	36.88
20151025	14.84	13.08	38.04
20151026	14.98	12.53	37.42
20151027	13.78	10.76	37.74
20151028	8.048	36.79	25.65
20151029	7.371	45.08	22.24
20151030	7.006	41.93	27.14
20151031	9.398	50.57	21.08
20151101	9.384	50.56	20.99
20151102	9.259	49.79	21.05
20151103	8.777	47.16	24.25
20151104	19.56	43.96	21.45
20151105	19.94	59.41	13.14
20151106	19.94	59.41	13.14
20151107	19.92	59.37	12.84
20151108	19.9	58.49	12.7
20151109	19.88	57.74	12.46
20151110	19.7	54.2	9.04
20151111	18.23	51.91	8.858
20151112	18.76	51.55	8.787
20151113	18.64	49.93	8.004
20151114	18.35	44.84	3.239
20151115	15.93	40.33	2.108
20151116	14.24	0.3495	0.02085
20151117	15.25	0.3131	0.02085
20151118	15.21	0.2731	0.0
20151119	15.21	0.2398	0.0
20151120	15.21	0.2398	0.0
20151121	14.37	0.2398	0.0
20151122	21.68	0.2966	0.0
20151123	17.04	0.2966	0.0
20151124	17.28	0.277	0.0
20151125	16.71	0.277	0.0
20151126	16.99	0.3403	0.0
20151127	16.25	0.3403	0.0
20151128	15.75	0.3503	0.0
20151129	15.88	0.3204	0.0
20151130	15.88	0.3204	0.0
20151201	15.88	0.3204	0.0
20151202	15.88	0.3204	0.0
20151203	6.575	0.3204	0.0
20151204	6.56	0.3689	0.0
20151205	5.477	0.3689	0.0
20151206	5.678	0.3396	0.0
20151207	5.232	0.3396	0.0
20151208	5.395	0.4	0.0
20151209	4.223	0.4	0.0
20151210	0.9239	0.4	0.0
20151211	0.9239	0.4	0.0
20151212	0.9239	0.4	0.0
20151213	0.9239	0.4	0.0
20151214	0.9239	0.4	0.0
20151215	0.8574	0.4	0.0
20151216	0.8681	0.3931	0.0
20151217	0.4434	0.3931	0.0
20151218	0.454	0.3918	0.0
20151219	0.1812	0.3918	0.0
20151220	14.43	0.2772	0.0
20151221	14.35	0.2772	0.0
20151222	17.4	0.3279	0.0
20151223	19.84	0.3339	0.0
20151224	19.84	0.3339	0.0
20151225	19.84	0.3339	0.0
20151226	19.84	0.3339	0.0
20151227	19.84	0.3339	0.0
20151228	19.79	0.3843	0.0
20151229	19.78	0.3843	0.0
20151230	19.8	0.3713	0.0
20151231	12.9	0.3713	0.0
20160101	12.88	0.3972	0.0
20160102	9.821	0.3972	0.0
20160103	0.679	0.3985	0.0
20160104	0.6919	0.3918	0.0
20160105	0.6919	0.3918	0.0
20160106	0.6919	0.3918	0.0
20160107	0.6919	0.3918	0.0
20160108	0.4076	0.3918	0.0
20160109	0.398	0.4046	0.0
20160110	0.1007	0.4046	0.0
20160111	1.493	0.4014	0.0
20160112	1.474	0.4014	0.0
20160113	7.141	0.4046	0.0
20160114	7.12	0.4046	0.0
20160115	7.107	0.4046	0.0
20160116	7.14	0.4025	0.0
20160117	7.14	0.4025	0.0
20160118	7.14	0.4025	0.0
20160119	7.14	0.4025	0.0
20160120	7.138	0.4025	0.0
20160121	7.137	0.4046	0.0
20160122	6.731	0.4046	0.0
20160123	6.746	0.4044	0.0
20160124	0.7798	0.4044	0.0
20160125	2.196	0.4046	0.0
20160126	1.838	0.4046	0.0
20160127	1.698	0.4046	0.0
20160128	1.698	0.4046	0.0
20160129	1.698	0.4046	0.0
20160130	1.698	0.4046	0.0
20160131	1.698	0.4046	0.0
20160201	1.662	0.4046	0.0
20160202	1.663	0.4046	0.0
20160203	1.627	0.4046	0.0
20160204	1.676	0.7821	0.0
20160205	0.07494	0.7821	0.197
20160206	2.172	0.7821	0.1758
20160207	2.116	0.7787	1.051
20160208	2.13	2.543	1.038
20160209	2.113	7.695	1.031
20160210	2.113	7.69	1.06
20160211	2.113	7.69	1.078
20160212	2.113	7.69	1.078
20160213	2.113	7.69	1.078
20160214	1.329	23.58	1.045
20160215	1.313	23.49	1.37
20160216	1.093	41.81	1.076
20160217	1.048	41.81	1.076
20160218	0.8125	41.7	0.7282
20160219	0.8016	41.31	0.8125
20160220	0.8012	42.88	0.7888
20160221	0.5563	51.33	0.727
20160222	0.4996	51.02	1.272
20160223	0.4996	51.02	1.272
20160224	0.4996	50.9	1.502
20160225	0.4968	49.04	1.632
20160226	0.03512	93.02	0.4566
20160227	0.03418	92.58	0.9015
20160228	1.168	92.74	0.736
20160229	1.168	92.73	0.7454
20160301	1.212	98.44	0.1243
20160302	1.212	98.44	0.1243
20160303	1.227	98.42	0.1243
20160304	0.8664	98.43	0.5464
20160305	0.8664	98.32	0.6585
20160306	0.8664	98.32	0.6585
20160307	0.8664	98.3	0.6585
20160308	0.8664	96.52	0.6585
20160309	0.1262	96.81	1.59
20160310	0.1255	96.77	1.618
20160311	1.223	97.07	1.231
20160312	1.222	96.88	1.231
20160313	1.222	96.88	1.231
20160314	1.219	96.86	1.254
20160315	14.45	83.65	1.238
20160316	22.5	75.76	1.053
20160317	22.5	75.64	1.094
20160318	22.49	75.6	1.139
20160319	22.49	75.45	1.162
20160320	22.49	72.89	1.157
20160321	23.22	73.53	0.1852
20160322	23.19	68.3	0.1593
20160323	23.63	68.35	0.1362
20160324	23.51	67.82	0.3424
20160325	19.74	71.87	0.209
20160326	19.37	71.61	0.1953
20160327	19.2	71.04	0.1946
20160328	15.23	76.24	0.3202
20160329	15.15	76.11	0.3249
20160330	14.98	75.78	0.6239
20160331	14.81	75.45	0.8044
20160401	14.65	74.49	1.224
20160402	3.445	94.89	0.4487
20160403	3.445	94.89	0.4487
20160404	1.048	97.47	0.351
20160405	1.047	97.34	0.4814
20160406	1.619	96.74	0.5152
20160407	1.619	96.74	0.5152
20160408	2.312	96.06	0.5002
20160409	2.625	95.75	0.5002
20160410	2.625	95.75	0.5002
20160411	2.625	95.73	0.5142
20160412	2.625	95.72	0.5142
20160413	2.619	93.47	0.577
20160414	7.938	87.58	0.4765
20160415	7.923	78.91	0.5281
20160416	7.666	62.05	0.4938
20160417	7.543	54.13	0.4241
20160418	1.851	96.26	0.2524
20160419	1.807	95.86	0.7109
20160420	3.543	94.22	0.761
20160421	0.3552	98.66	0.6042
20160422	0.3552	98.64	0.6324
20160423	0.3552	98.57	0.7017
20160424	0.354	98.26	1.009
20160425	0.3356	97.88	1.489
20160426	0.499	97.88	1.348
20160427	0.4983	97.88	1.348
20160428	43.67	52.77	3.54
20160429	43.4	52.38	4.196
20160430	59.0	34.87	6.126
20160501	58.82	33.87	7.307
20160502	50.36	41.07	8.567
20160503	49.34	42.07	8.592
20160504	49.33	42.06	8.602
20160505	49.33	42.06	8.602
20160506	49.27	41.78	8.869
20160507	49.27	41.75	8.893
20160508	52.53	38.07	9.317
20160509	52.49	37.58	9.466
20160510	54.11	35.63	9.831
20160511	54.06	35.05	9.683
20160512	54.05	34.29	9.758
20160513	52.73	24.22	8.969
20160514	43.19	29.3	10.75
20160515	43.73	28.77	11.27
20160516	43.68	28.41	11.25
20160517	43.07	25.62	13.85
20160518	42.93	25.07	15.06
20160519	42.32	24.28	16.94
20160520	35.64	33.51	20.37
20160521	35.07	33.03	20.29
20160522	39.98	28.86	24.68
20160523	39.6	28.4	24.68
20160524	39.31	27.6	26.3
20160525	38.8	24.74	26.17
20160526	30.57	28.75	35.27
20160527	30.47	23.34	44.76
20160528	30.35	23.11	45.06
20160529	27.98	20.64	50.53
20160530	25.38	17.1	57.02
20160531	22.9	16.89	60.07
20160601	24.35	15.31	60.21
20160602	21.59	13.81	64.33
20160603	28.37	12.11	59.28
20160604	28.32	11.95	59.38
20160605	31.75	10.64	57.28
20160606	31.17	9.488	58.07
20160607	31.0	7.456	57.46
20160608	31.88	7.235	56.77
20160609	31.82	6.127	56.58
20160610	29.99	5.44	58.13
20160611	28.64	4.707	59.59
20160612	29.93	4.758	58.03
20160613	30.54	3.673	52.81
20160614	30.35	3.219	52.02
20160615	38.34	3.618	46.89
20160616	37.97	3.59	46.82
20160617	37.91	3.405	45.3
20160618	37.88	3.391	45.37
20160619	37.64	3.377	45.33
20160620	37.64	3.377	45.31
20160621	37.34	2.895	38.41
20160622	36.84	1.752	8.052
20160623	35.08	1.645	17.64
20160624	32.11	1.318	27.16
20160625	29.47	1.133	37.58
20160626	1.267	0.0539	71.81
20160627	1.101	0.03212	81.69
20160628	1.101	0.03212	81.69
20160629	10.87	0.4658	77.72
20160630	8.319	0.1384	82.48
20160701	8.957	0.6038	82.71
20160702	8.233	0.5849	84.12
20160703	7.307	0.5447	85.91
20160704	6.272	0.6525	87.68
20160705	6.203	0.6525	87.67
20160706	8.413	0.6821	85.3
20160707	9.023	1.706	82.71
20160708	7.664	1.636	83.18
20160709	8.773	1.565	82.28
20160710	7.973	1.531	81.54
20160711	7.391	1.181	76.68
20160712	4.473	0.5961	88.07
20160713	3.719	0.6091	89.36
20160714	5.347	0.9426	85.37
20160715	5.091	0.6143	82.45
20160716	5.072	0.6333	82.43
20160717	4.763	0.6205	83.33
20160718	6.731	0.4299	81.45
20160719	6.803	0.4816	81.57
20160720	5.888	0.4113	83.87
20160721	2.93	0.198	95.62
20160722	0.1803	0.06724	99.53
20160723	0.873	0.3172	98.59
20160724	0.8039	0.2517	98.69
20160725	1.452	0.2034	98.08
20160726	1.987	0.2404	97.53
20160727	1.953	0.2404	97.6
20160728	1.946	0.2603	97.58
20160729	1.665	0.2492	97.89
20160730	1.452	0.2626	98.13
20160731	2.294	0.2767	97.26
20160801	2.286	0.272	97.18
20160802	3.784	0.2013	93.91
20160803	3.705	0.1904	90.26
20160804	2.62	0.5764	92.76
20160805	1.123	0.3967	96.35
20160806	2.177	0.4911	93.8
20160807	3.549	0.4603	92.29
20160808	3.546	0.4603	92.29
20160809	3.526	0.4876	91.07
20160810	2.185	0.2453	90.83
20160811	4.255	0.2246	88.08
20160812	4.715	0.2607	87.65
20160813	3.722	0.2164	91.69
20160814	4.954	0.1794	91.93
20160815	3.673	0.1281	92.8
20160816	1.401	0.2528	95.56
20160817	0.1687	0.0663	99.46
20160818	0.3157	0.25	99.26
20160819	0.9661	0.2404	98.63
20160820	0.509	0.1636	99.18
20160821	0.5788	0.2094	99.07
20160822	0.07062	0.037	99.86
20160823	2.196	0.2306	97.54
20160824	1.923	0.3069	97.75
20160825	1.904	0.3069	97.77
20160826	4.165	0.2502	95.56
20160827	4.055	0.2417	95.67
20160828	8.364	0.3082	91.29
20160829	7.957	0.3082	91.66
20160830	8.097	0.444	91.38
20160831	8.457	0.4207	91.04
20160901	8.455	0.4207	91.0
20160902	8.429	0.4498	90.46
20160903	6.204	0.2643	92.96
20160904	7.192	0.5542	54.05
20160905	9.562	2.429	61.62
20160906	8.644	2.087	69.11
20160907	10.22	10.24	62.08
20160908	9.019	8.554	65.69
20160909	8.997	8.196	65.76
20160910	4.852	2.187	83.33
20160911	5.464	2.142	83.48
20160912	6.106	2.421	83.29
20160913	3.102	1.143	91.23
20160914	3.058	1.164	90.29
20160915	2.926	1.124	91.4
20160916	1.683	0.318	97.89
20160917	1.358	0.3467	98.2
20160918	1.224	0.3161	98.36
20160919	2.488	5.296	92.12
20160920	2.331	5.033	92.55
20160921	2.11	0.906	96.93
20160922	0.3223	0.2102	99.41
20160923	1.4	0.3097	98.24
20160924	2.82	0.2851	96.84
20160925	2.813	0.2851	96.84
20160926	2.612	0.3061	96.98
20160927	5.795	0.2823	89.96
20160928	5.909	0.5024	88.46
20160929	7.151	0.5065	88.01
20160930	10.58	1.364	83.73
20161001	12.3	1.758	81.42
20161002	11.39	3.042	82.73
20161003	12.2	12.31	69.16
20161004	11.11	33.81	52.75
20161005	15.95	28.03	54.02
20161006	16.29	27.78	53.95
20161007	15.42	22.91	59.76
20161008	10.2	13.64	74.77
20161009	10.09	4.265	85.15
20161010	4.263	3.648	91.71
20161011	11.2	3.284	85.16
20161012	13.88	2.894	82.87
20161013	14.39	2.787	82.15
20161014	14.4	2.625	82.25
20161015	6.027	2.517	89.03
20161016	14.88	2.377	80.97
20161017	17.51	3.685	77.36
20161018	11.32	6.254	81.01
20161019	12.21	7.773	79.05
20161020	4.186	4.286	90.79
20161021	10.69	7.877	80.88
20161022	5.086	6.147	88.19
20161023	14.78	9.195	75.5
20161024	25.33	9.414	64.74
20161025	24.44	12.3	62.73
20161026	12.98	11.67	74.9
20161027	12.51	13.97	72.99
20161028	19.11	20.93	59.38
20161029	28.68	27.14	43.75
20161030	24.09	35.18	39.61
20161031	31.94	44.81	21.41
20161101	27.13	45.04	25.56
20161102	26.62	44.74	25.92
20161103	25.06	51.56	20.19
20161104	24.33	57.66	14.75
20161105	20.68	54.47	21.58
20161106	39.24	47.51	9.892
20161107	39.22	47.39	9.895
20161108	45.33	43.33	7.426
20161109	45.26	42.51	6.995
20161110	48.17	39.8	5.993
20161111	48.27	35.99	5.438
20161112	47.71	34.0	4.407
20161113	47.47	32.87	4.047
20161114	47.39	31.1	3.886
20161115	47.34	24.49	3.456
20161116	46.28	4.879	0.6506
20161117	44.2	3.854	0.6134
20161118	45.02	0.3899	0.0
20161119	41.27	0.3899	0.0
20161120	41.27	0.3899	0.0
20161121	35.88	0.3899	0.0
20161122	17.49	0.3976	0.0
20161123	22.12	0.3869	0.0
20161124	22.09	0.3869	0.0
20161125	22.2	0.392	0.0
20161126	21.75	0.392	0.0
20161127	24.34	0.4034	0.0
20161128	26.03	0.398	0.0
20161129	24.85	0.398	0.0
20161130	25.45	0.3999	0.0
20161201	25.45	0.3999	0.0
20161202	25.45	0.3999	0.0
20161203	22.25	0.3999	0.0
20161204	20.95	0.4031	0.0
20161205	21.15	0.4029	0.0
20161206	21.09	0.4029	0.0
20161207	21.11	0.4034	0.0
20161208	17.81	0.4034	0.0
20161209	13.32	0.4046	0.0
20161210	13.49	0.4046	0.0
20161211	11.43	0.4046	0.0
20161212	11.67	0.4038	0.0
20161213	11.67	0.4038	0.0
20161214	13.27	0.4046	0.0
20161215	6.544	0.4046	0.0
20161216	10.99	0.349	0.0
20161217	25.15	0.2693	0.0
20161218	25.13	0.2693	0.0
20161219	25.13	0.2693	0.0
20161220	23.71	0.2693	0.0
20161221	31.75	0.2072	0.0
20161222	34.46	0.2282	0.0
20161223	34.27	0.2282	0.0
20161224	41.85	0.2949	0.0
20161225	43.1	0.2958	0.0
20161226	44.45	0.3441	0.0
20161227	45.51	0.3334	0.0
20161228	41.99	0.3291	0.0
20161229	42.08	0.3424	0.0
20161230	42.22	0.3452	0.0
20161231	42.19	0.3779	0.0
20170101	26.51	0.3527	0.0
20170102	24.79	0.3525	0.0
20170103	28.44	0.3807	0.0
20170104	28.12	0.3677	0.0
20170105	27.76	0.3837	0.0
20170106	25.23	0.3824	0.0
20170107	25.2	0.4023	0.0
20170108	23.67	0.3901	0.0
20170109	23.96	0.3901	0.0
20170110	19.32	0.4046	0.0
20170111	13.44	0.4025	0.0
20170112	10.69	0.4025	0.0
20170113	14.14	0.4025	0.0
20170114	14.09	0.4025	0.0
20170115	12.5	0.4046	0.0
20170116	11.78	0.4031	0.0
20170117	10.64	0.4046	0.0
20170118	10.57	0.4046	0.0
20170119	10.57	0.4046	0.0
20170120	11.08	0.4046	0.0
20170121	11.68	0.4046	0.0
20170122	8.748	0.4046	0.0
20170123	7.606	0.4046	0.0
20170124	7.424	0.4046	0.0
20170125	27.17	0.3856	0.0
20170126	27.99	0.3856	0.0
20170127	54.38	0.1923	0.0
20170128	56.95	0.3199	0.0
20170129	57.09	0.3471	0.0
20170130	60.64	0.349	0.0
20170131	64.54	0.3786	0.0
20170201	69.73	0.3694	0.0
20170202	69.73	0.3769	0.0
20170203	55.24	5.472	0.02385
20170204	40.74	5.407	0.02385
20170205	26.07	16.4	0.9571
20170206	10.69	67.27	0.798
20170207	1.724	91.87	0.3916
20170208	1.828	92.76	0.6523
20170209	1.892	95.42	0.4025
20170210	1.887	95.39	0.426
20170211	1.26	96.65	0.4705
20170212	5.648	92.28	0.463
20170213	34.51	63.08	0.4605
20170214	40.35	57.3	0.608
20170215	40.29	57.04	0.5946
20170216	40.28	56.61	0.5946
20170217	39.11	55.83	0.6155
20170218	47.66	33.02	0.2609
20170219	38.54	46.87	0.2716
20170220	25.2	51.8	0.278
20170221	19.13	57.64	0.1705
20170222	14.86	69.69	0.422
20170223	14.71	69.61	0.3905
20170224	14.38	69.5	0.3905
20170225	5.162	77.42	1.269
20170226	2.856	79.89	1.15
20170227	0.5835	93.78	0.3471
20170228	0.3069	94.42	0.2851
20170301	0.1337	92.31	0.2992
20170302	0.2113	93.99	0.2522
20170303	0.08264	94.99	0.4369
20170304	0.1908	94.14	0.6318
20170305	0.1679	94.14	0.5052
20170306	0.1812	97.98	0.2164
20170307	0.1914	97.68	0.2162
20170308	0.1256	98.58	0.1606
20170309	0.1548	98.36	0.1422
20170310	0.1673	97.86	0.404
20170311	0.1542	97.69	0.3617
20170312	0.1692	97.34	0.4228
20170313	0.1595	94.89	0.4087
20170314	0.1326	65.34	0.3957
20170315	0.08433	45.49	0.2821
20170316	0.1078	51.3	0.3777
20170317	0.3227	68.94	0.4318
20170318	0.1195	74.12	0.3486
20170319	0.1208	74.67	0.3251
20170320	0.1208	71.84	0.3251
20170321	0.1264	72.57	0.3063
20170322	0.02348	80.51	0.1859
20170323	0.01672	76.49	0.1741
20170324	0.01146	80.5	0.3105
20170325	0.01146	77.96	0.348
20170326	0.5094	77.0	0.339
20170327	0.9257	77.03	0.3379
20170328	6.762	72.61	0.1589
20170329	7.222	59.64	0.1467
20170330	7.182	58.02	0.1373
20170331	6.518	45.34	0.05221
20170401	5.175	46.04	0.02348
20170402	1.71	73.58	0.009391
20170403	1.852	72.7	0.009391
20170404	13.44	64.41	0.009391
20170405	28.33	55.02	0.06555
20170406	28.33	54.63	0.09372
20170407	31.98	49.96	0.1118
20170408	10.73	85.49	0.02047
20170409	14.11	80.86	0.02047
20170410	13.97	81.15	0.02047
20170411	14.03	80.48	0.02047
20170412	12.26	80.61	0.009391
20170413	5.033	90.23	0.0
20170414	3.147	91.79	0.004695
20170415	3.528	60.61	0.004695
20170416	3.305	61.38	0.004695
20170417	1.5	78.69	0.0
20170418	1.451	78.68	0.0
20170419	1.423	76.7	0.0
20170420	1.394	72.05	0.0
20170421	1.578	68.74	0.0
20170422	1.173	65.85	0.009391
20170423	0.2455	84.05	0.0
20170424	0.3469	64.16	0.0
20170425	1.062	86.85	0.0
20170426	2.856	95.65	0.0
20170427	2.472	96.53	0.0
20170428	0.2128	99.78	0.004695
20170429	0.4023	99.59	0.004695
20170430	0.4538	99.54	0.004695
20170501	0.9449	99.05	0.004695
20170502	1.267	98.73	0.004695
20170503	5.369	94.62	0.009391
20170504	6.325	93.67	0.009391
20170505	58.88	41.07	0.0169
20170506	60.41	17.33	0.0169
20170507	63.43	16.32	0.03437
20170508	64.63	19.33	0.06292
20170509	57.65	28.42	0.06292
20170510	57.26	23.12	0.05822
20170511	40.32	52.06	0.0509
20170512	26.68	56.28	0.09241
20170513	18.7	70.03	0.09616
20170514	11.74	85.7	0.1636
20170515	23.03	76.55	0.2496
20170516	15.89	83.69	0.2402
20170517	23.95	75.63	0.238
20170518	33.69	65.61	0.5169
20170519	68.19	31.08	0.5326
20170520	72.16	27.07	0.497
20170521	75.15	24.02	0.4665
20170522	73.96	17.22	0.3617
20170523	73.41	17.38	0.4506
20170524	72.0	18.59	0.4496
20170525	70.04	15.68	0.759
20170526	66.33	19.21	0.8608
20170527	63.72	26.7	3.132
20170528	67.64	22.41	3.093
20170529	66.88	23.19	3.032
20170530	66.25	22.33	3.009
20170531	64.61	24.32	2.92
20170601	65.34	22.32	2.901
20170602	63.84	24.27	3.679
20170603	34.18	55.58	5.945
20170604	46.12	43.58	5.982
20170605	44.05	45.69	5.914
20170606	61.71	27.77	6.06
20170607	47.23	41.25	8.696
20170608	50.05	36.23	12.97
20170609	50.39	32.58	16.55
20170610	44.6	30.71	21.13
20170611	42.99	30.84	22.7
20170612	35.91	34.83	24.57
20170613	38.78	29.74	27.1
20170614	39.5	23.63	29.1
20170615	39.35	20.74	29.26
20170616	39.19	18.51	29.25
20170617	37.12	18.73	32.03
20170618	38.33	14.95	31.5
20170619	37.66	11.85	31.65
20170620	37.68	8.824	30.65
20170621	37.71	4.349	20.59
20170622	36.73	5.589	23.83
20170623	34.05	6.503	33.33
20170624	31.86	6.842	31.12
20170625	33.39	5.371	30.68
20170626	34.17	4.49	28.71
20170627	33.74	3.907	26.99
20170628	32.88	4.192	32.03
20170629	31.58	3.177	36.76
20170630	29.07	2.316	48.52
20170701	28.05	2.585	48.75
20170702	26.94	2.468	52.92
20170703	27.76	1.595	51.67
20170704	28.02	1.541	51.64
20170705	26.84	1.166	51.0
20170706	25.99	1.287	51.58
20170707	25.39	1.68	43.5
20170708	25.45	1.481	40.53
20170709	25.25	1.442	37.22
20170710	23.75	1.354	37.54
20170711	20.24	2.04	58.55
20170712	22.01	1.485	57.31
20170713	21.99	1.372	56.49
20170714	20.85	1.55	50.45
20170715	20.42	2.197	56.79
20170716	20.42	2.048	54.29
20170717	19.09	2.074	54.06
20170718	18.54	3.792	26.86
20170719	18.15	3.426	29.71
20170720	18.59	3.302	29.82
20170721	17.44	2.992	45.81
20170722	17.23	0.95	54.46
20170723	11.26	0.6301	82.42
20170724	12.04	0.5619	82.13
20170725	6.871	0.3677	91.29
20170726	8.337	0.2558	90.33
20170727	8.984	0.2372	89.88
20170728	7.509	0.2068	91.45
20170729	5.196	0.1754	93.54
20170730	7.824	0.2832	90.68
20170731	10.67	0.1728	87.91
20170801	11.82	0.1685	86.36
20170802	11.73	0.2314	85.82
20170803	11.84	0.1625	82.27
20170804	9.373	0.3905	77.78
20170805	10.11	0.5687	49.99
20170806	9.376	0.697	55.82
20170807	9.491	7.426	57.58
20170808	9.545	2.043	79.45
20170809	9.53	1.951	79.85
20170810	9.322	2.498	78.38
20170811	7.795	1.572	83.32
20170812	8.39	1.814	82.15
20170813	8.637	1.366	82.32
20170814	8.848	1.083	81.14
20170815	11.0	1.055	66.41
20170816	6.516	0.6825	85.13
20170817	8.52	0.4823	83.67
20170818	8.232	0.4598	81.44
20170819	8.039	0.3375	83.01
20170820	8.392	0.3822	75.88
20170821	8.55	0.3121	75.68
20170822	7.375	0.237	72.97
20170823	7.498	0.2173	43.09
20170824	9.521	0.1356	35.29
20170825	12.66	1.884	29.97
20170826	13.88	2.57	3.539
20170827	15.21	1.754	32.84
20170828	14.42	1.655	35.35
20170829	14.96	1.904	34.25
20170830	14.94	1.898	34.49
20170831	14.66	2.507	34.79
20170901	14.53	1.547	34.71
20170902	12.93	1.078	38.62
20170903	9.747	0.8371	17.53
20170904	3.235	0.3617	93.33
20170905	4.201	0.2246	93.15
20170906	5.085	0.2248	92.32
20170907	2.659	0.351	95.59
20170908	4.815	0.2162	93.5
20170909	4.693	0.2218	93.42
20170910	8.217	0.7599	89.64
20170911	8.015	1.178	88.38
20170912	9.485	5.872	81.8
20170913	9.787	5.868	81.45
20170914	8.56	4.625	45.92
20170915	8.215	5.262	40.97
20170916	10.76	5.19	40.77
20170917	10.88	4.752	40.32
20170918	10.1	3.917	41.66
20170919	6.139	0.9808	61.31
20170920	7.848	0.9644	68.49
20170921	6.428	1.347	70.49
20170922	8.767	0.457	78.26
20170923	8.341	1.483	77.33
20170924	5.868	0.3075	91.73
20170925	7.132	0.249	91.13
20170926	4.321	0.2887	93.81
20170927	1.576	0.2579	97.32
20170928	1.354	0.4874	97.25
20170929	2.004	0.2922	96.78
20170930	2.749	0.348	96.21
20171001	1.411	0.394	97.49
20171002	2.579	0.3093	96.11
20171003	2.632	2.154	94.12
20171004	8.779	1.805	87.41
20171005	8.694	1.704	87.3
20171006	11.63	1.544	84.19
20171007	12.3	1.917	81.8
20171008	10.38	4.503	52.18
20171009	7.935	4.235	67.07
20171010	5.485	6.972	73.35
20171011	9.327	9.364	69.53
20171012	10.92	12.77	65.63
20171013	5.061	22.99	66.83
20171014	8.434	24.65	59.83
20171015	7.065	28.91	56.11
20171016	15.37	26.12	50.21
20171017	13.53	44.32	36.87
20171018	21.02	41.21	32.57
20171019	23.63	43.6	28.11
20171020	11.67	71.94	11.84
20171021	13.52	70.1	12.88
20171022	7.231	78.43	11.12
20171023	32.32	64.34	2.478
20171024	30.03	66.71	2.461
20171025	20.89	73.79	4.669
20171026	21.46	69.6	7.983
20171027	21.37	69.52	7.937
20171028	20.94	69.66	7.898
20171029	14.85	76.69	7.164
20171030	18.44	77.86	2.644
20171031	11.69	85.44	2.158
20171101	14.51	83.15	1.489
20171102	13.69	83.13	2.447
20171103	16.15	81.24	2.184
20171104	18.31	77.57	3.652
20171105	16.28	80.29	2.849
20171106	12.22	84.46	2.377
20171107	12.68	80.26	2.252
20171108	12.16	76.58	2.245
20171109	12.09	64.98	1.743
20171110	11.3	56.16	1.452
20171111	10.98	34.28	0.02892
20171112	14.14	17.46	0.004508
20171113	14.19	0.4014	0.0
20171114	13.57	0.401	0.0
20171115	13.1	0.4046	0.0
20171116	13.19	0.4036	0.0
20171117	14.17	0.4008	0.0
20171118	13.43	0.4044	0.0
20171119	10.55	0.4044	0.0
20171120	10.8	0.4046	0.0
20171121	15.98	0.4046	0.0
20171122	15.96	0.4046	0.0
20171123	16.59	0.4046	0.0
20171124	16.13	0.4046	0.0
20171125	16.21	0.4046	0.0
20171126	16.25	0.4046	0.0
20171127	16.25	0.4046	0.0
20171128	15.13	0.4046	0.0
20171129	16.12	0.4042	0.0
20171130	12.7	0.4046	0.0
20171201	14.76	0.4036	0.0
20171202	14.61	0.4036	0.0
20171203	14.87	0.4046	0.0
20171204	14.86	0.4046	0.0
20171205	15.18	0.4046	0.0
20171206	14.08	0.4046	0.0
20171207	14.02	0.4042	0.0
20171208	7.78	0.4042	0.0
20171209	7.807	0.4046	0.0
20171210	7.421	0.4046	0.0
20171211	8.468	0.4046	0.0
20171212	6.574	0.4046	0.0
20171213	13.49	0.4046	0.0
20171214	13.44	0.4046	0.0
20171215	13.42	0.4046	0.0
20171216	13.5	0.4046	0.0
20171217	14.79	0.4046	0.0
20171218	17.74	0.4044	0.0
20171219	17.74	0.4044	0.0
20171220	17.53	0.3756	0.0
20171221	17.67	0.4014	0.0
20171222	17.83	0.4012	0.0
20171223	18.06	0.4034	0.0
20171224	16.37	0.4046	0.0
20171225	7.009	0.4046	0.0
20171226	5.897	0.4046	0.0
20171227	7.709	0.4046	0.0
20171228	7.621	0.4046	0.0
20171229	7.711	0.4046	0.0
20171230	8.376	0.4044	0.0
20171231	8.384	0.4046	0.0
20180101	7.718	0.4046	0.0
20180102	8.118	0.4046	0.0
20180103	8.0	0.4046	0.0
20180104	8.153	0.4046	0.0
20180105	7.955	0.4046	0.0
20180106	10.16	0.4046	0.0
20180107	10.16	0.4046	0.0
20180108	10.28	0.4046	0.0
20180109	10.46	0.4046	0.0
20180110	9.862	0.4046	0.0
20180111	10.54	0.4046	0.0
20180112	10.6	0.4046	0.0
20180113	3.838	0.4046	0.0
20180114	5.615	0.4046	0.0
20180115	5.363	0.4046	0.0
20180116	5.235	0.4044	0.0
20180117	4.604	0.4046	0.0
20180118	5.115	0.4046	0.0
20180119	4.997	0.4046	0.0
20180120	7.93	0.4046	0.0
20180121	7.88	0.4046	0.0
20180122	8.381	0.4046	0.0
20180123	10.05	0.4046	0.0
20180124	10.07	0.4046	0.0
20180125	10.04	0.4046	0.0
20180126	10.11	0.4046	0.0
20180127	9.054	0.4046	0.0
20180128	9.053	0.4046	0.0
20180129	8.063	0.4046	0.0
20180130	7.352	0.4046	0.0
20180131	7.299	0.4046	0.0
20180201	11.91	0.4046	0.0
20180202	11.9	0.4046	0.0
20180203	12.82	0.4046	0.0
20180204	14.89	0.4046	0.0
20180205	14.89	0.4046	0.0
20180206	13.49	16.0	0.9408
20180207	9.613	59.67	1.186
20180208	11.07	58.57	1.128
20180209	4.932	83.8	0.7792
20180210	4.742	85.71	0.7056
20180211	1.076	93.66	2.796
20180212	0.9661	93.02	4.003
20180213	5.757	91.06	2.294
20180214	1.64	92.03	5.15
20180215	4.877	89.68	4.263
20180216	9.416	88.98	1.07
20180217	3.343	96.04	0.4688
20180218	4.204	95.06	0.4457
20180219	6.86	91.18	1.734
20180220	12.18	87.32	0.2288
20180221	6.612	93.03	0.1685
20180222	1.414	98.36	0.1226
20180223	8.183	91.36	0.2301
20180224	7.402	92.04	0.2066
20180225	13.63	85.79	0.1619
20180226	7.937	90.24	1.321
20180227	9.895	89.3	0.2321
20180228	11.74	87.08	0.1805
20180301	11.54	84.46	0.1664
20180302	11.54	83.8	0.157
20180303	11.52	82.86	0.2087
20180304	13.25	76.14	0.2753
20180305	9.011	80.65	0.4262
20180306	3.564	86.79	0.07344
20180307	10.88	80.92	0.1247
20180308	9.797	81.29	0.1112
20180309	15.11	79.85	0.0077
20180310	11.5	83.48	0.002629
20180311	10.06	85.22	0.04977
20180312	10.44	86.54	0.06592
20180313	9.368	87.31	0.1251
20180314	9.292	87.24	0.1349
20180315	6.26	92.42	0.01822
20180316	13.16	86.56	0.01146
20180317	14.29	85.43	0.006198
20180318	12.41	87.2	0.07663
20180319	12.54	87.05	0.07531
20180320	11.49	88.01	0.07099
20180321	11.18	88.23	0.1273
20180322	10.79	87.95	0.1555
20180323	6.679	89.97	0.03155
20180324	11.28	87.48	0.001315
20180325	11.42	87.23	0.001315
20180326	11.49	87.09	0.001315
20180327	9.788	88.53	0.1459
20180328	10.41	87.88	0.1741
20180329	9.623	88.16	0.2761
20180330	8.875	80.87	0.3063
20180331	7.059	36.84	0.283
20180401	4.14	50.27	0.3103
20180402	2.522	81.74	0.1127
20180403	0.4374	94.55	0.02254
20180404	1.448	95.02	0.02254
20180405	1.988	95.39	0.02254
20180406	2.11	95.12	0.02254
20180407	1.96	95.27	0.05541
20180408	0.3533	98.47	0.03287
20180409	1.238	97.48	0.08771
20180410	1.799	81.91	0.07813
20180411	1.78	79.33	0.07719
20180412	0.8553	85.28	0.004508
20180413	1.172	87.67	0.004508
20180414	9.91	90.09	0.0
20180415	10.96	89.04	0.0
20180416	26.72	73.28	0.0
20180417	14.1	85.87	0.02667
20180418	7.508	92.43	0.06555
20180419	12.15	87.79	0.06555
20180420	54.29	45.65	0.06198
20180421	65.79	34.16	0.05691
20180422	68.54	31.4	0.05409
20180423	59.52	40.2	0.2797
20180424	63.24	36.51	0.247
20180425	62.53	22.83	0.197
20180426	60.51	27.41	0.2998
20180427	58.96	27.34	0.2998
20180428	60.31	24.52	0.2926
20180429	63.76	21.09	0.4312
20180430	62.99	12.56	0.2714
20180501	49.18	29.35	2.907
20180502	46.77	34.42	2.987
20180503	50.25	30.34	4.179
20180504	54.99	31.62	6.079
20180505	51.74	34.3	6.193
20180506	64.49	25.53	7.908
20180507	64.57	25.44	7.908
20180508	52.69	35.17	10.32
20180509	44.93	41.46	12.22
20180510	48.66	34.21	16.72
20180511	47.34	33.34	18.62
20180512	46.03	33.29	20.22
20180513	45.03	33.38	20.88
20180514	31.72	39.65	28.46
20180515	33.91	35.02	30.74
20180516	33.92	29.06	36.18
20180517	26.67	30.18	41.64
20180518	31.97	20.15	41.77
20180519	31.33	19.39	42.51
20180520	32.14	17.01	41.92
20180521	32.14	14.91	41.15
20180522	32.74	13.32	40.16
20180523	35.75	11.23	37.11
20180524	35.72	4.319	19.64
20180525	31.02	1.663	43.29
20180526	30.88	3.098	46.19
20180527	32.12	2.513	45.41
20180528	32.04	2.245	46.73
20180529	31.72	2.215	46.81
20180530	28.19	2.108	50.58
20180531	26.26	2.174	54.41
20180601	21.05	4.247	62.97
20180602	20.99	3.451	62.89
20180603	23.46	2.976	60.32
20180604	29.59	2.052	56.45
20180605	29.45	4.458	55.18
20180606	29.95	4.207	53.77
20180607	31.77	3.916	50.58
20180608	36.31	3.084	21.29
20180609	37.03	3.005	18.43
20180610	36.95	2.901	18.39
20180611	36.28	2.597	17.07
20180612	36.14	0.622	11.83
20180613	35.99	0.5914	7.819
20180614	35.05	1.591	9.537
20180615	31.73	2.279	10.25
20180616	28.63	2.168	12.78
20180617	19.58	2.697	69.4
20180618	19.18	2.652	69.2
20180619	19.59	2.622	68.81
20180620	19.32	8.896	62.39
20180621	19.62	9.963	60.63
20180622	19.17	9.762	60.41
20180623	18.6	9.656	59.85
20180624	17.35	7.611	19.82
20180625	18.21	7.518	19.84
20180626	18.16	7.525	20.24
20180627	17.95	1.528	21.03
20180628	18.17	0.3443	25.36
20180629	18.17	0.3219	25.67
20180630	17.19	0.2569	30.97
20180701	9.455	2.532	83.12
20180702	7.497	1.363	90.08
20180703	8.635	1.192	89.14
20180704	9.533	1.117	88.28
20180705	10.27	0.8076	87.98
20180706	10.18	0.8362	87.97
20180707	10.15	0.8362	87.76
20180708	7.791	0.4647	89.2
20180709	7.467	0.3439	79.05
20180710	6.021	0.3403	91.82
20180711	3.24	0.3503	95.53
20180712	2.309	0.3221	96.34
20180713	1.707	0.2748	97.54
20180714	2.497	0.1966	96.87
20180715	3.381	0.2445	95.87
20180716	2.656	0.2761	96.62
20180717	1.906	0.1897	97.54
20180718	0.8775	0.1025	98.66
20180719	2.196	0.2303	97.3
20180720	1.683	0.1662	97.72
20180721	2.245	0.2188	97.22
20180722	3.616	0.1878	95.96
20180723	3.808	0.2186	95.69
20180724	3.768	0.204	95.57
20180725	4.173	0.2447	94.16
20180726	3.254	0.2021	93.06
20180727	2.65	0.2241	95.72
20180728	0.5854	0.3093	98.37
20180729	0.9391	0.2412	98.41
20180730	0.8961	0.2682	98.45
20180731	0.6164	0.2746	98.8
20180801	0.3747	0.04996	99.36
20180802	2.438	0.07325	97.2
20180803	3.897	0.2092	95.5
20180804	3.768	0.2246	95.38
20180805	3.213	0.2008	94.77
20180806	3.483	0.2376	94.4
20180807	4.246	0.1625	89.89
20180808	4.487	0.2019	88.1
20180809	4.499	0.3972	86.58
20180810	5.578	0.3217	85.88
20180811	5.345	0.7954	86.17
20180812	6.222	0.8018	83.84
20180813	6.257	0.9744	83.26
20180814	6.979	1.139	82.32
20180815	6.595	1.152	37.32
20180816	6.545	1.087	37.68
20180817	6.145	0.9751	37.5
20180818	3.001	0.4124	75.8
20180819	4.99	0.4374	75.96
20180820	5.683	1.491	74.93
20180821	5.331	3.35	78.24
20180822	5.499	1.784	88.93
20180823	4.525	1.762	90.34
20180824	5.718	1.714	89.49
20180825	5.735	1.7	82.71
20180826	4.85	1.02	88.17
20180827	5.645	0.9603	88.69
20180828	2.133	0.4151	96.53
20180829	2.306	0.3379	96.01
20180830	4.119	0.41	94.02
20180831	4.787	0.2023	93.52
20180901	4.546	0.2592	94.24
20180902	4.952	0.3339	93.43
20180903	5.358	3.47	89.55
20180904	3.596	2.635	91.42
20180905	2.513	0.249	96.14
20180906	0.9088	0.04808	98.48
20180907	2.247	0.2327	96.99
20180908	3.488	0.2008	95.94
20180909	1.351	0.253	98.14
20180910	0.6852	0.1536	98.93
20180911	1.587	0.878	97.3
20180912	3.784	0.5353	95.4
20180913	5.207	0.5666	93.74
20180914	5.272	1.472	92.6
20180915	7.45	1.39	89.49
20180916	7.967	2.127	74.94
20180917	8.662	1.845	80.97
20180918	8.819	1.718	77.86
20180919	9.867	10.84	66.58
20180920	8.943	7.903	64.93
20180921	8.438	6.362	70.25
20180922	5.024	4.577	85.03
20180923	7.749	4.412	82.65
20180924	10.51	4.048	74.08
20180925	12.88	5.436	70.56
20180926	12.79	4.745	69.8
20180927	18.95	19.42	51.94
20180928	16.27	30.01	43.13
20180929	18.23	33.06	17.87
20180930	18.19	34.45	17.35
20181001	27.64	31.65	16.05
20181002	27.99	31.96	16.68
20181003	22.08	44.74	15.29
20181004	20.38	44.07	18.54
20181005	20.17	42.35	12.85
20181006	20.46	42.57	11.78
20181007	18.82	50.1	9.533
20181008	15.56	52.13	8.874
20181009	14.3	56.11	8.149
20181010	13.18	53.36	9.095
20181011	39.23	33.86	5.329
20181012	30.22	42.34	17.94
20181013	35.43	35.72	17.66
20181014	36.78	33.35	17.71
20181015	29.86	33.8	26.36
20181016	26.14	24.37	41.28
20181017	22.82	23.82	45.88
20181018	23.69	22.11	49.41
20181019	23.12	31.68	40.13
20181020	21.45	37.08	36.78
20181021	22.74	44.11	30.05
20181022	20.71	42.94	32.35
20181023	27.43	41.01	29.69
20181024	11.3	65.1	22.98
20181025	41.6	46.54	11.56
20181026	50.48	42.02	7.318
20181027	36.88	55.76	7.24
20181028	34.52	53.02	12.35
20181029	27.08	61.76	11.08
20181030	49.79	46.76	3.42
20181031	56.62	41.25	2.079
20181101	30.34	65.19	4.435
20181102	36.53	59.23	4.173
20181103	31.99	60.75	7.113
20181104	50.89	42.29	6.298
20181105	42.09	50.23	7.04
20181106	36.35	52.12	7.582
20181107	35.21	48.2	8.15
20181108	36.59	37.89	6.82
20181109	36.48	37.79	6.812
20181110	34.68	30.6	4.755
20181111	33.54	30.31	4.713
20181112	33.71	18.51	2.033
20181113	32.63	6.14	1.104
20181114	23.89	0.09992	0.0
20181115	21.22	0.1112	0.0
20181116	27.3	0.01935	0.0
20181117	27.53	0.01672	0.0
20181118	39.64	0.08114	0.0
20181119	44.08	0.08564	0.0
20181120	44.01	0.1608	0.0
20181121	43.99	0.1553	0.0
20181122	43.96	0.3153	0.0
20181123	43.63	0.2318	0.0
20181124	43.68	0.2265	0.0
20181125	39.1	0.3283	0.0
20181126	22.52	0.3283	0.0
20181127	20.06	0.3285	0.0
20181128	20.14	0.3664	0.0
20181129	20.35	0.3662	0.0
20181130	16.36	0.3458	0.0
20181201	13.45	0.3221	0.0
20181202	13.07	0.3531	0.0
20181203	13.14	0.3518	0.0
20181204	13.1	0.4029	0.0
20181205	13.24	0.3828	0.0
20181206	17.28	0.3214	0.0
20181207	14.97	0.3709	0.0
20181208	26.9	0.3463	0.0
20181209	26.85	0.3463	0.0
20181210	35.0	0.3965	0.0
20181211	35.0	0.3963	0.0
20181212	36.21	0.3837	0.0
20181213	33.14	0.3621	0.0
20181214	33.12	0.382	0.0
20181215	29.15	0.382	0.0
20181216	30.6	0.4046	0.0
20181217	40.24	0.3991	0.0
20181218	45.84	0.3568	0.0
20181219	44.26	0.404	0.0
20181220	46.72	0.3612	0.0
20181221	46.68	0.3615	0.0
20181222	50.2	0.4025	0.0
20181223	50.21	0.4025	0.0
20181224	50.56	0.3954	0.0
20181225	50.19	0.3784	0.0
20181226	50.17	0.4042	0.0
20181227	48.35	0.4042	0.0
20181228	48.37	0.4046	0.0
20181229	39.82	0.4046	0.0
20181230	40.88	0.4023	0.0
20181231	26.29	0.4046	0.0
20190101	25.72	0.4	0.0
20190102	25.61	0.4	0.0
20190103	24.75	0.4046	0.0
20190104	24.55	0.4046	0.0
20190105	23.79	0.4042	0.0
20190106	33.75	0.3615	0.0
20190107	36.56	0.3903	0.0
20190108	22.96	0.391	0.0
20190109	25.5	0.4046	0.0
20190110	26.24	0.4002	0.0
20190111	27.28	0.4031	0.0
20190112	26.4	0.4046	0.0
20190113	31.21	0.4046	0.0
20190114	28.6	0.4046	0.0
20190115	29.84	0.4046	0.0
20190116	29.42	0.4046	0.0
20190117	28.21	0.4027	0.0
20190118	26.23	0.4046	0.0
20190119	26.18	0.4046	0.0
20190120	13.66	0.4046	0.0
20190121	13.73	0.4046	0.0
20190122	9.102	0.4046	0.0
20190123	9.224	0.4046	0.0
20190124	6.712	0.4046	0.0
20190125	6.524	0.4046	0.0
20190126	6.41	0.4046	0.0
20190127	11.59	0.4046	0.0
20190128	11.54	0.4046	0.0
20190129	12.9	0.4046	0.0
20190130	14.39	0.4046	0.0
20190131	14.48	0.4046	0.0
20190201	14.7	0.4046	0.0
20190202	14.97	0.4046	0.0
20190203	16.31	0.4046	0.0
20190204	15.23	9.64	0.009391
20190205	7.351	45.23	0.2862
20190206	13.59	60.28	0.6696
20190207	11.19	66.98	2.141
20190208	25.26	65.97	1.091
20190209	10.02	87.62	0.4881
20190210	23.18	74.94	0.4832
20190211	28.3	70.06	0.4401
20190212	21.86	75.82	1.059
20190213	19.22	78.17	1.341
20190214	16.24	79.99	1.984
20190215	14.32	81.87	1.797
20190216	15.04	75.36	1.759
20190217	7.8	85.73	1.816
20190218	14.92	77.62	1.645
20190219	14.79	76.67	1.505
20190220	16.16	72.64	1.867
20190221	8.625	80.73	1.588
20190222	20.44	66.59	1.138
20190223	42.16	50.31	0.9432
20190224	52.24	41.93	0.5208
20190225	55.25	38.79	0.916
20190226	62.27	32.87	0.7094
20190227	58.44	33.29	0.6519
20190228	64.5	27.42	0.7584
20190301	62.75	30.1	0.6649
20190302	55.93	37.82	0.4369
20190303	44.97	45.71	0.4089
20190304	43.88	45.63	0.3276
20190305	43.36	45.54	0.3276
20190306	41.5	44.62	0.3276
20190307	26.57	60.27	0.1762
20190308	24.32	61.95	0.1044
20190309	21.27	60.47	0.09992
20190310	7.647	75.19	0.05109
20190311	5.465	84.2	0.03137
20190312	5.438	85.55	0.262
20190313	5.085	85.51	0.262
20190314	4.117	86.45	0.4123
20190315	3.755	85.79	0.4498
20190316	3.719	86.01	0.4686
20190317	2.432	88.21	0.2132
20190318	1.815	82.47	0.2038
20190319	1.447	80.86	0.1123
20190320	1.299	81.48	0.1734
20190321	0.9348	79.45	0.1963
20190322	0.7389	83.46	0.2212
20190323	0.6692	84.34	0.3245
20190324	0.8116	74.52	0.3138
20190325	2.335	68.41	0.3088
20190326	2.406	75.84	0.2419
20190327	2.132	75.8	0.2603
20190328	4.405	68.23	0.2868
20190329	4.433	59.14	0.2327
20190330	5.314	54.92	0.1446
20190331	5.219	54.04	0.1773
20190401	4.147	58.45	0.1514
20190402	3.892	42.84	0.1373
20190403	3.919	41.33	0.09391
20190404	2.671	51.13	0.1125
20190405	10.28	84.14	0.004695
20190406	3.331	96.39	0.0
20190407	3.659	96.06	0.0
20190408	3.136	96.5	0.07945
20190409	0.8628	98.86	0.009391
20190410	0.3467	99.46	0.0
20190411	0.527	99.27	0.0
20190412	0.5691	99.16	0.0
20190413	0.613	91.91	0.0
20190414	2.354	89.19	0.004695
20190415	11.61	83.0	0.004695
20190416	9.47	87.5	0.004695
20190417	16.4	72.31	0.004695
20190418	16.4	72.31	0.009391
20190419	17.51	71.24	0.009391
20190420	24.71	64.44	0.009391
20190421	73.85	22.41	0.02648
20190422	57.54	40.41	0.009579
20190423	69.13	30.09	0.1217
20190424	74.21	25.07	0.1155
20190425	55.85	43.33	0.3681
20190426	17.33	0.003944	82.67
20190427	56.19	17.25	26.56
20190428	57.68	38.77	3.549
20190429	62.64	33.97	3.39
20190430	63.09	33.47	3.445
20190501	70.68	26.14	3.177
20190502	70.53	26.19	3.284
20190503	72.95	23.94	1.679
20190504	69.27	28.01	1.25
20190505	65.09	27.77	1.187
20190506	66.79	23.42	1.12
20190507	66.01	24.19	1.105
20190508	64.85	23.6	1.101
20190509	51.02	42.93	1.717
20190510	63.11	30.82	1.667
20190511	60.04	32.81	4.339
20190512	60.43	31.28	4.226
20190513	62.83	27.08	3.964
20190514	62.47	27.18	4.214
20190515	62.13	27.53	4.597
20190516	62.41	21.71	4.312
20190517	54.41	29.3	8.647
20190518	55.01	23.54	12.43
20190519	47.55	30.69	14.52
20190520	47.56	30.02	15.36
20190521	44.76	32.07	16.75
20190522	45.29	29.08	18.22
20190523	47.12	25.85	19.96
20190524	45.76	22.87	19.88
20190525	47.32	19.74	19.69
20190526	46.98	14.2	18.57
20190527	46.8	15.33	18.64
20190528	46.74	15.01	18.29
20190529	46.49	14.02	17.48
20190530	46.17	6.802	9.845
20190531	45.21	7.163	8.651
20190601	43.48	6.281	7.89
20190602	43.61	6.498	7.856
20190603	40.12	9.291	17.29
20190604	41.3	8.097	17.17
20190605	38.25	10.63	24.94
20190606	37.86	10.72	30.21
20190607	36.61	10.43	32.32
20190608	36.58	9.45	32.58
20190609	36.19	9.275	33.01
20190610	35.55	5.235	28.73
20190611	34.59	5.221	30.76
20190612	33.25	4.615	30.24
20190613	6.211	0.004883	93.78
20190614	18.72	1.598	79.68
20190615	20.64	1.315	78.04
20190616	23.27	0.8208	75.91
20190617	22.26	1.496	76.24
20190618	23.66	1.313	75.02
20190619	23.64	1.316	75.05
20190620	23.02	1.661	67.42
20190621	23.45	1.532	66.49
20190622	24.1	1.234	64.15
20190623	23.34	6.526	52.36
20190624	22.91	6.122	25.49
20190625	20.86	5.079	37.38
20190626	20.85	5.079	36.25
20190627	18.16	2.916	38.49
20190628	17.92	2.895	40.94
20190629	16.53	2.733	46.62
20190630	4.757	0.09372	59.88
20190701	4.757	0.09316	59.2
20190702	1.988	0.05616	61.47
20190703	1.814	0.05202	75.19
20190704	17.73	0.04132	69.06
20190705	20.94	0.2596	68.87
20190706	20.99	0.2721	68.52
20190707	20.22	0.2321	67.14
20190708	15.73	1.738	76.18
20190709	13.04	1.253	82.54
20190710	14.92	0.9475	79.76
20190711	13.87	0.9706	81.36
20190712	12.22	0.7851	83.84
20190713	7.392	0.7084	89.75
20190714	9.535	0.6465	87.62
20190715	9.654	0.2849	86.9
20190716	12.98	0.1968	80.48
20190717	14.97	0.1844	78.44
20190718	13.69	0.5764	81.56
20190719	8.643	0.3542	87.75
20190720	7.332	0.5069	86.62
20190721	8.398	0.4273	86.3
20190722	8.339	0.4355	88.51
20190723	7.484	0.5411	89.65
20190724	7.354	0.5411	89.69
20190725	6.671	0.4391	88.09
20190726	1.757	0.1643	97.11
20190727	0.216	0.03155	99.36
20190728	0.1003	0.01503	99.62
20190729	0.06273	0.005071	99.69
20190730	0.03212	0.0	99.77
20190731	0.02742	0.0	99.83
20190801	1.248	0.3108	98.4
20190802	2.128	0.138	97.67
20190803	3.195	0.2449	96.45
20190804	2.582	0.3127	96.98
20190805	3.637	0.1809	96.07
20190806	1.71	0.1219	98.0
20190807	2.802	0.1874	96.78
20190808	2.762	0.1767	96.6
20190809	4.01	0.1816	95.2
20190810	6.97	0.1072	92.08
20190811	7.036	0.1345	91.51
20190812	4.711	0.1118	84.53
20190813	5.256	0.1796	67.84
20190814	6.191	3.319	65.77
20190815	7.207	3.287	64.81
20190816	7.342	3.392	64.08
20190817	7.296	0.6686	86.01
20190818	6.784	1.338	86.19
20190819	7.252	1.349	83.05
20190820	6.775	1.274	83.87
20190821	5.398	2.065	88.21
20190822	7.359	1.965	86.44
20190823	7.144	1.709	87.83
20190824	6.303	1.28	74.59
20190825	6.737	1.183	70.69
20190826	7.743	1.159	71.05
20190827	8.158	1.162	69.73
20190828	2.41	0.3332	92.23
20190829	3.7	0.2751	91.08
20190830	3.73	0.2759	90.04
20190831	4.336	0.4427	90.99
20190901	2.078	0.1769	96.06
20190902	4.825	0.2785	93.25
20190903	7.108	0.2579	91.89
20190904	5.917	1.65	91.08
20190905	6.357	1.634	90.64
20190906	8.422	1.548	88.72
20190907	8.906	1.647	88.25
20190908	10.93	1.356	80.84
20190909	5.37	1.188	90.88
20190910	5.182	0.811	89.45
20190911	3.488	0.4017	92.16
20190912	6.298	0.6183	89.13
20190913	6.684	1.956	88.02
20190914	8.411	4.15	83.16
20190915	12.81	3.884	77.97
20190916	7.17	2.93	80.78
20190917	7.649	2.802	79.49
20190918	11.61	12.66	60.1
20190919	14.33	26.56	47.67
20190920	15.83	28.24	44.59
20190921	13.81	40.08	33.69
20190922	14.13	42.9	32.95
20190923	13.4	43.98	16.5
20190924	9.844	51.57	31.01
20190925	15.53	45.11	30.58
20190926	15.76	28.32	49.43
20190927	17.21	13.67	67.88
20190928	11.04	9.598	78.6
20190929	12.13	9.522	77.39
20190930	13.04	9.868	75.98
20191001	17.74	10.73	67.96
20191002	18.96	19.5	59.02
20191003	18.75	19.07	58.88
20191004	15.64	37.05	44.28
20191005	15.06	35.68	21.7
20191006	22.67	30.64	20.72
20191007	19.16	38.11	21.37
20191008	17.62	45.08	21.6
20191009	19.3	41.92	21.15
20191010	17.21	55.48	17.37
20191011	13.23	49.74	20.85
20191012	15.18	52.5	17.95
20191013	16.08	52.32	17.79
20191014	38.24	53.14	3.358
20191015	30.42	65.64	2.739
20191016	40.88	56.25	2.517
20191017	23.89	59.7	15.95
20191018	29.28	57.43	12.86
20191019	19.22	71.88	8.583
20191020	42.79	54.89	2.028
20191021	50.83	47.15	1.502
20191022	47.6	50.31	1.473
20191023	42.96	53.64	2.111
20191024	42.2	51.22	1.663
20191025	37.95	56.17	0.9631
20191026	17.49	54.38	28.13
20191027	12.37	70.97	16.64
20191028	35.1	59.15	5.751
20191029	32.43	62.71	4.865
20191030	38.28	61.11	0.6014
20191031	30.25	68.85	0.9043
20191101	33.66	65.51	0.8271
20191102	36.91	61.82	0.8658
20191103	14.47	84.6	0.3955
20191104	16.07	82.41	0.6237
20191105	19.08	79.16	0.8705
20191106	26.72	69.21	0.7212
20191107	29.26	67.65	0.5912
20191108	29.22	67.58	0.5896
20191109	35.52	59.38	0.4483
20191110	35.42	48.12	0.4245
20191111	41.46	32.22	0.2851
20191112	41.43	19.89	0.1245
20191113	42.9	17.38	0.08057
20191114	44.25	0.4012	0.0
20191115	44.29	0.4002	0.0
20191116	43.07	0.4002	0.0
20191117	43.1	0.404	0.0
20191118	39.82	0.4004	0.0
20191119	41.33	0.3955	0.0
20191120	38.44	0.4038	0.0
20191121	37.4	0.3952	0.0
20191122	37.28	0.3963	0.0
20191123	36.76	0.3984	0.0
20191124	36.59	0.3984	0.0
20191125	19.9	0.4023	0.0
20191126	16.82	0.3897	0.0
20191127	22.03	0.3991	0.0
20191128	24.72	0.3991	0.0
20191129	33.27	0.4046	0.0
20191130	36.48	0.4046	0.0
20191201	37.16	0.4036	0.0
20191202	35.36	0.4046	0.0
20191203	30.69	0.4042	0.0
20191204	33.6	0.3659	0.0
20191205	60.08	0.3484	0.0
20191206	60.27	0.3484	0.0
20191207	55.4	0.3756	0.0
20191208	56.2	0.3679	0.0
20191209	56.28	0.3826	0.0
20191210	55.26	0.3826	0.0
20191211	53.73	0.4042	0.0
20191212	36.59	0.4029	0.0
20191213	35.76	0.4042	0.0
20191214	34.22	0.4046	0.0
20191215	14.56	0.4046	0.0
20191216	4.572	0.4046	0.0
20191217	6.281	0.4036	0.0
20191218	6.216	0.4036	0.0
20191219	7.19	0.4046	0.0
20191220	6.912	0.4046	0.0
20191221	7.182	0.4046	0.0
20191222	7.112	0.4046	0.0
20191223	7.101	0.4046	0.0
20191224	5.825	0.4046	0.0
20191225	5.873	0.4046	0.0
20191226	3.761	0.4046	0.0
20191227	5.193	0.4044	0.0
20191228	5.265	0.4044	0.0
20191229	9.152	0.4015	0.0
20191230	9.607	0.4015	0.0
20191231	15.09	0.4046	0.0
20200101	17.78	0.4046	0.0
20200102	18.72	0.4046	0.0
20200103	20.12	0.3861	0.0
20200104	26.19	0.3972	0.0
20200105	26.0	0.3972	0.0
20200106	25.98	0.4038	0.0
20200107	25.91	0.3916	0.0
20200108	25.38	0.4025	0.0
20200109	24.3	0.4025	0.0
20200110	20.13	0.404	0.0
20200111	16.43	0.404	0.0
20200112	10.38	0.4046	0.0
20200113	3.602	0.4046	0.0
20200114	2.918	0.4046	0.0
20200115	3.314	0.4046	0.0
20200116	3.59	0.4046	0.0
20200117	3.982	0.4046	0.0
20200118	4.11	0.4046	0.0
20200119	3.947	0.4046	0.0
20200120	3.611	0.4046	0.0
20200121	3.652	0.4046	0.0
20200122	3.45	0.4044	0.0
20200123	3.351	0.4044	0.0
20200124	3.197	0.4046	0.0
20200125	2.329	0.4046	0.0
20200126	2.426	0.4046	0.0
20200127	2.413	0.4046	0.0
20200128	2.342	0.4046	0.0
20200129	2.155	0.4046	0.0
20200130	2.156	0.4046	0.0
20200131	1.012	0.4046	0.0
20200201	0.6844	0.4046	0.0
20200202	0.3544	0.4046	0.0
20200203	0.228	0.4046	0.0
20200204	0.2134	0.4046	0.0
20200205	0.2665	19.87	0.1777
20200206	0.1643	41.36	1.135
20200207	0.124	54.6	1.722
20200208	1.133	60.83	1.44
20200209	0.7676	65.95	1.438
20200210	0.8499	65.88	1.437
20200211	0.4151	71.63	1.647
20200212	0.2432	76.38	1.615
20200213	0.2498	82.25	0.9911
20200214	0.151	77.55	1.278
20200215	0.08132	74.37	1.165
20200216	0.07437	71.16	1.117
20200217	0.08865	85.4	1.695
20200218	0.09391	88.57	2.266
20200219	0.06348	93.34	2.373
20200220	0.06761	90.68	2.364
20200221	0.03456	92.45	2.215
20200222	0.04639	93.41	1.796
20200223	0.02761	94.24	2.591
20200224	0.03381	92.68	2.177
20200225	0.04	90.41	2.359
20200226	0.04019	85.42	2.004
20200227	0.07287	85.41	1.999
20200228	0.08095	72.1	1.722
20200229	0.2196	63.29	1.684
20200301	0.1936	77.81	0.5526
20200302	0.1918	74.46	1.2
20200303	0.1074	70.6	1.037
20200304	0.1174	84.14	0.6187
20200305	0.4519	83.88	0.6266
20200306	0.3938	85.64	0.7839
20200307	0.3364	86.26	0.7886
20200308	0.3304	89.72	0.3411
20200309	0.3871	88.84	0.3287
20200310	0.3163	83.89	0.3557
20200311	0.2892	66.64	0.2979
20200312	0.1533	70.33	0.2791
20200313	0.1395	70.05	0.2549
20200314	0.111	74.37	0.2327
20200315	0.1125	61.5	0.3815
20200316	0.06292	67.8	0.3612
20200317	0.07325	61.64	0.2827
20200318	0.1148	64.07	0.3266
20200319	0.05841	72.92	0.3662
20200320	0.1074	70.44	0.4109
20200321	0.1074	64.12	0.4109
20200322	0.1422	60.48	0.3001
20200323	0.2006	57.19	0.2872
20200324	4.05	59.61	0.2785
20200325	3.609	69.65	0.2924
20200326	3.566	59.13	0.5357
20200327	4.15	55.93	0.515
20200328	16.1	50.82	0.3268
20200329	15.89	53.93	0.3202
20200330	15.84	55.06	0.2949
20200331	15.27	53.1	0.2821
20200401	11.98	63.46	0.2015
20200402	11.7	62.39	0.09842
20200403	2.237	85.6	0.02348
20200404	1.579	86.91	0.03343
20200405	1.571	88.1	0.03813
20200406	1.926	87.05	0.03813
20200407	1.97	86.43	0.03813
20200408	3.077	79.32	0.07212
20200409	8.007	76.01	0.06912
20200410	10.54	59.15	0.0494
20200411	13.49	54.56	0.02554
20200412	13.63	42.81	0.02554
20200413	12.17	46.18	0.05822
20200414	12.16	46.17	0.05822
20200415	11.41	32.54	0.04207
20200416	7.626	60.59	0.1249
20200417	6.46	64.41	0.09804
20200418	5.904	63.81	0.1029
20200419	12.34	60.24	0.09954
20200420	20.93	52.77	0.08602
20200421	29.62	61.73	0.04113
20200422	32.07	59.61	0.04996
20200423	34.51	55.2	0.0293
20200424	25.02	68.32	0.05221
20200425	28.5	65.17	0.04658
20200426	28.51	65.15	0.05127
20200427	29.66	61.84	0.04395
20200428	14.79	75.79	0.02554
20200429	16.96	81.57	0.0
20200430	15.65	83.06	0.0
20200501	15.64	77.85	0.0
20200502	14.73	76.76	0.0
20200503	27.25	65.69	0.0
20200504	37.15	56.83	0.0
20200505	39.43	53.03	0.0
20200506	39.32	34.41	0.0
20200507	33.65	29.26	0.02648
20200508	32.77	31.12	0.02648
20200509	31.22	27.32	0.03756
20200510	13.99	73.48	0.0
20200511	19.69	67.05	0.0
20200512	21.54	65.25	0.0
20200513	16.08	80.09	0.008827
20200514	14.32	82.17	0.008827
20200515	14.86	81.64	0.008827
20200516	17.19	79.66	0.008827
20200517	16.98	79.02	0.008827
20200518	11.86	85.54	0.04094
20200519	13.14	85.87	0.03568
20200520	13.03	85.38	0.04376
20200521	60.12	38.05	0.2564
20200522	50.2	49.55	0.2258
20200523	73.07	26.57	0.3553
20200524	74.6	24.9	0.4955
20200525	68.87	30.46	0.6688
20200526	69.26	30.06	0.6688
20200527	69.25	29.77	0.977
20200528	71.34	27.7	0.959
20200529	72.03	26.76	0.9342
20200530	69.07	28.17	0.9259
20200531	68.96	24.03	1.954
20200601	61.03	30.17	3.324
20200602	64.55	26.71	3.267
20200603	58.17	30.74	3.428
20200604	59.81	28.75	4.007
20200605	56.42	31.4	6.681
20200606	56.15	30.46	7.188
20200607	53.08	27.61	13.88
20200608	49.77	26.31	16.01
20200609	50.17	25.29	15.96
20200610	44.2	30.94	17.64
20200611	44.34	29.58	18.48
20200612	44.1	25.18	22.34
20200613	39.15	23.8	33.59
20200614	40.0	22.5	32.33
20200615	39.28	21.32	32.4
20200616	35.25	23.6	37.23
20200617	35.45	15.52	47.02
20200618	32.01	18.43	47.85
20200619	30.62	16.21	49.28
20200620	26.08	15.44	56.32
20200621	25.81	11.36	62.09
20200622	26.29	9.256	63.89
20200623	24.5	8.812	65.54
20200624	26.89	8.004	63.73
20200625	26.19	6.853	64.03
20200626	27.11	5.09	63.24
20200627	21.45	6.393	67.4
20200628	21.74	4.707	70.42
20200629	22.42	3.562	70.91
20200630	23.7	2.981	69.01
20200701	23.3	4.739	65.6
20200702	26.81	5.443	61.63
20200703	24.01	2.817	67.3
20200704	26.05	2.433	64.25
20200705	25.96	2.036	61.02
20200706	25.28	1.631	62.94
20200707	25.05	1.614	63.36
20200708	25.44	1.456	62.49
20200709	24.85	1.21	63.11
20200710	24.77	0.901	59.3
20200711	24.51	0.8519	59.4
20200712	24.4	0.8223	58.62
20200713	21.92	0.07851	21.36
20200714	19.05	0.04902	51.57
20200715	17.22	0.04583	57.84
20200716	14.38	0.0432	68.97
20200717	16.26	0.3527	66.42
20200718	9.155	0.2511	75.22
20200719	9.035	0.2511	75.78
20200720	8.911	0.2511	75.22
20200721	8.652	0.2504	65.71
20200722	8.408	0.2504	57.06
20200723	11.28	0.2797	38.62
20200724	9.271	0.1217	37.61
20200725	8.879	0.06649	6.064
20200726	7.57	0.06198	42.24
20200727	6.004	0.05334	70.82
20200728	5.999	0.05334	70.85
20200729	6.523	0.1333	74.07
20200730	3.158	0.09917	86.25
20200731	1.368	0.02911	94.97
20200801	3.609	0.3131	94.79
20200802	3.147	0.1972	95.39
20200803	3.199	0.1403	95.93
20200804	3.962	0.2306	95.12
20200805	6.861	0.2333	92.26
20200806	2.162	0.1696	97.18
20200807	3.164	0.2791	96.11
20200808	2.598	0.2087	96.74
20200809	6.115	0.204	93.15
20200810	6.716	0.2363	91.53
20200811	8.609	0.2212	90.41
20200812	6.575	0.1812	92.41
20200813	8.132	0.1878	90.37
20200814	8.274	0.478	89.46
20200815	7.817	0.4802	88.75
20200816	12.91	0.3223	84.13
20200817	13.16	0.4196	83.8
20200818	12.69	0.3217	55.18
20200819	5.011	0.4722	88.69
20200820	5.668	0.4848	87.86
20200821	5.196	0.2297	91.84
20200822	5.402	0.3024	90.25
20200823	6.421	2.02	87.33
20200824	6.268	2.001	87.12
20200825	6.761	1.339	88.38
20200826	6.964	1.305	71.64
20200827	7.141	0.9278	79.21
20200828	8.402	0.9982	55.38
20200829	8.059	0.7791	62.4
20200830	6.379	0.3018	70.82
20200831	7.052	0.3484	70.57
20200901	8.402	0.2725	60.38
20200902	8.591	0.8168	59.74
20200903	2.979	0.4275	94.36
20200904	4.841	0.3452	92.29
20200905	4.319	0.3142	92.68
20200906	6.842	0.2964	89.22
20200907	5.559	0.2526	91.41
20200908	5.744	0.2967	91.76
20200909	7.912	0.3677	89.57
20200910	7.977	0.2537	69.05
20200911	8.373	0.7815	67.73
20200912	8.853	0.8784	65.95
20200913	7.936	0.8617	74.55
20200914	8.749	1.972	66.25
20200915	7.985	2.264	54.63
20200916	9.047	3.597	57.53
20200917	8.924	3.561	54.86
20200918	15.71	14.38	43.4
20200919	17.16	18.07	46.35
20200920	20.21	20.16	40.19
20200921	20.65	28.2	38.35
20200922	20.09	24.35	42.8
20200923	20.13	24.52	41.12
20200924	18.18	15.64	57.95
20200925	18.01	14.8	58.09
20200926	21.23	13.92	56.26
20200927	9.876	26.2	62.21
20200928	21.2	14.41	62.81
20200929	17.92	11.09	69.3
20200930	20.24	10.1	67.96
20201001	13.35	6.041	78.63
20201002	12.8	4.169	81.53
20201003	12.52	3.38	83.09
20201004	10.29	6.458	77.76
20201005	5.201	2.22	87.31
20201006	8.124	3.413	83.26
20201007	8.552	5.852	80.42
20201008	8.658	10.93	70.76
20201009	8.646	11.65	70.01
20201010	8.793	15.02	67.42
20201011	8.404	13.5	66.16
20201012	10.5	15.28	45.94
20201013	7.827	20.89	50.95
20201014	12.47	26.06	43.18
20201015	14.53	30.73	36.29
20201016	14.9	35.01	31.47
20201017	15.88	34.19	27.85
20201018	19.99	57.57	11.67
20201019	22.85	61.92	7.367
20201020	20.36	77.61	0.7764
20201021	13.72	83.06	2.213
20201022	25.54	71.88	1.443
20201023	25.41	71.74	1.351
20201024	28.09	68.83	1.315
20201025	17.72	78.34	1.767
20201026	18.2	77.54	1.75
20201027	20.99	53.52	1.421
20201028	26.14	27.87	0.6572
20201029	23.04	26.24	0.653
20201030	26.64	17.4	0.5248
20201031	24.76	13.83	0.4669
20201101	24.78	0.272	0.0
20201102	28.57	0.2303	0.0
20201103	38.19	0.1215	0.0
20201104	36.49	0.1264	0.0
20201105	38.14	0.2372	0.0
20201106	29.17	0.2355	0.0
20201107	31.39	0.2571	0.0
20201108	31.72	0.2295	0.0
20201109	31.73	0.2464	0.0
20201110	22.02	0.2479	0.0
20201111	25.34	0.2513	0.0
20201112	24.52	0.2398	0.0
20201113	24.81	0.2455	0.0
20201114	23.76	0.3071	0.0
20201115	20.56	0.2658	0.0
20201116	19.73	0.2509	0.0
20201117	28.68	0.277	0.0
20201118	27.37	0.277	0.0
20201119	31.26	0.3193	0.0
20201120	31.46	0.2926	0.0
20201121	31.27	0.2926	0.0
20201122	31.32	0.2932	0.0
20201123	31.1	0.2932	0.0
20201124	23.52	0.3649	0.0
20201125	24.26	0.3522	0.0
20201126	22.45	0.3522	0.0
20201127	14.38	0.3336	0.0
20201128	14.38	0.3336	0.0
20201129	14.96	0.373	0.0
20201130	14.96	0.373	0.0
20201201	11.58	0.3805	0.0
20201202	8.961	0.3636	0.0
20201203	8.961	0.3636	0.0
20201204	4.93	0.3634	0.0
20201205	4.93	0.3634	0.0
20201206	13.25	0.3935	0.0
20201207	13.94	0.3815	0.0
20201208	13.66	0.3815	0.0
20201209	13.62	0.3619	0.0
20201210	13.62	0.3619	0.0
20201211	15.47	0.395	0.0
20201212	15.47	0.395	0.0
20201213	14.03	0.3989	0.0
20201214	16.32	0.3754	0.0
20201215	16.32	0.3754	0.0
20201216	15.7	0.3758	0.0
20201217	15.7	0.3758	0.0
20201218	20.22	0.4032	0.0
20201219	20.86	0.3965	0.0
20201220	20.74	0.3965	0.0
20201221	22.1	0.3593	0.0
20201222	22.1	0.3593	0.0
20201223	22.32	0.4025	0.0
20201224	22.32	0.4025	0.0
20201225	20.18	0.4031	0.0
20201226	22.17	0.3937	0.0
20201227	22.17	0.3937	0.0
20201228	19.56	0.394	0.0
20201229	19.64	0.4044	0.0
20201230	19.3	0.4027	0.0
20201231	19.38	0.4008	0.0
20210101	18.7	0.4004	0.0
20210102	23.29	0.3828	0.0
20210103	23.3	0.383	0.0
20210104	23.96	0.3938	0.0
20210105	23.97	0.3938	0.0
20210106	24.59	0.4004	0.0
20210107	24.52	0.4004	0.0
20210108	25.45	0.3929	0.0
20210109	23.12	0.3927	0.0
20210110	24.56	0.404	0.0
20210111	24.88	0.4038	0.0
20210112	25.07	0.4025	0.0
20210113	24.25	0.4032	0.0
20210114	26.11	0.3867	0.0
20210115	25.29	0.3877	0.0
20210116	25.2	0.3952	0.0
20210117	24.9	0.3952	0.0
20210118	23.75	0.4014	0.0
20210119	25.29	0.3899	0.0
20210120	25.25	0.3899	0.0
20210121	23.51	0.3899	0.0
20210122	26.16	0.4025	0.0
20210123	27.08	0.4017	0.0
20210124	27.19	0.4034	0.0
20210125	26.98	0.4042	0.0
20210126	29.73	0.3905	0.0
20210127	29.73	0.3908	0.0
20210128	31.28	0.4025	0.0
20210129	31.18	0.4025	0.0
20210130	31.03	0.4046	0.0
20210131	31.85	0.4002	0.0
20210201	31.89	0.401	0.0
20210202	30.63	0.401	0.0
20210203	30.85	0.4006	0.0
20210204	29.56	7.558	0.0
20210205	29.68	7.561	0.0
20210206	29.48	7.561	0.0
20210207	27.47	32.91	0.8452
20210208	27.55	32.76	0.8318
20210209	30.59	30.38	0.7218
20210210	30.53	30.37	0.7205
20210211	30.44	28.2	0.7146
20210212	30.36	33.14	0.7163
20210213	29.3	32.56	3.23
20210214	27.85	14.67	2.581
20210215	12.56	59.75	1.584
20210216	22.95	49.82	1.02
20210217	21.33	69.75	0.3324
20210218	15.16	81.18	0.1581
20210219	24.28	71.6	0.1474
20210220	23.4	72.1	0.351
20210221	27.41	68.23	0.8127
20210222	27.46	65.77	0.7992
20210223	24.46	71.6	0.6269
20210224	24.35	69.59	1.231
20210225	24.92	46.79	1.217
20210226	23.85	45.26	4.092
20210227	23.65	42.29	4.076
20210228	18.41	34.24	3.846
20210301	38.73	33.25	2.484
20210302	33.76	28.44	2.528
20210303	31.75	24.62	2.642
20210304	31.6	24.57	2.912
20210305	43.79	19.56	1.118
20210306	43.79	19.56	1.118
20210307	37.63	26.27	1.424
20210308	31.71	22.5	1.37
20210309	30.01	20.93	1.204
20210310	29.53	19.45	1.078
20210311	29.45	19.39	1.072
20210312	9.497	63.74	0.7558
20210313	9.012	66.61	0.6744
20210314	9.045	66.8	0.6716
20210315	9.071	66.82	0.8065
20210316	8.876	66.75	0.7862
20210317	13.37	62.36	0.3552
20210318	13.24	62.03	0.3353
20210319	13.16	56.62	0.2988
20210320	13.18	56.21	0.2988
20210321	13.1	55.59	0.3552
20210322	12.98	55.08	0.3182
20210323	13.25	55.48	0.3022
20210324	5.679	78.41	0.3383
20210325	4.45	64.25	0.4494
20210326	4.45	64.14	0.4307
20210327	5.019	64.36	0.4055
20210328	5.014	64.25	0.4524
20210329	5.013	64.19	0.5067
20210330	5.007	63.81	0.5208
20210331	6.867	61.9	0.5597
20210401	6.809	61.32	0.5501
20210402	6.605	29.87	0.3762
20210403	6.443	28.36	0.3762
20210404	7.018	22.52	0.2776
20210405	6.83	20.61	0.2025
20210406	7.287	19.92	0.1923
20210407	6.745	10.22	0.09973
20210408	6.726	10.21	0.2028
20210409	6.078	9.086	0.1809
20210410	2.432	82.9	0.1164
20210411	2.497	83.53	0.1164
20210412	3.375	83.07	0.1258
20210413	3.366	83.06	0.1399
20210414	4.028	82.5	0.1354
20210415	4.026	82.47	0.1542
20210416	3.96	82.35	0.1542
20210417	3.902	76.05	0.173
20210418	5.316	91.66	0.08414
20210419	5.321	92.02	0.1491
20210420	5.318	91.89	0.2881
20210421	5.318	91.89	0.2881
20210422	5.314	91.66	0.5223
20210423	5.31	91.6	0.5834
20210424	19.33	77.68	0.5443
20210425	19.32	77.64	0.5678
20210426	19.31	77.32	0.5396
20210427	18.61	48.7	0.3659
20210428	18.61	48.7	0.3659
20210429	18.39	41.79	0.1833
20210430	18.25	33.45	0.1516
20210501	7.954	31.59	0.105
20210502	4.447	3.148	0.04226
20210503	4.447	3.148	0.145
20210504	4.194	1.236	0.246
20210505	5.796	85.62	0.5443
20210506	4.654	86.41	0.9462
20210507	4.654	86.41	0.9462
20210508	7.449	83.68	0.8985
20210509	7.449	83.68	0.8985
20210510	7.422	83.16	1.47
20210511	53.85	41.67	1.38
20210512	53.81	40.09	1.456
20210513	55.62	33.38	1.189
20210514	58.82	30.29	1.179
20210515	58.75	29.99	1.179
20210516	58.62	28.91	3.412
20210517	58.3	16.49	4.448
20210518	43.99	14.7	2.889
20210519	54.35	22.76	5.373
20210520	55.08	22.62	5.363
20210521	55.22	22.55	5.373
20210522	55.22	22.55	5.373
20210523	55.06	21.91	9.81
20210524	55.06	21.91	9.81
20210525	55.61	23.59	10.11
20210526	49.08	10.43	11.1
20210527	41.96	18.51	14.59
20210528	41.76	18.38	14.99
20210529	41.47	17.74	17.63
20210530	40.08	23.78	17.96
20210531	40.08	23.78	17.96
20210601	43.33	25.23	23.56
20210602	41.75	19.01	33.95
20210603	34.72	26.7	35.57
20210604	34.6	24.21	38.79
20210605	35.26	22.93	38.97
20210606	31.52	23.3	41.85
20210607	31.52	23.28	41.88
20210608	30.28	20.12	44.04
20210609	29.29	18.46	46.43
20210610	28.36	16.69	47.97
20210611	28.09	15.87	47.07
20210612	27.31	11.95	46.32
20210613	22.05	8.977	43.1
20210614	22.0	8.924	44.0
20210615	26.5	7.748	39.43
20210616	21.19	1.198	15.14
20210617	21.05	0.8994	16.7
20210618	21.35	0.8961	16.76
20210619	20.05	0.8258	38.0
20210620	19.46	0.7982	43.44
20210621	19.37	0.7522	42.87
20210622	16.37	0.7492	42.85
20210623	15.26	0.6868	62.01
20210624	9.315	0.3651	65.54
20210625	13.98	0.4389	64.62
20210626	13.3	0.3292	62.33
20210627	12.89	0.252	62.76
20210628	12.75	0.252	63.44
20210629	15.54	0.2904	63.59
20210630	16.25	0.1621	45.67
20210701	17.21	0.1722	36.74
20210702	8.667	0.5304	79.87
20210703	6.31	0.4671	88.3
20210704	4.718	0.6138	93.34
20210705	5.422	0.2921	93.66
20210706	6.285	0.2451	92.99
20210707	6.251	0.4047	92.89
20210708	6.565	0.502	92.38
20210709	8.225	0.4198	90.63
20210710	4.717	0.2611	94.34
20210711	5.347	0.2449	93.35
20210712	6.031	0.2654	91.4
20210713	7.166	0.1632	88.35
20210714	1.857	0.09748	96.63
20210715	5.213	0.2286	93.13
20210716	6.319	0.2096	92.03
20210717	6.831	0.3538	87.94
20210718	7.262	0.5601	88.37
20210719	7.521	0.5095	89.07
20210720	8.759	0.4472	88.1
20210721	11.61	0.37	51.05
20210722	11.9	0.3445	52.06
20210723	12.11	0.3937	51.88
20210724	12.08	0.3469	43.88
20210725	11.85	1.512	25.2
20210726	4.86	0.4412	78.43
20210727	1.961	0.2551	94.8
20210728	0.8563	0.07325	97.46
20210729	1.309	0.185	96.93
20210730	2.058	0.1859	96.18
20210731	3.214	0.1448	95.06
20210801	0.2569	0.0	0.0
20210802	4.662	1.371	21.02
20210803	3.296	1.017	47.98
20210804	3.292	1.017	49.16
20210805	3.633	1.031	49.8
20210806	4.241	0.1486	86.65
20210807	0.9445	0.03418	96.46
20210808	0.1446	0.01446	99.32
20210809	0.1149	0.003568	99.24
20210810	0.2051	0.002442	98.97
20210811	2.634	1.238	95.23
20210812	2.609	1.238	95.15
20210813	2.397	1.128	94.59
20210814	3.273	0.8882	92.79
20210815	2.413	0.4577	60.23
20210816	2.356	0.4461	64.66
20210817	1.979	0.3816	67.18
20210818	1.201	0.1493	65.68
20210819	1.698	0.7528	66.6
20210820	1.651	0.7528	64.23
20210821	3.385	0.5986	57.34
20210822	3.255	0.5986	38.78
20210823	2.893	0.5328	37.3
20210824	5.053	0.6003	22.59
20210825	4.854	0.586	32.36
20210826	0.4752	0.01277	96.37
20210827	0.1871	0.004695	98.63
20210828	1.828	0.1786	96.85
20210829	1.995	0.1796	96.69
20210830	1.995	0.1796	96.53
20210831	2.303	0.5696	95.91
20210901	15.16	1.66	82.31
20210902	16.06	9.261	71.81
20210903	18.16	12.6	18.59
20210904	18.97	13.51	29.19
20210905	19.79	13.1	28.6
20210906	19.63	12.89	29.62
20210907	17.28	25.57	22.78
20210908	16.99	24.72	23.02
20210909	16.27	16.2	33.58
20210910	14.87	11.51	41.93
20210911	10.08	4.205	82.32
20210912	8.707	4.05	83.89
20210913	13.29	3.686	79.75
20210914	15.83	8.149	72.46
20210915	13.55	16.2	68.27
20210916	12.29	16.82	69.36
20210917	12.65	17.27	68.4
20210918	8.779	10.07	78.14
20210919	11.55	6.165	79.38
20210920	8.679	5.971	83.08
20210921	8.345	5.735	83.55
20210922	9.795	7.868	79.95
20210923	12.54	7.115	77.49
20210924	12.67	7.041	77.33
20210925	21.17	5.198	69.73
20210926	21.28	5.412	66.95
20210927	18.16	4.353	48.16
20210928	15.55	3.296	39.21
20210929	15.44	1.346	34.35
20210930	6.557	0.9909	78.26
20211001	0.0	0.0	82.89
20211002	0.0	0.0	83.72
20211003	0.0	0.0	83.48
20211004	0.0	0.0	82.12
20211005	5.329	1.447	80.51
20211006	4.134	1.263	81.71
20211007	4.128	1.263	59.98
20211008	4.11	1.263	44.66
20211009	4.031	1.224	41.19
20211010	3.421	1.163	44.28
20211011	3.421	1.163	42.09
20211012	2.502	1.638	39.03
20211013	2.425	1.506	31.87
20211014	4.913	6.085	30.45
20211015	6.5	16.0	26.51
20211016	6.497	21.99	23.3
20211017	10.02	21.78	19.04
20211018	10.02	21.78	19.01
20211019	17.9	78.2	1.379
20211020	17.73	78.43	1.031
20211021	17.95	77.92	1.539
20211022	19.8	75.78	1.423
20211023	18.59	78.88	1.357
20211024	18.72	78.65	1.345
20211025	19.79	77.72	1.22
20211026	14.87	73.82	0.866
20211027	15.4	73.12	0.8955
20211028	9.036	81.12	2.27
20211029	8.586	82.7	5.499
20211030	7.752	76.5	5.32
20211031	7.421	80.4	5.578
20211101	7.213	80.73	5.532
20211102	7.971	76.12	6.825
20211103	7.882	75.99	6.825
20211104	9.347	70.1	6.421
20211105	8.649	48.09	4.87
20211106	9.193	53.91	4.367
20211107	22.25	35.23	1.763
20211108	24.18	31.11	1.463
20211109	23.03	16.49	0.475
20211110	23.61	16.28	0.4628
20211111	21.19	14.54	0.4177
20211112	20.88	13.95	0.1812
20211113	20.5	1.503	0.0
20211114	13.18	0.3784	0.0
20211115	8.357	0.3661	0.0
20211116	7.863	0.3272	0.0
20211117	7.861	0.3197	0.0
20211118	9.797	0.3719	0.0
20211119	10.55	0.3702	0.0
20211120	10.33	0.3837	0.0
20211121	10.95	0.3779	0.0
20211122	21.73	0.3612	0.0
20211123	19.9	0.3615	0.0
20211124	21.41	0.4014	0.0
20211125	20.18	0.3987	0.0
20211126	19.61	0.3984	0.0
20211127	19.28	0.3984	0.0
20211128	20.73	0.3931	0.0
20211129	19.57	0.3931	0.0
20211130	21.77	0.3929	0.0
20211201	21.65	0.1307	0.0
20211202	21.52	0.4031	0.0
20211203	21.44	0.4023	0.0
20211204	25.09	0.4002	0.0
20211205	24.78	0.4002	0.0
20211206	28.29	0.4044	0.0
20211207	28.14	0.3991	0.0
20211208	28.03	0.3991	0.0
20211209	27.93	0.3991	0.0
20211210	28.37	0.397	0.0
20211211	26.57	0.397	0.0
20211212	26.56	0.4042	0.0
20211213	19.81	0.4042	0.0
20211214	19.73	0.4046	0.0
20211215	19.79	0.4036	0.0
20211216	20.36	0.4	0.0
20211217	13.63	0.4004	0.0
20211218	16.73	0.404	0.0
20211219	15.47	0.4017	0.0
20211220	13.33	0.4017	0.0
20211221	14.17	0.4017	0.0
20211222	14.69	0.4014	0.0
20211223	12.73	0.4014	0.0
20211224	14.02	0.4014	0.0
20211225	11.81	0.06292	0.0
20211226	11.3	0.3324	0.0
20211227	10.9	0.3324	0.0
20211228	6.624	0.3324	0.0
20211229	4.114	0.3324	0.0
20211230	3.915	0.3324	0.0
20211231	2.241	0.3993	0.0
20220101	2.665	0.3993	0.0
20220102	2.638	0.2391	0.0
20220103	4.497	0.2391	0.0
20220104	4.497	0.2391	0.0
20220105	8.979	0.4046	0.0
20220106	8.979	0.4046	0.0
20220107	8.55	0.4046	0.0
20220108	8.673	0.4046	0.0
20220109	8.673	0.4046	0.0
20220110	8.236	0.4046	0.0
20220111	8.236	0.4046	0.0
20220112	3.605	0.3997	0.0
20220113	3.611	0.3997	0.0
20220114	2.86	0.2408	0.0
20220115	1.457	0.2594	0.0
20220116	1.457	0.2594	0.0
20220117	2.429	0.4046	0.0
20220118	2.429	0.4046	0.0
20220119	5.672	0.4044	0.0
20220120	14.73	0.401	0.0
20220121	14.73	0.401	0.0
20220122	14.28	0.401	0.0
20220123	14.28	0.401	0.0
20220124	23.45	0.3828	0.0
20220125	25.98	0.3736	0.0
20220126	25.89	0.2233	0.0
20220127	33.93	0.2231	0.0
20220128	33.93	0.2231	0.0
20220129	34.15	0.4044	0.0
20220130	34.15	0.4044	0.0
20220131	28.48	0.4046	0.0
20220201	26.76	0.4044	0.0
20220202	26.76	0.4044	0.0
20220203	16.85	3.132	0.02573
20220204	16.85	3.132	0.02573
20220205	6.739	19.34	0.2169
20220206	5.035	39.15	0.397
20220207	4.598	39.07	0.4393
20220208	1.513	39.05	0.4384
20220209	1.488	38.91	0.8593
20220210	0.07625	78.8	0.4168
20220211	0.07625	77.44	2.601
20220212	0.07625	75.24	4.014
20220213	0.07625	75.11	4.009
20220214	0.07625	74.8	4.432
20220215	0.07625	73.82	5.656
20220216	0.07625	73.67	5.748
20220217	0.3826	72.97	5.585
20220218	0.3858	71.14	5.456
20220219	0.3858	66.16	5.157
20220220	0.3858	66.02	5.345
20220221	0.3807	61.32	4.729
20220222	0.08827	82.56	1.068
20220223	0.08039	80.39	0.8162
20220224	0.01953	83.47	0.6636
20220225	0.02141	83.9	0.6636
20220226	0.02141	83.9	0.6636
20220227	0.8797	83.3	1.134
20220228	0.8792	82.86	0.983
20220301	1.27	75.88	0.9552
20220302	1.269	62.04	0.8944
20220303	1.253	46.92	1.26
20220304	6.584	44.45	1.187
20220305	6.584	44.44	1.205
20220306	0.8626	74.26	0.5695
20220307	0.8615	71.81	0.5272
20220308	0.5069	74.98	0.4205
20220309	0.61	73.39	0.3967
20220310	0.6008	72.9	0.2182
20220311	0.767	72.74	0.2182
20220312	0.5884	69.63	0.1685
20220313	1.476	70.64	0.1424
20220314	0.8645	82.07	0.04695
20220315	0.8645	81.2	0.05578
20220316	0.6277	99.32	0.009391
20220317	0.6277	99.32	0.009391
20220318	1.967	97.85	0.1767
20220319	1.967	97.83	0.1955
20220320	18.29	81.66	0.04996
20220321	26.51	73.41	0.07907
20220322	26.37	73.07	0.5638
20220323	26.26	70.33	0.5636
20220324	26.26	70.31	0.5871
20220325	30.19	62.87	0.5249
20220326	20.32	74.6	0.6957
20220327	18.21	58.94	0.6743
20220328	13.64	78.76	0.1343
20220329	13.51	77.86	0.108
20220330	13.33	77.51	0.1042
20220331	13.08	76.66	0.3435
20220401	12.76	76.73	0.3399
20220402	12.58	74.42	0.4406
20220403	12.29	73.37	0.4361
20220404	9.65	57.64	0.6698
20220405	9.637	57.64	0.6698
20220406	9.857	57.45	0.6698
20220407	9.136	49.0	0.6463
20220408	9.124	48.77	0.6463
20220409	8.325	42.75	0.5862
20220410	6.442	24.48	0.4844
20220411	0.7391	3.971	0.0
20220412	0.7391	3.971	0.02348
20220413	0.564	9.826	0.04564
20220414	0.441	8.739	0.102
20220415	0.441	8.739	0.102
20220416	1.196	8.594	0.102
20220417	1.183	8.41	0.102
20220418	1.165	8.344	0.1142
20220419	1.118	8.221	0.2141
20220420	1.118	7.726	0.6235
20220421	53.11	5.476	0.6048
20220422	53.11	5.476	0.6048
20220423	57.57	34.84	0.8688
20220424	57.57	34.84	0.8688
20220425	57.57	34.82	0.8876
20220426	72.68	22.39	0.5982
20220427	72.68	22.21	0.4352
20220428	69.84	24.74	0.4305
20220429	69.84	24.74	0.4305
20220430	51.93	13.81	0.0909
20220501	45.43	25.03	0.09071
20220502	45.35	24.87	0.07588
20220503	30.93	21.8	0.06104
20220504	30.46	21.59	0.06104
20220505	29.11	18.99	0.0
20220506	28.61	18.61	0.0
20220507	30.46	16.21	0.01409
20220508	31.64	6.0	0.01409
20220509	31.64	6.0	0.01409
20220510	26.45	4.841	0.01409
20220511	26.02	4.053	0.01409
20220512	25.13	3.684	0.01409
20220513	31.75	4.486	0.05165
20220514	29.69	3.239	0.05973
20220515	53.33	15.42	0.2064
20220516	53.33	15.42	0.2815
20220517	58.35	14.04	0.2815
20220518	58.34	14.04	0.4177
20220519	32.74	57.13	3.035
20220520	31.89	61.25	4.432
20220521	31.89	61.19	4.422
20220522	38.33	54.22	4.993
20220523	38.22	52.37	8.209
20220524	56.94	33.72	8.133
20220525	43.69	44.83	10.85
20220526	43.68	44.54	10.73
20220527	50.41	36.22	10.49
20220528	50.39	36.17	10.56
20220529	51.7	32.59	10.84
20220530	51.19	26.23	18.16
20220531	37.49	38.73	20.18
20220601	41.43	26.49	19.45
20220602	41.07	24.53	24.37
20220603	40.75	24.41	24.76
20220604	40.63	23.19	25.92
20220605	39.75	23.35	27.54
20220606	30.22	27.09	31.53
20220607	30.12	22.25	31.01
20220608	35.56	17.05	32.02
20220609	34.42	13.81	32.36
20220610	30.02	19.68	35.39
20220611	30.02	19.6	35.26
20220612	29.83	18.61	35.22
20220613	31.14	11.6	23.2
20220614	30.95	11.43	28.16
20220615	28.61	11.11	28.56
20220616	28.49	10.55	27.73
20220617	27.17	2.961	15.91
20220618	26.48	4.432	28.16
20220619	25.76	3.745	30.16
20220620	25.04	3.043	29.41
20220621	24.65	2.302	25.62
20220622	24.0	4.097	30.37
20220623	23.67	4.04	33.14
20220624	22.27	5.528	41.05
20220625	20.12	5.229	63.92
20220626	18.17	4.908	69.52
20220627	15.93	4.429	73.72
20220628	10.44	2.97	84.63
20220629	12.45	2.6	82.11
20220630	10.51	2.412	85.05
20220701	7.321	1.52	89.7
20220702	7.001	0.7109	91.12
20220703	6.464	0.4485	90.99
20220704	7.581	0.9263	89.5
20220705	6.649	0.7374	90.31
20220706	7.235	0.7614	89.71
20220707	8.079	0.5835	88.46
20220708	8.047	0.5734	87.63
20220709	7.292	0.7028	64.17
20220710	7.029	0.6329	67.05
20220711	6.142	0.423	66.16
20220712	3.176	0.1878	91.34
20220713	3.125	0.1726	91.12
20220714	4.854	0.499	88.52
20220715	4.854	0.499	88.45
20220716	5.84	0.6162	87.13
20220717	5.839	0.6162	86.89
20220718	6.166	0.7821	85.79
20220719	6.368	0.6279	21.48
20220720	6.358	0.6279	21.62
20220721	5.786	0.274	20.87
20220722	5.444	0.2457	23.36
20220723	5.527	0.2936	31.73
20220724	5.169	0.2252	32.71
20220725	4.912	0.08358	32.62
20220726	5.405	0.09917	32.05
20220727	5.405	0.09917	31.83
20220728	5.822	0.2042	31.76
20220729	1.478	0.07907	92.19
20220730	0.3895	0.02592	98.01
20220731	1.427	0.01897	96.81
20220801	0.571	0.00601	98.66
20220802	0.6157	0.00601	98.58
20220803	0.4692	0.00601	98.87
20220804	1.455	0.1219	97.79
20220805	2.417	0.1196	96.23
20220806	0.3553	0.03794	98.26
20220807	0.3437	0.03794	98.24
20220808	0.3437	0.03794	95.59
20220809	2.864	0.1837	93.17
20220810	2.858	0.1837	91.68
20220811	3.119	0.508	90.72
20220812	4.276	0.4442	89.45
20220813	4.266	0.4442	17.76
20220814	3.673	0.3319	30.47
20220815	3.25	0.2761	41.78
20220816	3.36	0.2744	43.85
20220817	3.547	0.7851	43.55
20220818	1.197	0.274	84.33
20220819	2.612	0.2789	81.07
20220820	2.612	0.2789	80.96
20220821	2.588	0.2789	78.16
20220822	2.405	0.2751	79.51
20220823	2.201	0.2566	77.94
