Date	WetSnow	DrySnow	BareGround
20140920	0.05399	0.3057	2.289
20140921	0.03704	0.2294	57.61
20140922	0.0348	0.2294	71.85
20140923	0.02767	0.1789	78.78
20140924	0.02767	0.1789	79.39
20140925	0.02767	0.1789	79.39
20140926	0.02767	0.1789	79.39
20140927	0.02767	0.1789	79.44
20140928	0.02767	0.1789	83.73
20140929	0.02767	0.1789	83.79
20140930	0.02677	0.1785	85.87
20141001	0.0232	0.1776	85.96
20141002	0.0232	0.1776	85.72
20141003	0.01472	0.1517	88.39
20141004	17.95	0.1397	77.23
20141005	20.87	2.017	74.59
20141006	10.95	1.081	86.87
20141007	10.1	1.08	87.78
20141008	9.034	0.8393	89.37
20141009	8.603	0.8027	89.89
20141010	6.91	0.6287	91.9
20141011	6.52	0.568	92.43
20141012	6.002	0.5056	93.03
20141013	5.999	0.5056	93.0
20141014	5.999	0.5056	92.85
20141015	5.836	0.4824	93.07
20141016	5.611	0.481	93.06
20141017	16.93	6.612	74.09
20141018	16.85	6.38	74.29
20141019	16.23	6.121	75.03
20141020	15.64	5.912	75.81
20141021	15.45	5.87	74.45
20141022	14.29	5.346	75.76
20141023	14.09	5.345	71.31
20141024	14.02	5.334	71.49
20141025	14.02	5.334	71.4
20141026	13.88	5.331	70.64
20141027	13.87	5.309	69.9
20141028	13.01	4.865	69.78
20141029	12.27	4.5	66.49
20141030	12.09	4.473	66.28
20141031	12.06	16.62	61.81
20141101	11.93	16.6	61.41
20141102	10.99	16.29	57.09
20141103	13.43	20.56	51.51
20141104	13.31	20.45	51.63
20141105	13.28	20.22	52.04
20141106	13.28	20.22	52.04
20141107	37.33	14.22	36.47
20141108	37.32	14.22	36.42
20141109	38.18	14.08	35.14
20141110	42.8	12.48	31.25
20141111	42.5	11.58	29.27
20141112	42.48	11.39	29.04
20141113	42.25	11.33	28.54
20141114	46.65	9.621	25.63
20141115	46.25	9.217	24.76
20141116	41.81	0.5707	0.1937
20141117	41.8	0.2954	0.0
20141118	30.63	0.2954	0.0
20141119	34.42	0.2352	0.0
20141120	34.03	0.2352	0.0
20141121	30.19	0.2432	0.0
20141122	33.65	0.274	0.0
20141123	33.65	0.274	0.0
20141124	33.65	0.274	0.0
20141125	16.17	0.274	0.0
20141126	20.02	0.2329	0.0
20141127	20.02	0.2329	0.0
20141128	20.02	0.2329	0.0
20141129	22.32	0.2468	0.0
20141130	19.94	0.2468	0.0
20141201	26.67	0.3199	0.0
20141202	25.47	0.3199	0.0
20141203	23.5	0.3199	0.0
20141204	23.96	0.3186	0.0
20141205	23.96	0.3186	0.0
20141206	23.96	0.3186	0.0
20141207	17.56	0.3186	0.0
20141208	19.13	0.3164	0.0
20141209	19.13	0.3164	0.0
20141210	11.48	0.3164	0.0
20141211	11.48	0.3164	0.0
20141212	4.905	0.3164	0.0
20141213	4.905	0.3164	0.0
20141214	4.696	0.3164	0.0
20141215	6.811	0.3164	0.0
20141216	12.45	0.3181	0.0
20141217	12.45	0.3181	0.0
20141218	12.45	0.3181	0.0
20141219	10.64	0.3181	0.0
20141220	13.22	0.3199	0.0
20141221	13.22	0.3199	0.0
20141222	13.22	0.3199	0.0
20141223	13.22	0.3199	0.0
20141224	13.22	0.3199	0.0
20141225	13.22	0.3199	0.0
20141226	12.83	0.3199	0.0
20141227	9.341	0.3199	0.0
20141228	11.81	0.3199	0.0
20141229	11.81	0.3199	0.0
20141230	20.05	0.2236	0.0
20141231	16.89	0.2236	0.0
20150101	42.3	0.2169	0.0
20150102	42.3	0.2169	0.0
20150103	42.3	0.2169	0.0
20150104	52.97	0.2601	0.0
20150105	52.97	0.2601	0.0
20150106	52.97	0.2601	0.0
20150107	52.53	0.2601	0.0
20150108	51.98	0.2726	0.0
20150109	51.99	0.3155	0.0
20150110	50.62	0.3155	0.0
20150111	50.62	0.3155	0.0
20150112	29.38	0.3155	0.0
20150113	29.56	0.3155	0.0
20150114	29.56	0.3155	0.0
20150115	2.83	0.3155	0.0
20150116	4.982	0.3199	0.0
20150117	4.982	0.3199	0.0
20150118	4.982	0.3199	0.0
20150119	4.949	0.3199	0.0
20150120	4.67	0.3199	0.0
20150121	7.042	0.3199	0.0
20150122	7.042	0.3199	0.0
20150123	7.042	0.3199	0.0
20150124	6.556	0.3199	0.0
20150125	6.556	0.3199	0.0
20150126	6.556	0.3199	0.0
20150127	6.046	0.3199	0.0
20150128	6.046	0.3199	0.0
20150129	6.046	0.3199	0.0
20150130	9.673	0.3199	0.0
20150131	9.673	0.3199	0.0
20150201	9.137	0.3199	0.0
20150202	9.137	0.3199	0.0
20150203	9.137	0.3199	0.0
20150204	9.137	0.3199	0.06202
20150205	9.089	0.3199	0.2432
20150206	9.029	10.29	0.2557
20150207	9.023	10.29	0.3547
20150208	9.023	10.29	0.3547
20150209	9.023	10.29	0.3547
20150210	2.104	10.24	0.3547
20150211	1.987	9.654	6.55
20150212	1.987	9.654	6.573
20150213	5.127	25.4	5.368
20150214	9.131	45.25	4.29
20150215	9.131	45.25	4.29
20150216	8.384	43.59	7.544
20150217	8.368	43.58	7.544
20150218	8.358	43.42	7.827
20150219	8.358	43.38	7.827
20150220	8.335	43.33	7.919
20150221	8.289	43.3	8.03
20150222	8.272	43.25	7.428
20150223	7.96	42.35	8.933
20150224	7.926	41.47	9.047
20150225	7.66	40.03	9.034
20150226	7.388	46.3	7.942
20150227	7.188	45.31	7.623
20150228	7.188	45.31	7.623
20150301	7.183	44.66	7.475
20150302	3.908	66.99	4.796
20150303	3.89	66.14	4.599
20150304	3.794	64.85	5.727
20150305	0.3994	96.3	0.4641
20150306	0.3994	96.12	0.5533
20150307	0.3994	96.11	0.5533
20150308	0.3895	95.15	1.203
20150309	0.3887	94.87	1.203
20150310	2.225	93.16	1.141
20150311	2.225	92.8	1.303
20150312	1.673	93.51	1.114
20150313	1.664	92.56	1.07
20150314	7.576	88.65	1.255
20150315	7.414	87.59	2.277
20150316	7.27	83.96	3.219
20150317	7.27	83.96	3.219
20150318	7.27	83.96	3.219
20150319	10.85	82.24	2.198
20150320	10.82	82.2	2.265
20150321	12.39	81.02	1.956
20150322	13.71	79.78	1.882
20150323	13.71	79.78	1.882
20150324	9.648	84.61	1.395
20150325	9.648	84.61	1.395
20150326	5.031	91.91	0.5261
20150327	4.531	84.68	0.3878
20150328	4.522	84.6	0.4458
20150329	4.493	83.98	0.4458
20150330	4.44	82.73	0.4355
20150331	4.12	79.99	0.39
20150401	4.059	79.24	0.39
20150402	3.824	79.64	0.3887
20150403	3.768	79.05	0.3213
20150404	3.202	77.4	0.2851
20150405	2.903	75.39	0.274
20150406	1.123	31.59	0.1356
20150407	13.67	31.97	0.1548
20150408	12.82	20.8	0.03168
20150409	12.82	20.8	0.03168
20150410	21.45	34.23	0.1776
20150411	21.45	34.2	0.2169
20150412	16.88	53.28	0.1571
20150413	16.88	49.42	0.1571
20150414	16.97	49.99	0.1464
20150415	9.623	73.14	0.0
20150416	9.623	73.14	0.0
20150417	9.623	73.05	0.0
20150418	6.923	71.96	0.0
20150419	6.899	71.74	0.0
20150420	6.899	71.74	0.0
20150421	6.1	71.24	0.0
20150422	34.09	50.27	0.0
20150423	33.95	46.2	0.1017
20150424	24.31	73.64	0.07943
20150425	24.31	73.58	0.1258
20150426	14.79	83.71	0.03347
20150427	16.76	81.89	0.0
20150428	16.76	81.89	0.0
20150429	16.75	81.62	0.2767
20150430	16.75	81.52	0.3744
20150501	18.64	79.53	0.4632
20150502	18.63	79.44	0.568
20150503	18.63	79.44	0.568
20150504	18.09	80.96	0.5917
20150505	18.09	80.96	0.5917
20150506	52.34	46.86	0.5854
20150507	52.34	46.86	0.5854
20150508	70.96	28.41	0.5743
20150509	76.19	23.19	0.5653
20150510	75.98	21.29	2.685
20150511	75.94	21.17	2.743
20150512	75.94	21.02	2.732
20150513	68.7	26.28	2.836
20150514	68.7	26.15	2.836
20150515	68.3	25.12	2.826
20150516	60.44	33.91	5.134
20150517	60.4	33.55	5.59
20150518	52.49	40.58	6.732
20150519	52.48	40.58	6.732
20150520	55.29	37.9	6.681
20150521	59.92	33.22	6.59
20150522	59.91	33.2	6.587
20150523	59.82	32.82	7.127
20150524	59.77	32.63	7.317
20150525	59.71	32.36	7.641
20150526	59.35	30.74	9.739
20150527	59.26	30.48	9.76
20150528	59.26	30.44	9.738
20150529	58.69	26.89	10.57
20150530	58.57	26.15	11.57
20150531	58.24	24.79	11.52
20150601	53.54	27.32	14.86
20150602	56.44	25.95	14.68
20150603	55.28	24.19	18.2
20150604	54.82	22.84	20.03
20150605	54.05	21.5	20.96
20150606	43.46	25.61	25.21
20150607	43.44	25.57	25.24
20150608	43.14	24.91	27.03
20150609	47.83	19.88	26.38
20150610	47.45	19.69	26.3
20150611	47.22	19.64	28.58
20150612	46.61	17.34	28.41
20150613	46.6	16.91	29.28
20150614	46.07	14.82	28.04
20150615	45.21	14.37	30.29
20150616	45.09	14.34	30.71
20150617	44.65	10.74	29.73
20150618	41.77	12.64	33.75
20150619	40.93	11.14	34.77
20150620	39.97	10.59	38.77
20150621	39.96	10.59	38.84
20150622	38.84	9.199	42.62
20150623	38.72	8.649	42.69
20150624	38.16	8.315	42.61
20150625	36.09	8.08	41.47
20150626	35.97	7.73	42.27
20150627	34.99	7.496	43.84
20150628	34.67	7.307	45.22
20150629	31.97	5.437	48.31
20150630	26.31	13.36	52.33
20150701	23.2	12.43	57.68
20150702	23.13	12.39	57.67
20150703	26.7	10.63	54.64
20150704	26.23	10.6	55.29
20150705	26.14	10.57	55.32
20150706	26.02	10.57	55.32
20150707	26.06	10.17	54.7
20150708	26.61	9.878	54.54
20150709	25.58	9.459	56.08
20150710	22.69	9.328	60.73
20150711	22.01	8.022	60.66
20150712	18.16	6.857	63.06
20150713	13.12	6.498	74.65
20150714	11.48	6.309	77.57
20150715	18.63	5.149	71.95
20150716	18.62	5.147	72.0
20150717	19.04	5.128	71.6
20150718	17.36	5.061	73.45
20150719	16.54	5.149	73.77
20150720	17.46	5.025	72.93
20150721	16.41	4.09	73.69
20150722	13.45	4.37	76.83
20150723	12.12	3.763	78.97
20150724	14.58	4.291	74.58
20150725	14.1	4.049	72.28
20150726	12.75	3.658	69.14
20150727	13.74	3.556	68.23
20150728	10.68	3.14	75.7
20150729	11.6	2.6	73.88
20150730	11.36	2.43	72.63
20150731	10.95	2.43	72.63
20150801	11.62	2.402	71.2
20150802	11.32	1.616	64.37
20150803	11.04	1.114	47.96
20150804	7.73	0.5988	69.78
20150805	7.866	0.7108	69.5
20150806	7.866	0.7108	69.36
20150807	6.081	0.6372	80.04
20150808	8.548	0.3489	69.51
20150809	7.589	0.3266	71.31
20150810	5.734	0.315	82.3
20150811	5.734	0.315	82.3
20150812	6.345	0.5252	83.33
20150813	7.697	0.9049	82.63
20150814	7.643	0.9049	82.77
20150815	3.024	1.141	93.24
20150816	1.119	0.767	96.95
20150817	1.604	0.6564	97.2
20150818	0.5774	0.5256	98.45
20150819	0.3244	0.4355	98.85
20150820	2.179	0.3855	97.19
20150821	0.3547	0.2294	99.24
20150822	0.1838	0.1919	99.53
20150823	0.1825	0.1919	99.55
20150824	0.5404	0.286	99.1
20150825	1.576	0.3074	98.06
20150826	0.9656	0.1495	98.71
20150827	1.448	0.2035	98.15
20150828	1.442	0.2035	98.12
20150829	2.72	0.2584	96.74
20150830	2.522	0.2584	96.91
20150831	2.271	0.2302	97.09
20150901	4.505	0.2008	94.71
20150902	4.114	0.2008	92.46
20150903	4.112	0.1919	92.33
20150904	4.109	0.1736	88.4
20150905	5.456	0.1611	75.34
20150906	6.115	0.2298	65.87
20150907	5.999	0.2298	60.24
20150908	6.33	0.2097	60.77
20150909	6.201	0.1647	48.65
20150910	1.643	0.6765	96.58
20150911	0.4627	0.4355	98.65
20150912	0.2512	0.3003	99.06
20150913	1.611	0.4476	97.71
20150914	0.4266	0.319	99.03
20150915	0.3931	0.2664	99.12
20150916	0.2784	0.2338	99.3
20150917	1.171	0.3039	98.32
20150918	2.376	1.025	96.37
20150919	2.328	1.024	96.39
20150920	2.655	1.02	96.09
20150921	1.516	0.6724	97.53
20150922	1.357	0.6002	97.69
20150923	3.158	0.6479	95.71
20150924	1.815	0.1879	95.99
20150925	3.409	0.1589	90.62
20150926	3.409	0.1589	90.16
20150927	4.94	0.2459	88.89
20150928	4.388	0.2454	89.34
20150929	3.8	0.2624	90.55
20150930	6.067	7.186	83.32
20151001	5.957	7.085	83.54
20151002	7.703	7.549	80.39
20151003	7.612	7.133	81.12
20151004	9.259	16.66	70.09
20151005	7.724	59.94	28.33
20151006	7.551	57.57	28.81
20151007	7.395	54.99	31.55
20151008	7.244	51.8	34.89
20151009	7.151	49.44	37.36
20151010	6.97	46.86	40.32
20151011	7.475	59.18	30.56
20151012	14.26	59.43	24.35
20151013	14.25	59.07	24.71
20151014	14.81	58.62	24.33
20151015	14.75	57.96	24.96
20151016	17.36	56.09	24.17
20151017	21.01	48.54	28.02
20151018	20.55	45.39	31.12
20151019	19.1	36.37	41.57
20151020	19.08	35.63	40.98
20151021	18.88	28.57	37.32
20151022	17.87	11.27	43.9
20151023	16.14	12.52	42.63
20151024	17.05	11.78	42.1
20151025	16.63	11.55	44.07
20151026	17.05	11.45	43.64
20151027	16.12	11.11	44.0
20151028	9.915	36.77	29.45
20151029	8.708	49.49	23.81
20151030	8.439	46.41	27.44
20151031	9.922	50.53	23.58
20151101	9.922	50.52	23.56
20151102	9.793	49.05	24.53
20151103	9.511	46.78	26.75
20151104	20.7	40.82	25.12
20151105	22.38	54.57	16.24
20151106	22.37	54.57	16.24
20151107	22.36	54.5	15.71
20151108	22.34	53.5	15.6
20151109	22.33	52.18	15.09
20151110	22.09	46.45	11.34
20151111	21.19	44.55	11.2
20151112	21.72	44.27	11.15
20151113	21.67	42.57	10.02
20151114	21.35	38.17	5.235
20151115	18.97	35.89	3.045
20151116	14.58	0.3561	0.04953
20151117	16.12	0.2883	0.04953
20151118	16.03	0.1932	0.0
20151119	16.03	0.1142	0.0
20151120	16.03	0.1142	0.0
20151121	15.04	0.1142	0.0
20151122	22.33	0.1736	0.0
20151123	16.53	0.1736	0.0
20151124	16.78	0.1589	0.0
20151125	16.35	0.1589	0.0
20151126	16.64	0.2476	0.0
20151127	16.03	0.2476	0.0
20151128	15.13	0.2543	0.0
20151129	15.28	0.2012	0.0
20151130	15.28	0.2012	0.0
20151201	15.28	0.2012	0.0
20151202	15.28	0.2012	0.0
20151203	4.536	0.2012	0.0
20151204	4.506	0.2677	0.0
20151205	2.924	0.2677	0.0
20151206	3.113	0.2512	0.0
20151207	2.626	0.2512	0.0
20151208	2.804	0.3164	0.0
20151209	2.117	0.3164	0.0
20151210	1.006	0.3173	0.0
20151211	1.006	0.3173	0.0
20151212	1.006	0.3173	0.0
20151213	1.006	0.3173	0.0
20151214	1.006	0.3173	0.0
20151215	0.9134	0.3173	0.0
20151216	0.9312	0.3074	0.0
20151217	0.4797	0.3074	0.0
20151218	0.4815	0.3132	0.0
20151219	0.1629	0.3132	0.0
20151220	17.02	0.1678	0.0
20151221	16.96	0.1678	0.0
20151222	20.7	0.1771	0.0
20151223	24.57	0.1879	0.0
20151224	24.57	0.1879	0.0
20151225	24.57	0.1879	0.0
20151226	24.57	0.1879	0.0
20151227	24.56	0.1879	0.0
20151228	24.48	0.2789	0.0
20151229	24.47	0.2789	0.0
20151230	24.49	0.2633	0.0
20151231	17.88	0.2633	0.0
20160101	17.85	0.3025	0.0
20160102	15.19	0.3025	0.0
20160103	1.082	0.3057	0.0
20160104	1.091	0.3012	0.0
20160105	1.091	0.3012	0.0
20160106	1.091	0.3012	0.0
20160107	1.091	0.3012	0.0
20160108	0.5399	0.3012	0.0
20160109	0.5212	0.3199	0.0
20160110	0.09103	0.3199	0.0
20160111	0.6202	0.3199	0.0
20160112	0.5926	0.3199	0.0
20160113	2.966	0.3199	0.0
20160114	2.963	0.3199	0.0
20160115	2.929	0.3199	0.0
20160116	2.964	0.3199	0.0
20160117	2.964	0.3199	0.0
20160118	2.964	0.3199	0.0
20160119	2.964	0.3199	0.0
20160120	2.964	0.3199	0.0
20160121	2.964	0.3199	0.0
20160122	2.678	0.3199	0.0
20160123	2.708	0.3199	0.0
20160124	0.3623	0.3199	0.0
20160125	1.135	0.3199	0.0
20160126	1.07	0.3199	0.0
20160127	1.013	0.3199	0.0
20160128	1.014	0.3199	0.0
20160129	1.014	0.3199	0.0
20160130	1.014	0.3199	0.0
20160131	1.014	0.3199	0.0
20160201	1.012	0.3199	0.0
20160202	1.013	0.3199	0.0
20160203	0.9589	0.3199	0.0
20160204	0.9678	1.217	0.0
20160205	0.01829	1.217	0.2008
20160206	0.9237	1.217	0.1977
20160207	0.9165	1.217	0.8393
20160208	0.9192	1.217	0.8393
20160209	0.8634	6.097	0.8621
20160210	0.8634	6.085	0.8844
20160211	0.8634	6.085	0.8844
20160212	0.8634	6.085	0.8844
20160213	0.8634	6.085	0.8844
20160214	0.1887	25.17	0.9156
20160215	0.1865	25.08	1.307
20160216	0.1397	45.45	0.9843
20160217	0.1397	45.45	0.9843
20160218	0.2579	45.21	0.7514
20160219	0.2552	45.16	0.8407
20160220	0.2579	45.73	0.7849
20160221	0.1388	49.92	0.6617
20160222	0.1388	49.76	1.02
20160223	0.1388	49.76	1.02
20160224	0.1388	49.61	1.397
20160225	0.1321	47.02	1.392
20160226	0.01919	94.25	0.2512
20160227	0.01919	94.23	0.2512
20160228	0.1705	96.41	0.2066
20160229	0.1705	96.41	0.2066
20160301	0.9433	98.92	0.03347
20160302	0.9433	98.92	0.03347
20160303	0.9495	98.92	0.03347
20160304	0.9446	97.99	0.9803
20160305	0.9446	97.97	0.9915
20160306	0.9446	97.97	0.9915
20160307	0.9446	97.97	0.9915
20160308	0.9446	96.0	0.9915
20160309	0.2673	96.34	1.175
20160310	0.2655	96.26	1.208
20160311	0.5475	97.4	1.014
20160312	0.5448	96.96	1.014
20160313	0.5448	96.96	1.014
20160314	0.5448	96.96	1.014
20160315	17.33	80.35	0.9
20160316	25.97	71.88	0.7215
20160317	25.97	71.7	0.7215
20160318	25.95	71.69	0.7438
20160319	25.95	71.41	0.7425
20160320	25.95	65.81	0.7318
20160321	22.19	73.31	0.01562
20160322	22.18	71.59	0.01562
20160323	22.6	71.2	0.01517
20160324	22.58	71.18	0.05488
20160325	21.98	71.7	0.04596
20160326	21.72	71.36	0.04551
20160327	21.7	70.68	0.04551
20160328	18.09	74.84	0.2347
20160329	18.05	74.8	0.2347
20160330	17.96	74.71	0.4154
20160331	17.85	74.33	0.601
20160401	17.68	73.24	0.834
20160402	3.559	95.05	0.2896
20160403	3.559	95.05	0.2896
20160404	1.482	97.22	0.2325
20160405	1.482	97.2	0.2561
20160406	1.722	96.91	0.3007
20160407	1.722	96.91	0.3007
20160408	2.258	96.39	0.286
20160409	2.559	96.09	0.286
20160410	2.559	96.09	0.286
20160411	2.559	96.08	0.286
20160412	2.559	96.04	0.286
20160413	2.545	93.61	0.27
20160414	5.944	89.76	0.2365
20160415	5.917	77.86	0.2923
20160416	5.681	58.98	0.2775
20160417	5.654	54.99	0.2494
20160418	1.984	95.26	0.2534
20160419	1.952	95.02	0.5363
20160420	3.91	93.21	0.5529
20160421	0.4163	98.44	0.5671
20160422	0.4163	98.44	0.5671
20160423	0.4163	98.42	0.5894
20160424	0.4136	98.25	0.7769
20160425	0.4119	97.93	1.268
20160426	0.5886	97.83	1.23
20160427	0.5877	97.83	1.23
20160428	46.44	50.65	2.897
20160429	46.14	50.26	3.58
20160430	62.57	32.98	4.448
20160501	62.39	31.81	5.8
20160502	56.87	36.63	6.504
20160503	54.94	38.65	6.413
20160504	54.93	38.63	6.435
20160505	54.93	38.63	6.435
20160506	54.85	38.17	6.885
20160507	54.84	38.16	6.898
20160508	59.69	33.26	6.951
20160509	59.67	32.98	7.062
20160510	60.07	32.36	7.28
20160511	60.05	32.03	7.138
20160512	59.75	31.64	7.199
20160513	58.25	24.05	6.865
20160514	49.89	28.78	7.644
20160515	49.61	28.84	8.209
20160516	49.49	28.05	8.161
20160517	48.89	25.81	9.801
20160518	48.74	25.03	10.98
20160519	48.01	24.06	12.12
20160520	37.85	37.51	15.61
20160521	37.18	36.79	15.53
20160522	44.96	30.14	18.48
20160523	44.6	29.5	18.48
20160524	43.66	28.91	21.04
20160525	43.17	26.34	21.21
20160526	34.55	29.77	31.0
20160527	34.67	23.86	40.23
20160528	34.66	23.58	40.51
20160529	31.38	21.27	46.32
20160530	28.25	17.18	54.18
20160531	24.83	19.48	55.52
20160601	26.95	17.54	55.37
20160602	24.14	15.92	59.7
20160603	31.76	12.99	55.02
20160604	31.69	12.88	55.13
20160605	34.63	11.6	53.48
20160606	34.15	10.57	54.0
20160607	33.94	9.204	53.5
20160608	34.78	9.006	52.92
20160609	34.68	7.342	52.75
20160610	32.58	7.354	53.69
20160611	31.06	6.537	55.38
20160612	32.37	6.363	53.84
20160613	33.23	4.578	49.44
20160614	33.01	4.428	48.66
20160615	36.4	4.943	46.74
20160616	36.01	4.943	46.68
20160617	36.0	4.878	45.86
20160618	35.97	4.867	45.92
20160619	35.6	4.867	45.92
20160620	35.6	4.867	45.89
20160621	35.13	3.975	40.81
20160622	34.42	1.789	8.854
20160623	32.91	1.62	23.72
20160624	31.9	1.596	28.89
20160625	29.65	1.452	40.79
20160626	1.96	0.1066	70.45
20160627	1.874	0.0763	79.79
20160628	1.874	0.0763	79.79
20160629	11.2	0.8795	75.57
20160630	8.79	0.149	80.86
20160701	9.242	0.722	81.13
20160702	8.524	0.7086	82.5
20160703	7.338	0.6818	84.65
20160704	6.359	0.9536	86.55
20160705	6.346	0.9536	86.54
20160706	8.538	0.9228	84.14
20160707	9.393	0.8442	82.66
20160708	7.94	0.7983	83.54
20160709	8.946	0.7153	82.75
20160710	8.256	0.6599	82.6
20160711	7.965	0.8572	77.09
20160712	4.934	0.3998	89.34
20160713	3.533	0.3784	92.96
20160714	5.662	0.8808	88.63
20160715	5.589	0.4114	85.19
20160716	5.544	0.4565	85.15
20160717	5.346	0.4565	85.63
20160718	6.902	0.4413	84.11
20160719	7.159	0.4614	84.04
20160720	6.046	0.3579	85.7
20160721	3.437	0.1901	94.71
20160722	0.2503	0.09772	99.24
20160723	1.014	0.2459	98.4
20160724	0.991	0.2347	98.38
20160725	1.491	0.1575	97.92
20160726	2.48	0.224	96.94
20160727	2.479	0.224	96.94
20160728	2.464	0.2713	96.91
20160729	2.118	0.2552	97.3
20160730	1.547	0.2673	97.94
20160731	2.679	0.2347	96.8
20160801	2.673	0.2236	96.7
20160802	4.097	0.1718	93.89
20160803	4.007	0.1718	88.76
20160804	2.752	0.6845	91.32
20160805	1.526	0.5332	94.5
20160806	2.13	0.5502	92.51
20160807	3.949	0.5056	90.78
20160808	3.942	0.5056	90.78
20160809	3.895	0.5703	89.6
20160810	2.577	0.2204	88.86
20160811	4.085	0.2146	86.08
20160812	4.647	0.2044	85.57
20160813	3.255	0.1807	91.29
20160814	5.064	0.141	91.39
20160815	3.097	0.1102	93.89
20160816	1.401	0.2155	95.9
20160817	0.2579	0.06916	99.1
20160818	0.2374	0.1428	99.34
20160819	1.27	0.1566	98.3
20160820	0.6158	0.09058	99.07
20160821	0.7929	0.1995	98.79
20160822	0.08032	0.002677	99.86
20160823	1.976	0.2003	97.76
20160824	2.147	0.2606	97.56
20160825	2.144	0.2606	97.57
20160826	4.758	0.2079	95.0
20160827	4.608	0.2079	95.14
20160828	8.48	0.2195	91.24
20160829	8.445	0.2195	91.25
20160830	8.474	0.3775	91.07
20160831	8.849	0.3547	90.71
20160901	8.845	0.3547	90.65
20160902	8.782	0.4239	89.64
20160903	5.716	0.1812	93.2
20160904	6.783	0.7893	57.06
20160905	9.975	2.507	61.34
20160906	9.842	2.256	63.79
20160907	10.74	7.25	59.19
20160908	8.593	5.688	65.17
20160909	8.81	5.585	65.28
20160910	4.716	1.841	81.92
20160911	5.588	1.829	81.21
20160912	6.7	2.148	79.93
20160913	2.463	0.755	90.53
20160914	2.477	0.8059	88.58
20160915	2.297	0.78	90.32
20160916	1.108	0.249	98.41
20160917	1.296	0.3012	98.18
20160918	1.159	0.2825	98.34
20160919	2.236	2.456	95.09
20160920	2.14	2.132	95.53
20160921	2.066	1.675	96.15
20160922	0.3378	0.2722	99.28
20160923	0.8126	0.2178	98.85
20160924	2.735	0.2191	96.92
20160925	2.735	0.2191	96.92
20160926	2.367	0.2825	97.13
20160927	5.662	0.3525	86.52
20160928	5.849	0.3391	83.77
20160929	7.008	0.3936	84.3
20160930	11.2	1.731	78.75
20161001	12.86	1.823	76.63
20161002	12.51	3.73	79.43
20161003	12.79	12.05	68.49
20161004	11.56	33.78	52.1
20161005	16.07	29.12	52.53
20161006	16.39	28.95	52.43
20161007	14.07	19.7	64.25
20161008	8.532	9.958	80.21
20161009	10.41	3.797	85.19
20161010	3.629	3.245	92.7
20161011	8.577	3.062	87.99
20161012	11.81	2.597	85.19
20161013	12.16	2.55	84.59
20161014	12.09	2.307	84.89
20161015	5.06	2.209	89.91
20161016	18.0	2.476	77.85
20161017	19.53	3.534	75.48
20161018	12.26	7.06	79.25
20161019	13.02	8.046	77.84
20161020	3.604	4.352	91.37
20161021	12.46	9.758	77.37
20161022	5.948	7.366	86.15
20161023	15.09	11.47	73.0
20161024	26.4	11.31	61.85
20161025	25.91	11.9	61.75
20161026	17.21	11.55	70.8
20161027	15.07	13.21	71.16
20161028	21.39	23.05	55.08
20161029	30.83	29.4	39.65
20161030	26.4	37.02	36.09
20161031	38.33	41.77	17.74
20161101	30.44	45.16	21.76
20161102	29.84	44.89	22.08
20161103	26.75	51.91	18.0
20161104	25.84	57.2	13.15
20161105	22.39	54.87	18.89
20161106	38.95	48.75	8.533
20161107	38.9	48.56	8.618
20161108	44.04	45.21	6.581
20161109	43.97	44.65	6.314
20161110	48.61	41.16	5.199
20161111	49.66	37.53	4.723
20161112	49.32	36.45	4.287
20161113	49.16	35.46	3.99
20161114	49.11	32.96	3.849
20161115	49.27	27.26	3.475
20161116	48.71	10.97	1.546
20161117	46.52	8.538	1.457
20161118	47.14	0.3128	0.0
20161119	45.06	0.3128	0.0
20161120	45.06	0.3128	0.0
20161121	38.37	0.3128	0.0
20161122	18.67	0.3128	0.0
20161123	24.14	0.3079	0.0
20161124	24.07	0.3079	0.0
20161125	24.31	0.3199	0.0
20161126	24.01	0.3199	0.0
20161127	25.41	0.3199	0.0
20161128	26.96	0.3137	0.0
20161129	25.63	0.3137	0.0
20161130	26.2	0.3155	0.0
20161201	26.2	0.3155	0.0
20161202	26.2	0.3155	0.0
20161203	22.21	0.3155	0.0
20161204	19.88	0.3164	0.0
20161205	20.12	0.3186	0.0
20161206	19.98	0.3186	0.0
20161207	20.01	0.3199	0.0
20161208	17.22	0.3199	0.0
20161209	11.33	0.3199	0.0
20161210	11.46	0.3199	0.0
20161211	8.951	0.3199	0.0
20161212	9.083	0.3186	0.0
20161213	9.083	0.3186	0.0
20161214	11.08	0.3199	0.0
20161215	7.204	0.3199	0.0
20161216	10.15	0.2958	0.0
20161217	30.01	0.1392	0.0
20161218	29.96	0.1392	0.0
20161219	29.96	0.1392	0.0
20161220	29.32	0.1392	0.0
20161221	39.83	0.1236	0.0
20161222	43.41	0.1111	0.0
20161223	43.31	0.1111	0.0
20161224	50.33	0.1508	0.0
20161225	53.01	0.1508	0.0
20161226	53.3	0.2133	0.0
20161227	54.56	0.1972	0.0
20161228	50.52	0.1865	0.0
20161229	50.53	0.1999	0.0
20161230	50.56	0.2021	0.0
20161231	50.49	0.2798	0.0
20170101	33.8	0.2195	0.0
20170102	33.18	0.2195	0.0
20170103	35.37	0.286	0.0
20170104	35.48	0.2468	0.0
20170105	34.96	0.2758	0.0
20170106	32.53	0.2726	0.0
20170107	32.45	0.3155	0.0
20170108	29.63	0.29	0.0
20170109	30.13	0.2936	0.0
20170110	26.57	0.3199	0.0
20170111	20.18	0.3199	0.0
20170112	16.66	0.3199	0.0
20170113	17.61	0.3155	0.0
20170114	17.56	0.3155	0.0
20170115	13.98	0.3199	0.0
20170116	12.49	0.3199	0.0
20170117	10.46	0.3199	0.0
20170118	11.23	0.3199	0.0
20170119	11.22	0.3199	0.0
20170120	13.78	0.3199	0.0
20170121	14.83	0.3199	0.0
20170122	13.06	0.3199	0.0
20170123	12.3	0.3199	0.0
20170124	12.09	0.3199	0.0
20170125	31.18	0.278	0.0
20170126	31.82	0.278	0.0
20170127	57.01	0.1356	0.0
20170128	59.34	0.2084	0.0
20170129	59.41	0.2195	0.0
20170130	66.58	0.2191	0.0
20170131	67.73	0.2646	0.0
20170201	70.69	0.2432	0.0
20170202	70.7	0.2588	0.0
20170203	54.88	12.24	0.05667
20170204	40.55	12.08	0.05667
20170205	18.19	35.22	0.6599
20170206	13.5	62.28	0.7001
20170207	2.357	91.04	0.3213
20170208	2.263	92.29	0.481
20170209	2.713	94.87	0.3668
20170210	2.71	94.82	0.4003
20170211	1.526	96.04	0.4132
20170212	7.213	90.39	0.4123
20170213	38.87	58.95	0.3315
20170214	44.86	53.18	0.4926
20170215	44.76	53.04	0.4832
20170216	44.75	52.72	0.4832
20170217	43.05	52.82	0.4203
20170218	54.5	20.16	0.1763
20170219	49.18	26.57	0.1651
20170220	30.06	27.67	0.1624
20170221	19.96	46.05	0.02945
20170222	13.01	66.16	0.2414
20170223	13.15	65.65	0.2414
20170224	12.94	65.58	0.2414
20170225	4.091	78.08	0.9147
20170226	1.455	87.38	0.7273
20170227	0.3556	96.85	0.2677
20170228	0.1986	97.88	0.2923
20170301	0.06961	96.44	0.3797
20170302	0.04194	97.54	0.1678
20170303	0.02454	97.99	0.3315
20170304	0.029	97.67	0.3855
20170305	0.01026	97.8	0.2338
20170306	0.004462	98.62	0.1044
20170307	0.02365	98.5	0.09281
20170308	0.01339	98.81	0.09504
20170309	0.04061	98.74	0.08389
20170310	0.04328	98.15	0.3739
20170311	0.01472	97.63	0.3405
20170312	0.04328	97.21	0.3588
20170313	0.04328	94.29	0.3253
20170314	0.04864	62.6	0.3253
20170315	0.04864	51.33	0.2744
20170316	0.08567	47.37	0.3726
20170317	0.5792	62.55	0.274
20170318	0.195	68.33	0.1963
20170319	0.1986	69.47	0.1963
20170320	0.1986	66.78	0.1963
20170321	0.2137	67.3	0.1852
20170322	0.03882	77.48	0.09594
20170323	0.03257	72.31	0.08478
20170324	0.01294	82.23	0.1209
20170325	0.01294	79.73	0.1544
20170326	0.5234	78.36	0.133
20170327	0.6345	79.03	0.133
20170328	7.31	74.19	0.04239
20170329	7.946	61.1	0.03793
20170330	7.849	59.76	0.03793
20170331	6.351	50.14	0.03257
20170401	3.542	60.87	0.0
20170402	1.964	76.19	0.02231
20170403	2.04	74.77	0.02231
20170404	16.9	64.91	0.02231
20170405	28.62	57.12	0.05979
20170406	28.89	56.64	0.07095
20170407	30.09	53.28	0.06202
20170408	11.27	83.75	0.01517
20170409	15.72	77.69	0.01517
20170410	15.66	77.81	0.01517
20170411	15.84	76.89	0.01517
20170412	14.35	76.3	0.02231
20170413	5.024	89.72	0.0
20170414	3.17	90.99	0.01116
20170415	4.918	58.35	0.01116
20170416	4.733	59.83	0.01116
20170417	2.125	86.37	0.0
20170418	2.092	86.37	0.0
20170419	2.111	86.0	0.0
20170420	1.932	83.88	0.0
20170421	2.047	80.24	0.0
20170422	1.436	79.93	0.0
20170423	0.4623	82.98	0.0
20170424	0.7376	45.93	0.0
20170425	1.19	79.9	0.0
20170426	3.277	94.12	0.0
20170427	2.283	95.48	0.0
20170428	0.3315	99.67	0.0
20170429	0.5145	99.49	0.0
20170430	0.6367	99.36	0.0
20170501	0.8643	99.14	0.0
20170502	1.12	98.88	0.0
20170503	4.234	95.77	0.0
20170504	5.038	94.96	0.0
20170505	60.13	39.84	0.0
20170506	63.01	20.92	0.0
20170507	63.6	22.73	0.01919
20170508	64.86	25.47	0.07586
20170509	54.03	39.16	0.07586
20170510	53.74	31.36	0.07586
20170511	34.6	60.28	0.08076
20170512	19.44	68.23	0.1303
20170513	18.44	74.15	0.09683
20170514	13.0	83.95	0.1914
20170515	23.8	75.83	0.3543
20170516	15.58	84.08	0.332
20170517	23.27	76.39	0.3266
20170518	35.19	64.13	0.6631
20170519	68.84	30.51	0.6372
20170520	72.91	26.4	0.5966
20170521	76.56	22.69	0.5587
20170522	75.54	18.41	0.3904
20170523	73.81	20.17	0.5042
20170524	72.37	21.32	0.502
20170525	69.6	17.89	0.9094
20170526	66.98	20.91	0.9428
20170527	64.11	27.78	2.71
20170528	68.74	22.89	2.632
20170529	67.25	24.36	2.499
20170530	67.23	22.3	2.492
20170531	66.63	22.87	2.435
20170601	66.54	21.49	2.095
20170602	63.72	25.34	2.601
20170603	40.45	51.18	4.692
20170604	50.41	41.18	4.667
20170605	50.58	41.21	4.469
20170606	64.07	27.14	4.889
20170607	53.77	36.91	6.842
20170608	55.12	33.26	10.77
20170609	55.96	28.58	14.85
20170610	50.39	25.76	20.43
20170611	48.07	26.67	22.28
20170612	40.68	30.74	24.38
20170613	44.7	24.21	27.18
20170614	46.17	19.79	29.0
20170615	45.92	18.15	29.16
20170616	45.34	16.54	29.25
20170617	43.43	16.87	31.52
20170618	44.79	14.12	31.05
20170619	44.5	11.69	30.95
20170620	44.09	9.993	29.63
20170621	44.23	5.336	21.17
20170622	42.45	7.655	22.94
20170623	38.79	9.722	31.75
20170624	36.83	8.938	26.51
20170625	38.69	7.075	25.97
20170626	39.44	6.353	23.1
20170627	39.11	5.672	21.39
20170628	38.03	6.056	30.21
20170629	36.45	4.303	37.31
20170630	34.38	2.837	36.07
20170701	32.21	4.476	37.49
20170702	31.16	4.15	40.9
20170703	31.83	2.746	39.96
20170704	32.16	2.624	40.01
20170705	30.77	2.078	38.91
20170706	29.48	2.265	38.95
20170707	28.39	3.195	38.1
20170708	28.47	2.717	33.96
20170709	28.06	2.801	37.36
20170710	26.96	2.529	37.67
20170711	22.8	4.235	53.14
20170712	25.43	3.015	51.86
20170713	25.45	2.824	51.35
20170714	24.19	1.516	47.06
20170715	23.11	2.894	52.81
20170716	23.08	2.563	49.52
20170717	21.38	2.474	49.32
20170718	20.92	2.518	22.45
20170719	20.29	2.251	24.21
20170720	20.65	2.206	24.42
20170721	19.08	2.692	43.21
20170722	18.91	0.6006	52.06
20170723	13.56	0.8143	77.35
20170724	14.47	0.6336	77.13
20170725	8.257	0.5886	89.11
20170726	10.03	0.4266	88.07
20170727	11.07	0.2659	87.39
20170728	9.45	0.1986	89.02
20170729	6.61	0.1763	91.63
20170730	9.042	0.303	88.86
20170731	11.9	0.2253	85.93
20170801	12.8	0.2137	84.5
20170802	12.73	0.2396	84.09
20170803	12.63	0.1852	80.18
20170804	9.728	0.174	75.16
20170805	10.56	0.386	56.28
20170806	9.194	0.7264	65.37
20170807	9.672	4.671	68.01
20170808	9.994	1.68	80.25
20170809	10.06	1.683	80.21
20170810	9.726	2.976	78.28
20170811	8.524	1.998	81.19
20170812	9.204	2.423	78.7
20170813	9.888	1.832	77.71
20170814	9.853	1.564	76.11
20170815	11.25	1.719	58.34
20170816	7.661	1.262	78.25
20170817	9.576	0.8009	77.29
20170818	9.365	0.784	74.92
20170819	8.533	0.5301	77.51
20170820	8.843	0.5154	70.49
20170821	9.05	0.4217	70.24
20170822	7.703	0.2856	65.73
20170823	7.747	0.282	39.55
20170824	9.579	0.2039	31.61
20170825	12.56	0.336	29.39
20170826	14.01	0.8514	3.908
20170827	15.84	1.119	23.37
20170828	15.28	1.037	25.73
20170829	15.62	1.681	24.04
20170830	15.56	1.68	24.67
20170831	15.21	2.408	24.77
20170901	15.11	1.906	24.99
20170902	14.19	1.457	25.49
20170903	10.45	1.163	9.767
20170904	3.697	0.3998	91.57
20170905	4.678	0.2512	91.69
20170906	5.895	0.216	90.58
20170907	3.349	0.2646	94.43
20170908	5.673	0.1825	92.12
20170909	5.51	0.1821	92.08
20170910	8.854	0.2655	88.93
20170911	8.639	0.9067	87.33
20170912	10.16	4.443	81.54
20170913	10.46	4.409	81.19
20170914	8.919	2.715	51.14
20170915	8.493	3.72	47.16
20170916	9.566	3.803	46.96
20170917	9.608	3.714	46.37
20170918	9.219	2.451	46.25
20170919	5.909	0.9379	62.83
20170920	7.796	0.8839	69.58
20170921	6.411	1.207	71.2
20170922	8.743	0.4935	77.83
20170923	8.621	2.933	75.36
20170924	6.295	0.3762	91.0
20170925	7.854	0.2133	89.9
20170926	5.067	0.2445	92.4
20170927	1.489	0.4181	96.79
20170928	1.5	0.6019	96.53
20170929	2.524	0.3516	95.7
20170930	3.061	0.3762	95.53
20171001	1.962	0.4083	96.58
20171002	3.456	0.3186	94.89
20171003	3.458	0.8103	94.28
20171004	9.25	0.7907	87.29
20171005	8.91	0.6528	87.47
20171006	11.58	0.618	84.22
20171007	13.08	1.28	80.58
20171008	10.29	5.644	54.0
20171009	8.384	5.153	70.72
20171010	6.014	7.495	75.22
20171011	11.93	9.299	69.69
20171012	13.08	14.94	64.03
20171013	6.637	22.43	66.34
20171014	10.84	25.3	58.5
20171015	8.953	29.02	54.18
20171016	19.28	24.47	48.19
20171017	15.22	47.05	33.35
20171018	22.58	43.97	29.36
20171019	26.02	45.32	24.23
20171020	14.28	76.4	5.824
20171021	19.03	74.11	4.576
20171022	9.191	84.47	4.356
20171023	32.82	65.03	1.534
20171024	30.82	67.19	1.266
20171025	25.64	71.67	1.638
20171026	27.89	68.53	2.206
20171027	27.66	68.58	2.102
20171028	30.64	65.09	2.493
20171029	21.6	73.58	2.945
20171030	19.53	77.52	1.539
20171031	9.78	88.51	1.431
20171101	13.77	84.67	1.256
20171102	12.8	83.95	2.946
20171103	13.96	83.8	2.18
20171104	23.44	72.28	4.222
20171105	20.55	75.87	3.511
20171106	11.71	85.55	2.572
20171107	12.73	79.55	2.493
20171108	13.31	77.77	2.478
20171109	16.13	70.33	1.779
20171110	15.88	58.12	1.55
20171111	15.23	37.37	0.03257
20171112	18.15	30.45	0.01071
20171113	18.3	0.3141	0.0
20171114	17.51	0.3141	0.0
20171115	15.8	0.3199	0.0
20171116	15.14	0.3177	0.0
20171117	16.62	0.3115	0.0
20171118	15.91	0.3199	0.0
20171119	13.17	0.3199	0.0
20171120	14.1	0.3199	0.0
20171121	17.26	0.3199	0.0
20171122	17.26	0.3199	0.0
20171123	15.27	0.3199	0.0
20171124	14.46	0.3199	0.0
20171125	14.62	0.3199	0.0
20171126	14.7	0.3199	0.0
20171127	14.61	0.3199	0.0
20171128	12.92	0.3199	0.0
20171129	14.39	0.3199	0.0
20171130	12.59	0.3199	0.0
20171201	13.72	0.3181	0.0
20171202	13.68	0.3181	0.0
20171203	14.03	0.3199	0.0
20171204	14.05	0.3199	0.0
20171205	14.22	0.3199	0.0
20171206	13.13	0.3199	0.0
20171207	12.99	0.319	0.0
20171208	6.542	0.319	0.0
20171209	6.553	0.3199	0.0
20171210	5.894	0.3199	0.0
20171211	7.487	0.3199	0.0
20171212	6.66	0.3199	0.0
20171213	10.71	0.3199	0.0
20171214	10.65	0.3199	0.0
20171215	10.62	0.3199	0.0
20171216	10.72	0.3199	0.0
20171217	11.56	0.3199	0.0
20171218	14.88	0.3199	0.0
20171219	14.87	0.3195	0.0
20171220	16.2	0.2552	0.0
20171221	16.19	0.3123	0.0
20171222	16.36	0.3119	0.0
20171223	16.69	0.3173	0.0
20171224	15.0	0.3199	0.0
20171225	7.425	0.3199	0.0
20171226	6.947	0.3199	0.0
20171227	6.67	0.3199	0.0
20171228	6.645	0.3199	0.0
20171229	6.673	0.3199	0.0
20171230	7.612	0.3195	0.0
20171231	7.601	0.3199	0.0
20180101	7.296	0.3199	0.0
20180102	7.287	0.3199	0.0
20180103	7.479	0.3199	0.0
20180104	7.666	0.3199	0.0
20180105	7.431	0.3199	0.0
20180106	7.891	0.3199	0.0
20180107	7.894	0.3199	0.0
20180108	7.875	0.3199	0.0
20180109	8.086	0.3199	0.0
20180110	7.577	0.3199	0.0
20180111	8.573	0.3199	0.0
20180112	8.715	0.3199	0.0
20180113	4.301	0.3199	0.0
20180114	4.318	0.3199	0.0
20180115	4.057	0.3199	0.0
20180116	4.006	0.3195	0.0
20180117	3.296	0.3199	0.0
20180118	2.52	0.3199	0.0
20180119	2.274	0.3199	0.0
20180120	5.107	0.3199	0.0
20180121	5.102	0.3199	0.0
20180122	5.562	0.3199	0.0
20180123	7.811	0.3199	0.0
20180124	7.842	0.3199	0.0
20180125	8.086	0.3199	0.0
20180126	8.101	0.3199	0.0
20180127	7.08	0.3199	0.0
20180128	7.08	0.3199	0.0
20180129	6.291	0.3199	0.0
20180130	4.884	0.3199	0.0
20180131	4.839	0.3199	0.0
20180201	8.928	0.3199	0.0
20180202	8.919	0.3199	0.0
20180203	9.728	0.3199	0.0
20180204	12.28	0.3199	0.0
20180205	12.28	0.3199	0.0
20180206	11.03	11.16	0.8545
20180207	7.166	50.27	1.264
20180208	9.67	48.63	1.166
20180209	6.056	75.17	0.7885
20180210	5.823	78.46	0.7318
20180211	0.9843	93.94	1.517
20180212	0.983	94.13	2.211
20180213	3.47	93.39	1.639
20180214	0.8433	93.63	3.658
20180215	3.119	91.55	3.424
20180216	7.266	91.84	0.5466
20180217	2.519	97.15	0.253
20180218	4.619	95.02	0.1522
20180219	3.254	94.81	1.762
20180220	10.77	88.87	0.2258
20180221	5.072	94.65	0.1133
20180222	1.103	98.74	0.08612
20180223	5.292	94.29	0.1236
20180224	3.715	95.67	0.1459
20180225	11.01	88.32	0.1294
20180226	5.162	93.79	0.4886
20180227	7.602	91.55	0.2325
20180228	10.03	88.89	0.2218
20180301	9.664	85.12	0.2057
20180302	9.688	84.08	0.2057
20180303	9.657	83.0	0.2682
20180304	11.84	75.39	0.3079
20180305	8.291	79.47	0.2744
20180306	4.155	82.52	0.03436
20180307	7.151	81.08	0.1575
20180308	4.932	80.68	0.04908
20180309	12.46	79.25	0.00937
20180310	8.795	82.92	0.003123
20180311	6.916	84.97	0.01651
20180312	7.833	87.14	0.02633
20180313	8.443	86.03	0.006247
20180314	8.575	85.72	0.0
20180315	2.779	95.13	0.007586
20180316	11.33	88.46	0.001339
20180317	12.2	87.59	0.0
20180318	10.97	88.75	0.04462
20180319	10.22	89.55	0.04462
20180320	8.886	90.88	0.04462
20180321	7.955	91.71	0.1673
20180322	7.076	92.07	0.1673
20180323	3.959	94.69	0.0
20180324	8.578	90.7	0.0
20180325	8.622	90.48	0.0
20180326	9.015	89.88	0.0
20180327	7.754	90.96	0.1316
20180328	8.546	90.08	0.1673
20180329	7.665	90.66	0.2677
20180330	6.324	81.35	0.3043
20180331	4.189	37.72	0.3043
20180401	2.069	52.06	0.2932
20180402	2.309	85.26	0.04685
20180403	0.5127	94.77	0.0
20180404	1.182	94.54	0.0
20180405	2.903	94.16	0.03347
20180406	2.963	94.1	0.03347
20180407	2.984	94.15	0.05578
20180408	0.655	98.27	0.04462
20180409	1.26	97.64	0.08567
20180410	1.82	79.19	0.06336
20180411	1.813	79.15	0.06202
20180412	0.4074	92.06	0.0
20180413	1.807	92.9	0.0
20180414	10.23	89.77	0.0
20180415	10.98	89.02	0.0
20180416	26.84	73.16	0.0
20180417	19.71	80.29	0.0
20180418	8.547	91.41	0.04462
20180419	17.05	82.9	0.04462
20180420	56.09	43.87	0.03614
20180421	70.09	29.88	0.02722
20180422	72.97	27.01	0.02097
20180423	64.14	35.69	0.1687
20180424	67.26	32.57	0.1673
20180425	67.35	21.11	0.1562
20180426	68.81	20.0	0.1562
20180427	67.49	19.76	0.1562
20180428	64.93	19.64	0.1562
20180429	69.11	15.4	0.1785
20180430	69.04	3.775	0.02231
20180501	55.83	23.7	1.371
20180502	53.78	27.96	1.49
20180503	57.3	25.51	2.677
20180504	62.6	27.2	4.232
20180505	58.93	30.36	4.211
20180506	68.07	25.88	5.323
20180507	68.29	25.65	5.323
20180508	57.09	35.42	6.54
20180509	48.68	42.84	7.511
20180510	52.74	35.76	11.18
20180511	52.45	34.53	12.43
20180512	50.59	35.32	13.79
20180513	49.08	35.73	14.8
20180514	33.92	46.24	19.65
20180515	36.95	40.67	22.02
20180516	37.91	32.22	28.93
20180517	29.25	33.87	35.29
20180518	34.89	23.84	36.21
20180519	34.52	22.75	36.72
20180520	35.19	20.05	36.15
20180521	35.33	18.14	35.43
20180522	35.67	16.03	34.14
20180523	37.52	13.96	32.59
20180524	37.51	5.068	15.81
20180525	32.73	2.385	39.62
20180526	32.63	3.571	41.78
20180527	33.97	2.871	40.94
20180528	33.74	2.883	43.33
20180529	33.38	2.795	43.56
20180530	29.99	3.003	46.7
20180531	27.06	3.246	52.1
20180601	23.03	5.027	58.06
20180602	23.01	4.212	58.3
20180603	24.64	4.488	55.63
20180604	31.03	2.783	52.09
20180605	30.74	5.085	51.2
20180606	31.74	4.86	49.85
20180607	33.49	4.438	45.37
20180608	38.3	3.142	22.32
20180609	39.28	2.988	20.24
20180610	39.22	2.71	20.16
20180611	38.42	2.157	18.28
20180612	38.26	0.4476	13.6
20180613	38.07	0.3025	6.735
20180614	37.48	0.6381	8.033
20180615	33.68	2.0	10.23
20180616	29.81	1.951	11.42
20180617	20.47	2.767	66.76
20180618	19.89	2.735	66.47
20180619	20.12	2.767	66.2
20180620	21.61	3.558	62.52
20180621	21.59	4.42	60.94
20180622	21.01	4.171	60.68
20180623	20.08	4.116	60.43
20180624	18.51	2.134	29.81
20180625	19.39	2.122	30.13
20180626	19.26	2.144	30.65
20180627	18.3	1.177	31.45
20180628	18.04	0.5952	35.99
20180629	17.98	0.5359	36.01
20180630	16.75	0.4806	40.29
20180701	9.248	2.97	82.37
20180702	7.733	1.468	89.36
20180703	8.993	1.252	88.34
20180704	9.751	1.165	87.61
20180705	10.29	0.8683	87.34
20180706	10.17	0.9362	87.31
20180707	10.14	0.9362	86.88
20180708	8.033	0.5984	87.82
20180709	8.097	0.3958	72.85
20180710	6.954	0.3565	90.1
20180711	3.774	0.3057	94.63
20180712	2.812	0.3119	95.51
20180713	2.069	0.2374	96.99
20180714	3.067	0.1406	96.18
20180715	4.13	0.2311	94.9
20180716	2.981	0.2517	96.16
20180717	2.348	0.17	96.89
20180718	1.232	0.1316	98.06
20180719	2.785	0.207	96.58
20180720	2.338	0.1651	97.03
20180721	2.795	0.3396	96.45
20180722	4.347	0.1959	95.16
20180723	4.572	0.2169	94.8
20180724	4.662	0.1941	94.54
20180725	4.73	0.2534	94.03
20180726	3.601	0.1896	93.24
20180727	3.151	0.1896	95.12
20180728	0.7862	0.203	98.12
20180729	1.228	0.1861	98.02
20180730	1.182	0.1718	98.15
20180731	0.7951	0.2115	98.62
20180801	0.4476	0.04953	99.23
20180802	1.657	0.06827	97.87
20180803	3.664	0.1499	95.7
20180804	3.274	0.1468	95.88
20180805	3.218	0.1383	94.29
20180806	3.327	0.2066	93.97
20180807	4.178	0.1334	89.87
20180808	5.346	0.1481	86.21
20180809	5.382	0.2825	83.95
20180810	6.222	0.2347	83.46
20180811	5.881	1.359	82.9
20180812	6.711	1.371	81.75
20180813	6.763	1.37	81.36
20180814	7.24	1.59	80.27
20180815	6.39	1.488	40.83
20180816	6.324	1.404	41.1
20180817	5.714	1.141	47.46
20180818	2.563	0.3088	83.8
20180819	4.641	0.203	82.85
20180820	5.656	0.423	81.91
20180821	5.362	0.7563	85.64
20180822	5.439	0.9049	91.68
20180823	4.653	0.9558	92.6
20180824	5.753	1.022	91.89
20180825	5.691	1.069	86.7
20180826	4.606	0.7871	90.2
20180827	6.1	0.7487	89.85
20180828	2.117	0.4136	96.61
20180829	2.241	0.3141	96.12
20180830	4.028	0.3391	94.18
20180831	4.499	0.2369	93.43
20180901	5.378	0.2155	93.22
20180902	5.65	0.2548	92.39
20180903	5.813	4.907	87.07
20180904	4.077	4.48	88.32
20180905	2.983	0.2302	95.28
20180906	1.042	0.07184	98.08
20180907	2.334	0.2753	96.65
20180908	3.944	0.1642	95.3
20180909	1.619	0.2133	97.76
20180910	0.6385	0.07541	98.89
20180911	1.767	1.468	96.36
20180912	4.681	1.041	93.76
20180913	6.512	0.9495	91.64
20180914	6.608	2.039	90.14
20180915	7.902	1.874	87.57
20180916	8.113	2.773	73.19
20180917	8.423	2.147	80.87
20180918	8.508	1.931	80.51
20180919	9.491	14.35	64.77
20180920	8.169	7.914	72.66
20180921	7.539	6.128	78.9
20180922	4.481	3.221	89.57
20180923	7.824	3.208	86.21
20180924	10.91	2.845	77.91
20180925	13.92	3.106	74.21
20180926	14.02	1.647	73.6
20180927	20.78	6.694	60.15
20180928	19.86	17.96	45.99
20180929	21.88	22.96	13.29
20180930	21.31	25.97	13.0
20181001	28.03	25.52	11.8
20181002	27.55	27.81	13.33
20181003	20.5	43.49	12.82
20181004	18.77	46.04	15.94
20181005	18.57	44.72	10.99
20181006	19.55	47.42	9.727
20181007	18.64	51.17	9.031
20181008	16.82	52.65	8.923
20181009	16.14	56.98	7.145
20181010	15.45	52.52	8.779
20181011	42.08	32.46	4.538
20181012	32.67	44.06	14.69
20181013	38.58	37.16	14.41
20181014	40.23	34.4	14.68
20181015	32.0	37.13	22.53
20181016	29.62	29.21	32.31
20181017	26.72	25.26	38.37
20181018	26.15	25.77	41.91
20181019	24.93	33.9	34.78
20181020	23.12	38.89	31.75
20181021	23.53	47.16	25.04
20181022	22.95	44.14	27.36
20181023	27.15	43.15	27.32
20181024	10.37	68.5	20.36
20181025	36.57	51.38	11.56
20181026	45.79	46.34	7.646
20181027	32.3	61.68	5.873
20181028	37.16	55.92	6.776
20181029	23.31	70.67	5.91
20181030	47.35	50.16	2.418
20181031	51.11	47.18	1.622
20181101	36.62	60.41	2.958
20181102	42.34	54.88	2.754
20181103	36.91	58.39	4.631
20181104	55.51	40.23	3.98
20181105	46.03	48.44	4.918
20181106	38.38	52.53	5.035
20181107	36.11	48.72	6.885
20181108	37.08	43.45	6.163
20181109	37.25	43.23	6.143
20181110	36.03	39.09	5.185
20181111	35.54	38.76	5.17
20181112	35.69	28.0	3.296
20181113	34.82	14.14	2.62
20181114	24.74	0.04194	0.0
20181115	22.42	0.03436	0.0
20181116	28.96	0.01339	0.0
20181117	29.14	0.008478	0.0
20181118	36.88	0.02811	0.0
20181119	40.29	0.02767	0.0
20181120	40.26	0.04864	0.0
20181121	40.96	0.04507	0.0
20181122	40.86	0.2334	0.0
20181123	40.75	0.1316	0.0
20181124	40.3	0.1129	0.0
20181125	36.85	0.2178	0.0
20181126	25.23	0.2178	0.0
20181127	22.21	0.2178	0.0
20181128	21.8	0.2664	0.0
20181129	21.85	0.2664	0.0
20181130	18.04	0.2468	0.0
20181201	14.73	0.1986	0.0
20181202	14.25	0.2427	0.0
20181203	14.4	0.2401	0.0
20181204	14.31	0.3159	0.0
20181205	13.25	0.282	0.0
20181206	17.0	0.2093	0.0
20181207	14.34	0.27	0.0
20181208	24.02	0.2298	0.0
20181209	23.99	0.2298	0.0
20181210	31.42	0.3012	0.0
20181211	31.42	0.3007	0.0
20181212	32.08	0.2856	0.0
20181213	28.6	0.2548	0.0
20181214	28.56	0.2829	0.0
20181215	25.43	0.2829	0.0
20181216	26.38	0.3199	0.0
20181217	34.8	0.3079	0.0
20181218	40.28	0.2539	0.0
20181219	38.98	0.3186	0.0
20181220	40.66	0.2561	0.0
20181221	40.61	0.2561	0.0
20181222	44.22	0.315	0.0
20181223	44.22	0.315	0.0
20181224	44.22	0.3039	0.0
20181225	43.83	0.2664	0.0
20181226	43.78	0.319	0.0
20181227	42.26	0.319	0.0
20181228	42.27	0.3199	0.0
20181229	33.62	0.3199	0.0
20181230	34.66	0.3146	0.0
20181231	25.38	0.3199	0.0
20190101	21.16	0.3155	0.0
20190102	20.99	0.3155	0.0
20190103	18.51	0.3199	0.0
20190104	18.43	0.3199	0.0
20190105	16.88	0.319	0.0
20190106	26.44	0.2798	0.0
20190107	29.99	0.2927	0.0
20190108	21.61	0.2927	0.0
20190109	21.77	0.3199	0.0
20190110	22.35	0.3097	0.0
20190111	23.38	0.3164	0.0
20190112	23.8	0.3199	0.0
20190113	29.98	0.3199	0.0
20190114	27.37	0.3199	0.0
20190115	27.94	0.3199	0.0
20190116	27.8	0.3199	0.0
20190117	25.25	0.3199	0.0
20190118	22.88	0.3199	0.0
20190119	22.8	0.3199	0.0
20190120	11.57	0.3199	0.0
20190121	11.57	0.3199	0.0
20190122	6.802	0.3199	0.0
20190123	6.891	0.3199	0.0
20190124	5.266	0.3199	0.0
20190125	4.157	0.3199	0.0
20190126	4.006	0.3199	0.0
20190127	8.135	0.3199	0.0
20190128	8.103	0.3199	0.0
20190129	8.541	0.3199	0.0
20190130	10.23	0.3199	0.0
20190131	10.35	0.3199	0.0
20190201	11.3	0.3199	0.0
20190202	11.3	0.3199	0.0
20190203	12.5	0.3199	0.0
20190204	11.76	11.65	0.02231
20190205	5.379	57.33	0.3199
20190206	9.79	67.97	0.9518
20190207	7.11	77.91	2.123
20190208	21.39	72.24	1.115
20190209	10.91	86.45	0.502
20190210	18.3	80.1	0.427
20190211	22.52	76.29	0.3717
20190212	15.64	81.8	1.617
20190213	14.06	83.63	1.423
20190214	11.53	84.15	2.407
20190215	15.23	79.5	1.825
20190216	16.51	69.47	1.73
20190217	8.69	82.84	1.637
20190218	16.83	72.2	1.515
20190219	16.84	69.3	1.203
20190220	18.1	67.38	1.564
20190221	12.76	72.07	1.295
20190222	24.49	59.62	1.041
20190223	52.21	39.98	0.8621
20190224	58.18	35.99	0.5828
20190225	60.68	34.01	0.6939
20190226	64.16	31.73	0.6064
20190227	59.08	30.36	0.5832
20190228	64.52	28.44	0.6483
20190301	65.32	29.46	0.3793
20190302	59.59	34.75	0.2811
20190303	44.8	46.21	0.2369
20190304	45.91	44.97	0.2325
20190305	45.5	44.75	0.2325
20190306	43.87	44.07	0.2325
20190307	31.7	56.12	0.05221
20190308	29.77	57.52	0.05221
20190309	28.3	56.65	0.05221
20190310	9.883	78.34	0.01116
20190311	8.411	84.45	0.0
20190312	8.446	85.8	0.09995
20190313	8.051	85.76	0.09995
20190314	6.805	86.59	0.1879
20190315	6.264	86.43	0.2771
20190316	6.189	86.59	0.2994
20190317	4.227	87.85	0.1325
20190318	3.164	80.81	0.1325
20190319	2.448	79.61	0.0888
20190320	2.163	80.33	0.178
20190321	1.565	79.72	0.1673
20190322	1.235	83.49	0.1281
20190323	1.16	84.22	0.1727
20190324	1.417	72.37	0.1727
20190325	4.513	64.55	0.1606
20190326	4.918	71.51	0.1472
20190327	4.28	71.89	0.1049
20190328	6.489	66.2	0.0888
20190329	6.51	58.29	0.06649
20190330	7.621	53.37	0.04284
20190331	7.44	53.34	0.05355
20190401	6.246	57.62	0.0348
20190402	5.578	47.26	0.0348
20190403	5.552	44.33	0.01071
20190404	3.768	44.67	0.04284
20190405	9.673	84.26	0.0
20190406	4.007	95.75	0.0
20190407	4.352	95.41	0.0
20190408	3.288	96.44	0.04462
20190409	1.1	98.69	0.0
20190410	0.4043	99.46	0.0
20190411	0.7755	99.09	0.0
20190412	0.8317	98.94	0.0
20190413	0.8839	96.21	0.0
20190414	4.538	92.24	0.0
20190415	12.34	85.76	0.0
20190416	9.266	90.03	0.0
20190417	14.37	79.56	0.0
20190418	14.37	79.55	0.01116
20190419	15.85	78.11	0.01116
20190420	25.16	68.87	0.01116
20190421	72.1	26.33	0.0116
20190422	61.34	38.11	0.0004462
20190423	70.11	29.68	0.2048
20190424	74.88	24.93	0.1923
20190425	57.88	41.44	0.5073
20190426	15.72	0.0	84.28
20190427	57.14	17.34	25.52
20190428	59.56	36.38	4.056
20190429	64.47	31.98	3.551
20190430	64.6	31.69	3.712
20190501	71.07	25.63	3.298
20190502	70.77	25.94	3.295
20190503	73.04	23.92	1.786
20190504	68.94	28.41	1.211
20190505	62.54	30.54	1.004
20190506	66.48	22.62	0.8929
20190507	66.25	23.22	0.8371
20190508	65.56	22.59	0.8291
20190509	56.18	37.98	1.191
20190510	65.03	28.88	1.183
20190511	61.54	31.14	3.469
20190512	61.97	29.93	3.359
20190513	63.42	26.38	3.171
20190514	63.2	26.24	3.399
20190515	62.7	26.63	3.939
20190516	62.99	18.15	3.758
20190517	55.82	25.66	7.243
20190518	57.47	20.59	11.3
20190519	52.91	24.62	13.24
20190520	52.42	24.27	14.67
20190521	48.3	27.43	16.24
20190522	50.03	22.98	17.08
20190523	51.46	20.55	18.49
20190524	50.73	17.93	18.22
20190525	51.46	15.88	17.61
20190526	51.37	13.87	16.2
20190527	51.65	14.6	16.34
20190528	51.68	14.16	15.92
20190529	51.54	13.67	15.7
20190530	51.36	5.044	8.959
20190531	50.14	6.564	9.228
20190601	49.56	4.46	7.788
20190602	49.61	4.702	7.639
20190603	45.16	10.73	16.85
20190604	46.47	9.513	16.71
20190605	41.68	13.71	27.8
20190606	41.41	13.22	32.34
20190607	38.77	13.78	36.1
20190608	39.65	12.75	36.1
20190609	39.26	12.81	36.84
20190610	39.18	7.632	34.34
20190611	38.63	7.407	36.9
20190612	35.83	7.362	38.7
20190613	5.58	0.0	94.42
20190614	19.82	2.78	77.4
20190615	22.93	2.106	74.96
20190616	26.22	1.362	72.42
20190617	25.09	2.29	72.62
20190618	26.58	1.698	71.72
20190619	26.56	1.697	71.74
20190620	25.71	2.657	61.58
20190621	26.26	2.482	60.39
20190622	26.78	2.037	57.93
20190623	26.33	3.49	48.2
20190624	26.1	3.209	26.97
20190625	23.37	2.836	36.22
20190626	23.36	2.836	35.1
20190627	19.79	1.015	35.45
20190628	19.43	0.9629	38.56
20190629	18.48	0.8795	42.71
20190630	4.586	0.03168	55.62
20190701	4.586	0.03168	55.01
20190702	2.331	0.03168	57.78
20190703	2.221	0.03168	71.59
20190704	18.13	0.03034	65.96
20190705	21.98	0.3601	65.73
20190706	22.08	0.3641	65.18
20190707	21.49	0.3311	62.1
20190708	15.16	2.928	75.02
20190709	14.28	2.036	79.99
20190710	16.47	1.531	77.67
20190711	15.55	1.47	78.74
20190712	13.97	1.142	80.9
20190713	9.167	1.168	86.94
20190714	11.46	1.072	84.72
20190715	11.6	0.4025	83.53
20190716	14.02	0.3217	77.47
20190717	15.53	0.2811	75.54
20190718	14.2	0.9286	80.0
20190719	9.648	0.5002	85.55
20190720	8.552	0.5609	84.24
20190721	9.818	0.5216	82.7
20190722	10.38	0.481	84.6
20190723	9.777	0.6765	85.62
20190724	9.655	0.6765	85.62
20190725	8.616	0.5033	82.63
20190726	2.602	0.22	95.59
20190727	0.2418	0.01919	99.03
20190728	0.1472	0.004908	99.4
20190729	0.09638	0.004908	99.56
20190730	0.06336	0.0	99.58
20190731	0.06336	0.0	99.7
20190801	1.493	0.3721	98.07
20190802	2.892	0.1682	96.82
20190803	4.366	0.3476	95.11
20190804	3.633	0.3298	95.79
20190805	4.758	0.2169	94.81
20190806	2.358	0.2048	97.19
20190807	4.091	0.236	95.28
20190808	3.904	0.224	95.07
20190809	4.708	0.2771	94.05
20190810	8.594	0.09861	89.88
20190811	8.673	0.1214	89.43
20190812	5.368	0.1535	85.96
20190813	5.608	0.2249	73.5
20190814	6.338	6.669	69.15
20190815	7.646	6.568	67.81
20190816	7.783	6.582	66.51
20190817	7.731	1.169	81.29
20190818	7.193	1.569	81.82
20190819	7.609	1.545	77.61
20190820	7.212	1.449	79.58
20190821	5.241	1.526	87.06
20190822	7.084	1.49	85.41
20190823	6.632	1.135	87.7
20190824	5.584	0.4592	82.0
20190825	6.29	0.4868	79.56
20190826	7.386	0.6189	78.98
20190827	8.138	0.643	77.73
20190828	2.632	0.315	92.31
20190829	3.935	0.2695	91.17
20190830	3.941	0.2566	88.89
20190831	4.534	0.2847	90.11
20190901	1.734	0.1865	96.25
20190902	4.379	0.3164	93.04
20190903	7.586	0.2191	90.92
20190904	6.196	2.8	89.21
20190905	6.625	2.769	88.77
20190906	8.413	2.694	87.08
20190907	8.428	2.425	87.55
20190908	10.97	2.039	77.22
20190909	6.259	1.661	86.89
20190910	5.67	0.9116	87.04
20190911	3.549	0.3712	90.44
20190912	6.912	0.3628	87.09
20190913	7.026	2.486	85.99
20190914	8.057	5.318	80.12
20190915	13.68	4.939	73.55
20190916	5.441	2.484	86.77
20190917	6.135	2.215	85.54
20190918	10.43	11.22	71.71
20190919	14.34	24.98	56.06
20190920	16.35	24.79	53.04
20190921	14.47	37.02	42.69
20190922	14.67	41.47	39.76
20190923	13.05	44.46	17.22
20190924	10.81	54.06	28.55
20190925	15.64	48.73	28.02
20190926	14.72	29.97	51.04
20190927	17.14	18.51	63.27
20190928	11.37	12.47	75.34
20190929	12.0	12.2	74.63
20190930	12.76	12.19	73.49
20191001	18.57	15.32	62.46
20191002	19.31	24.4	53.91
20191003	19.08	23.48	53.58
20191004	16.91	38.76	40.96
20191005	16.51	36.73	21.94
20191006	24.55	31.78	20.88
20191007	19.33	42.09	20.75
20191008	16.8	50.39	18.19
20191009	19.43	46.46	17.13
20191010	15.96	63.09	11.57
20191011	14.63	56.43	13.96
20191012	12.43	58.98	14.94
20191013	14.5	59.65	13.43
20191014	34.78	62.2	1.93
20191015	30.0	67.43	1.618
20191016	38.46	58.78	2.401
20191017	25.41	64.8	9.152
20191018	29.96	62.61	6.997
20191019	16.18	77.32	6.193
20191020	39.78	58.18	1.757
20191021	51.24	46.96	1.181
20191022	45.32	52.82	1.11
20191023	37.86	58.98	1.854
20191024	37.75	57.62	1.744
20191025	39.45	57.26	0.9812
20191026	20.09	36.78	43.13
20191027	9.087	61.49	29.42
20191028	30.25	58.59	11.16
20191029	26.41	65.3	8.287
20191030	35.81	63.17	1.017
20191031	27.52	71.09	1.389
20191101	29.8	68.86	1.338
20191102	33.71	64.86	0.9393
20191103	21.75	76.47	0.7188
20191104	24.45	72.7	1.022
20191105	16.19	80.55	1.424
20191106	22.39	69.47	1.175
20191107	24.15	70.49	0.8554
20191108	24.01	70.4	0.8536
20191109	29.9	61.89	0.5935
20191110	29.89	58.6	0.5645
20191111	37.99	48.13	0.3507
20191112	37.99	36.2	0.1829
20191113	38.93	31.38	0.08076
20191114	41.2	0.3155	0.0
20191115	41.26	0.3164	0.0
20191116	40.2	0.3164	0.0
20191117	40.22	0.3199	0.0
20191118	35.43	0.3186	0.0
20191119	37.39	0.303	0.0
20191120	35.01	0.319	0.0
20191121	33.63	0.3057	0.0
20191122	33.53	0.3057	0.0
20191123	32.32	0.3052	0.0
20191124	32.13	0.3052	0.0
20191125	19.99	0.319	0.0
20191126	18.31	0.2949	0.0
20191127	20.23	0.315	0.0
20191128	27.55	0.315	0.0
20191129	30.8	0.3199	0.0
20191130	34.72	0.3199	0.0
20191201	35.71	0.3181	0.0
20191202	33.39	0.3199	0.0
20191203	26.82	0.3199	0.0
20191204	30.64	0.2298	0.0
20191205	59.81	0.2075	0.0
20191206	60.09	0.2075	0.0
20191207	56.28	0.253	0.0
20191208	57.35	0.2338	0.0
20191209	57.41	0.2677	0.0
20191210	57.08	0.2677	0.0
20191211	55.55	0.319	0.0
20191212	37.99	0.3159	0.0
20191213	37.15	0.319	0.0
20191214	35.72	0.3199	0.0
20191215	18.33	0.3199	0.0
20191216	8.606	0.3199	0.0
20191217	4.174	0.3177	0.0
20191218	4.115	0.3177	0.0
20191219	4.448	0.3199	0.0
20191220	3.439	0.3199	0.0
20191221	3.747	0.3199	0.0
20191222	3.647	0.3199	0.0
20191223	3.603	0.3199	0.0
20191224	2.756	0.3199	0.0
20191225	2.814	0.3199	0.0
20191226	1.79	0.3199	0.0
20191227	2.991	0.3195	0.0
20191228	3.285	0.3195	0.0
20191229	8.192	0.3128	0.0
20191230	8.98	0.3128	0.0
20191231	13.87	0.3199	0.0
20200101	16.94	0.3199	0.0
20200102	18.24	0.3199	0.0
20200103	21.23	0.2762	0.0
20200104	26.13	0.3025	0.0
20200105	26.63	0.3025	0.0
20200106	26.62	0.3181	0.0
20200107	26.62	0.2891	0.0
20200108	26.35	0.315	0.0
20200109	25.24	0.315	0.0
20200110	21.6	0.3186	0.0
20200111	20.23	0.3186	0.0
20200112	13.26	0.3199	0.0
20200113	5.455	0.3199	0.0
20200114	4.775	0.3199	0.0
20200115	5.909	0.3199	0.0
20200116	6.044	0.3199	0.0
20200117	6.426	0.3199	0.0
20200118	6.583	0.3199	0.0
20200119	6.409	0.3199	0.0
20200120	5.818	0.3199	0.0
20200121	5.957	0.3199	0.0
20200122	5.47	0.3199	0.0
20200123	5.41	0.3199	0.0
20200124	5.186	0.3199	0.0
20200125	3.472	0.3199	0.0
20200126	3.584	0.3199	0.0
20200127	3.618	0.3199	0.0
20200128	3.403	0.3199	0.0
20200129	3.157	0.3199	0.0
20200130	3.168	0.3199	0.0
20200131	1.654	0.3199	0.0
20200201	1.117	0.3199	0.0
20200202	0.5948	0.3199	0.0
20200203	0.3538	0.3199	0.0
20200204	0.3498	0.3199	0.0
20200205	0.3235	28.46	0.2039
20200206	0.1722	52.62	1.229
20200207	0.09192	67.74	1.456
20200208	1.685	67.7	1.448
20200209	0.7041	76.29	1.443
20200210	0.7532	76.24	1.443
20200211	0.5328	78.53	1.419
20200212	0.2941	82.7	1.139
20200213	0.3186	76.2	0.9268
20200214	0.1356	69.21	1.398
20200215	0.07496	66.51	1.365
20200216	0.07496	59.31	1.263
20200217	0.08478	82.54	1.52
20200218	0.07675	89.35	1.454
20200219	0.04462	93.46	2.015
20200220	0.05399	93.3	2.015
20200221	0.0174	95.3	1.596
20200222	0.03391	95.95	1.323
20200223	0.02543	95.81	2.251
20200224	0.03971	94.25	1.881
20200225	0.05578	89.36	2.486
20200226	0.05622	84.14	2.063
20200227	0.1272	84.07	2.063
20200228	0.1281	65.62	1.852
20200229	0.3503	58.64	1.829
20200301	0.2927	77.17	0.7385
20200302	0.2883	72.51	1.394
20200303	0.1562	69.45	0.9759
20200304	0.1798	84.41	0.597
20200305	0.7238	84.02	0.5935
20200306	0.6519	86.53	0.6037
20200307	0.626	86.78	0.5734
20200308	0.6274	86.23	0.4993
20200309	0.7728	84.81	0.4431
20200310	0.5671	77.35	0.3909
20200311	0.5283	52.36	0.2869
20200312	0.1941	55.6	0.2869
20200313	0.1776	56.42	0.2459
20200314	0.145	62.25	0.216
20200315	0.1495	57.95	0.3583
20200316	0.05042	68.19	0.3409
20200317	0.09594	61.44	0.2017
20200318	0.1553	60.86	0.3177
20200319	0.07184	71.69	0.315
20200320	0.1151	68.72	0.3356
20200321	0.1151	67.11	0.3356
20200322	0.158	64.02	0.2825
20200323	0.2182	57.88	0.2517
20200324	4.234	61.06	0.2258
20200325	4.003	74.3	0.2557
20200326	4.003	63.7	0.3895
20200327	5.178	59.22	0.4074
20200328	15.27	53.11	0.3802
20200329	15.15	57.05	0.3802
20200330	15.21	58.63	0.3543
20200331	14.77	55.2	0.3592
20200401	12.12	67.12	0.1691
20200402	11.97	65.29	0.05578
20200403	1.677	88.12	0.02231
20200404	1.572	87.58	0.02231
20200405	1.698	88.41	0.04462
20200406	2.108	86.95	0.04462
20200407	2.142	86.22	0.04462
20200408	4.874	75.61	0.08076
20200409	7.396	75.05	0.07273
20200410	11.81	52.57	0.02588
20200411	15.26	49.37	0.0
20200412	15.38	39.0	0.0
20200413	13.87	42.81	0.07764
20200414	13.86	42.81	0.07764
20200415	12.37	33.66	0.07764
20200416	9.27	49.59	0.1615
20200417	7.678	53.89	0.1017
20200418	7.171	52.61	0.1138
20200419	12.83	49.33	0.1026
20200420	23.88	42.25	0.0705
20200421	33.27	56.52	0.04417
20200422	36.55	53.54	0.06649
20200423	39.22	49.52	0.0174
20200424	24.14	71.0	0.0
20200425	28.85	66.54	0.0
20200426	28.93	66.46	0.0
20200427	30.35	64.2	0.0
20200428	13.44	83.5	0.0
20200429	16.77	82.61	0.0
20200430	16.06	83.48	0.0
20200501	16.01	75.75	0.0
20200502	14.45	74.03	0.0
20200503	31.22	60.15	0.0
20200504	43.55	49.82	0.0
20200505	45.86	44.62	0.0
20200506	45.86	31.84	0.0
20200507	37.96	25.39	0.03882
20200508	36.33	27.88	0.03882
20200509	34.24	22.37	0.05578
20200510	16.18	66.75	0.0
20200511	21.66	59.93	0.0
20200512	23.5	58.2	0.0
20200513	16.28	78.67	0.02097
20200514	13.17	82.29	0.02097
20200515	13.61	81.84	0.02097
20200516	17.53	77.84	0.02097
20200517	17.14	77.43	0.02097
20200518	11.19	85.11	0.02097
20200519	14.64	84.04	0.02053
20200520	14.32	83.91	0.02053
20200521	63.42	35.8	0.1227
20200522	54.35	45.51	0.145
20200523	73.78	26.11	0.1058
20200524	77.58	22.21	0.2012
20200525	71.91	27.82	0.2695
20200526	72.71	27.02	0.2695
20200527	71.66	27.92	0.4141
20200528	73.39	26.22	0.3869
20200529	74.1	25.24	0.3762
20200530	69.75	28.58	0.465
20200531	70.4	23.13	1.848
20200601	62.26	31.99	2.319
20200602	65.52	28.76	2.272
20200603	59.4	32.74	2.733
20200604	61.32	30.25	2.912
20200605	59.18	31.23	4.56
20200606	58.91	30.28	4.956
20200607	55.73	29.91	9.505
20200608	52.66	26.43	13.02
20200609	53.07	25.59	13.07
20200610	49.48	28.81	15.08
20200611	49.3	27.54	16.75
20200612	49.0	23.48	21.07
20200613	43.29	23.35	31.11
20200614	44.91	21.34	30.11
20200615	44.12	20.29	30.08
20200616	40.12	22.77	34.36
20200617	41.38	15.72	41.2
20200618	37.67	19.07	41.76
20200619	35.59	17.26	43.97
20200620	29.93	19.58	48.09
20200621	30.51	15.17	53.31
20200622	31.66	12.16	55.4
20200623	29.8	12.69	56.23
20200624	31.95	11.51	55.15
20200625	31.04	10.92	55.38
20200626	31.78	8.499	54.81
20200627	24.73	10.23	59.7
20200628	25.96	8.091	62.61
20200629	27.31	6.15	63.44
20200630	28.36	5.281	61.96
20200701	27.05	4.691	60.37
20200702	29.15	4.227	58.21
20200703	26.34	3.471	61.87
20200704	28.45	2.012	58.92
20200705	28.36	1.884	55.62
20200706	27.57	1.967	56.7
20200707	27.27	1.96	57.07
20200708	27.6	1.705	55.63
20200709	27.31	1.623	55.63
20200710	27.45	1.201	51.01
20200711	27.43	1.142	50.94
20200712	27.37	1.116	49.73
20200713	25.26	0.05488	11.38
20200714	22.92	0.03704	41.24
20200715	21.51	0.03302	46.49
20200716	18.48	0.03302	61.89
20200717	19.97	0.6791	59.94
20200718	11.82	0.5002	68.29
20200719	11.71	0.5002	68.69
20200720	11.71	0.5002	68.5
20200721	11.3	0.5002	59.27
20200722	10.89	0.5002	54.17
20200723	13.39	0.4899	34.75
20200724	11.11	0.1584	32.98
20200725	10.47	0.02856	5.575
20200726	8.327	0.02231	50.24
20200727	6.563	0.02053	74.62
20200728	6.563	0.02053	74.65
20200729	8.097	0.1455	73.73
20200730	4.394	0.1205	83.16
20200731	1.838	0.005355	93.85
20200801	4.581	0.3489	92.94
20200802	3.94	0.2075	93.7
20200803	3.884	0.1655	94.84
20200804	5.036	0.3186	93.63
20200805	7.96	0.3092	90.77
20200806	2.871	0.34	96.02
20200807	3.705	0.3623	95.26
20200808	3.495	0.2642	95.6
20200809	6.927	0.2972	91.99
20200810	7.35	0.2633	89.73
20200811	9.012	0.3775	89.34
20200812	8.545	0.3101	89.74
20200813	9.165	0.3253	88.24
20200814	9.158	1.024	86.75
20200815	8.971	1.003	85.28
20200816	13.23	0.7046	81.88
20200817	13.42	0.7853	81.64
20200818	12.72	0.5488	41.89
20200819	5.73	0.5738	86.6
20200820	6.362	0.6805	85.46
20200821	5.814	0.2249	91.06
20200822	5.992	0.2521	90.38
20200823	6.887	2.032	87.4
20200824	6.708	2.03	87.3
20200825	6.602	1.47	89.19
20200826	6.843	1.444	76.26
20200827	6.914	1.067	83.18
20200828	8.43	1.17	58.72
20200829	8.481	0.8929	62.05
20200830	6.164	0.2767	70.4
20200831	6.753	0.3369	69.91
20200901	8.03	0.2499	53.11
20200902	8.196	1.415	51.93
20200903	3.373	0.3953	93.17
20200904	4.866	0.3097	91.13
20200905	4.409	0.286	91.67
20200906	6.822	0.2798	87.73
20200907	5.592	0.257	90.25
20200908	5.442	0.3119	91.17
20200909	8.376	0.2709	88.3
20200910	8.601	0.1571	69.28
20200911	9.162	0.6626	67.99
20200912	9.512	0.6466	65.04
20200913	8.189	0.7885	77.52
20200914	9.39	3.432	66.69
20200915	8.571	3.479	56.06
20200916	9.5	4.905	60.04
20200917	9.403	4.845	59.36
20200918	15.05	15.87	48.46
20200919	16.7	19.59	50.36
20200920	20.42	23.3	38.13
20200921	22.0	32.36	31.99
20200922	21.19	27.77	37.31
20200923	21.73	28.12	34.16
20200924	18.9	15.76	57.28
20200925	18.68	15.09	57.47
20200926	21.91	15.15	54.32
20200927	9.909	27.26	60.53
20200928	21.64	17.08	59.16
20200929	18.57	14.62	63.97
20200930	20.82	13.67	62.66
20201001	12.38	7.878	75.81
20201002	11.5	5.058	80.53
20201003	12.04	3.762	82.2
20201004	10.53	5.858	72.4
20201005	5.211	2.771	81.24
20201006	7.765	3.165	78.38
20201007	8.057	4.954	76.33
20201008	8.035	7.423	70.59
20201009	8.441	7.944	69.24
20201010	8.774	10.98	65.94
20201011	8.068	9.801	65.67
20201012	10.49	10.75	51.0
20201013	7.323	16.99	55.28
20201014	12.14	21.38	47.29
20201015	17.14	18.54	42.16
20201016	17.09	24.41	36.65
20201017	17.73	25.55	32.18
20201018	16.98	57.58	13.97
20201019	19.37	65.98	7.496
20201020	20.3	78.04	0.7376
20201021	13.88	83.37	1.828
20201022	25.02	72.62	1.476
20201023	25.0	72.55	1.313
20201024	27.87	69.4	1.3
20201025	20.63	75.68	1.594
20201026	21.09	74.69	1.571
20201027	22.77	51.26	1.26
20201028	27.79	26.76	0.4792
20201029	25.07	23.9	0.4761
20201030	26.57	15.54	0.4257
20201031	24.81	7.319	0.2891
20201101	24.9	0.2137	0.0
20201102	29.03	0.1522	0.0
20201103	38.58	0.05533	0.0
20201104	36.0	0.04596	0.0
20201105	37.2	0.1472	0.0
20201106	34.06	0.1472	0.0
20201107	35.6	0.1629	0.0
20201108	36.41	0.1142	0.0
20201109	36.41	0.1472	0.0
20201110	26.21	0.1459	0.0
20201111	28.95	0.1647	0.0
20201112	27.8	0.1602	0.0
20201113	27.17	0.1718	0.0
20201114	26.18	0.2365	0.0
20201115	21.4	0.1905	0.0
20201116	20.0	0.1468	0.0
20201117	28.8	0.1705	0.0
20201118	27.93	0.1705	0.0
20201119	29.73	0.2008	0.0
20201120	31.08	0.1968	0.0
20201121	30.88	0.1968	0.0
20201122	31.58	0.1968	0.0
20201123	31.04	0.1968	0.0
20201124	23.31	0.2695	0.0
20201125	23.51	0.2561	0.0
20201126	22.4	0.2561	0.0
20201127	12.07	0.2472	0.0
20201128	12.07	0.2472	0.0
20201129	12.72	0.2767	0.0
20201130	12.72	0.2767	0.0
20201201	10.04	0.2807	0.0
20201202	8.242	0.2789	0.0
20201203	8.242	0.2789	0.0
20201204	6.858	0.2789	0.0
20201205	6.858	0.2789	0.0
20201206	9.717	0.3048	0.0
20201207	10.12	0.2954	0.0
20201208	9.888	0.2954	0.0
20201209	9.44	0.2825	0.0
20201210	9.44	0.2825	0.0
20201211	10.91	0.3065	0.0
20201212	10.91	0.3065	0.0
20201213	10.39	0.3115	0.0
20201214	12.74	0.2932	0.0
20201215	12.74	0.2932	0.0
20201216	12.18	0.2932	0.0
20201217	12.18	0.2932	0.0
20201218	16.26	0.3195	0.0
20201219	17.25	0.3146	0.0
20201220	17.12	0.3146	0.0
20201221	18.94	0.2633	0.0
20201222	18.94	0.2633	0.0
20201223	19.18	0.3195	0.0
20201224	19.18	0.3195	0.0
20201225	17.85	0.319	0.0
20201226	19.66	0.3115	0.0
20201227	19.66	0.3115	0.0
20201228	16.23	0.311	0.0
20201229	16.31	0.3195	0.0
20201230	15.79	0.3177	0.0
20201231	15.89	0.3159	0.0
20210101	15.51	0.3159	0.0
20210102	19.52	0.2963	0.0
20210103	19.55	0.2963	0.0
20210104	20.35	0.311	0.0
20210105	20.34	0.311	0.0
20210106	21.44	0.315	0.0
20210107	21.36	0.315	0.0
20210108	22.48	0.3007	0.0
20210109	21.39	0.2999	0.0
20210110	21.87	0.3199	0.0
20210111	21.61	0.3199	0.0
20210112	21.89	0.3159	0.0
20210113	20.64	0.3199	0.0
20210114	22.69	0.2999	0.0
20210115	21.8	0.2999	0.0
20210116	21.24	0.3186	0.0
20210117	21.17	0.3186	0.0
20210118	20.7	0.3159	0.0
20210119	22.62	0.2976	0.0
20210120	22.57	0.2976	0.0
20210121	21.93	0.2976	0.0
20210122	22.95	0.3199	0.0
20210123	23.44	0.3199	0.0
20210124	23.58	0.3181	0.0
20210125	23.38	0.3199	0.0
20210126	25.88	0.307	0.0
20210127	25.89	0.307	0.0
20210128	27.04	0.3199	0.0
20210129	26.96	0.3199	0.0
20210130	26.81	0.3199	0.0
20210131	28.02	0.3132	0.0
20210201	28.07	0.3173	0.0
20210202	26.87	0.3173	0.0
20210203	27.01	0.3199	0.0
20210204	25.71	9.818	0.0
20210205	25.85	9.816	0.0
20210206	25.71	9.817	0.0
20210207	23.36	37.95	0.6992
20210208	23.61	37.6	0.6689
20210209	26.09	35.56	0.6341
20210210	26.13	35.53	0.6309
20210211	26.25	33.66	0.6198
20210212	26.91	34.17	0.6448
20210213	26.28	33.57	2.472
20210214	25.05	14.46	1.596
20210215	8.284	63.08	1.355
20210216	18.26	54.08	1.061
20210217	17.95	71.28	0.4003
20210218	13.39	82.61	0.1133
20210219	20.48	75.47	0.1107
20210220	20.29	75.28	0.1124
20210221	24.42	71.37	0.4699
20210222	24.52	68.3	0.4618
20210223	22.99	72.78	0.4431
20210224	22.79	70.65	0.8255
20210225	23.48	37.85	0.8255
20210226	22.13	37.24	3.032
20210227	22.09	36.64	3.029
20210228	17.14	28.48	2.81
20210301	40.7	25.69	1.828
20210302	36.22	20.92	2.357
20210303	35.18	17.48	2.625
20210304	35.05	17.46	2.805
20210305	43.82	14.43	1.326
20210306	43.82	14.43	1.326
20210307	42.88	15.34	1.549
20210308	35.87	12.39	1.538
20210309	34.17	11.47	1.178
20210310	33.63	10.9	1.095
20210311	33.45	10.82	1.095
20210312	6.719	68.69	0.6488
20210313	6.549	70.71	0.5176
20210314	6.449	70.66	0.4801
20210315	6.531	70.51	0.5979
20210316	6.409	70.51	0.5421
20210317	11.45	63.38	0.3712
20210318	11.45	63.38	0.3712
20210319	11.36	56.44	0.3431
20210320	11.37	56.03	0.3431
20210321	11.29	55.73	0.3878
20210322	11.02	54.96	0.311
20210323	11.69	53.87	0.2994
20210324	7.735	73.7	0.3543
20210325	6.291	54.82	0.5506
20210326	6.291	54.82	0.5506
20210327	6.78	54.33	0.5488
20210328	6.78	54.32	0.5488
20210329	6.78	54.29	0.5886
20210330	6.776	53.78	0.5886
20210331	7.835	52.55	0.5935
20210401	7.773	51.75	0.5707
20210402	5.499	24.95	0.348
20210403	5.378	24.95	0.348
20210404	6.221	19.79	0.2584
20210405	5.836	18.21	0.236
20210406	6.684	17.72	0.236
20210407	6.138	9.22	0.1388
20210408	6.134	9.205	0.1687
20210409	5.652	8.509	0.1464
20210410	3.19	73.44	0.1107
20210411	3.277	74.84	0.1107
20210412	3.845	74.78	0.1107
20210413	3.841	74.76	0.133
20210414	4.02	74.7	0.1365
20210415	4.017	74.67	0.17
20210416	3.96	74.5	0.17
20210417	3.911	70.39	0.17
20210418	6.689	88.66	0.04373
20210419	6.689	88.64	0.06425
20210420	6.684	88.5	0.2048
20210421	6.684	88.5	0.2048
20210422	6.684	88.33	0.3779
20210423	6.675	88.21	0.5006
20210424	16.38	78.62	0.5051
20210425	16.38	78.62	0.5051
20210426	16.35	78.24	0.5051
20210427	14.79	49.57	0.3592
20210428	14.79	49.57	0.3592
20210429	14.32	42.94	0.1861
20210430	14.0	36.03	0.133
20210501	4.026	33.63	0.05979
20210502	0.4087	3.268	0.01116
20210503	0.4087	3.268	0.2552
20210504	0.0879	1.393	0.3779
20210505	6.587	74.78	0.4792
20210506	6.57	74.49	0.8201
20210507	6.57	74.49	0.8201
20210508	7.995	73.08	0.7974
20210509	7.995	73.08	0.7974
20210510	7.969	72.61	1.315
20210511	58.22	33.76	1.217
20210512	58.19	32.41	1.102
20210513	58.18	28.45	0.9013
20210514	59.07	27.64	0.8969
20210515	59.05	27.25	0.8969
20210516	59.04	26.66	2.207
20210517	58.5	16.11	3.882
20210518	53.35	13.82	2.019
20210519	65.48	23.82	3.622
20210520	65.65	23.69	3.6
20210521	65.97	23.55	3.6
20210522	65.97	23.55	3.6
20210523	65.65	23.14	7.351
20210524	65.65	23.14	7.351
20210525	62.42	27.11	7.559
20210526	59.47	11.31	7.799
20210527	51.86	19.67	9.769
20210528	51.39	19.43	10.39
20210529	51.0	18.67	13.27
20210530	50.59	24.7	13.71
20210531	50.59	24.7	13.71
20210601	48.97	22.48	20.86
20210602	47.53	14.93	32.09
20210603	38.39	25.92	32.98
20210604	38.35	23.09	36.46
20210605	39.38	21.28	36.68
20210606	35.34	22.67	38.96
20210607	35.34	22.61	39.03
20210608	34.01	20.11	41.33
20210609	33.19	18.44	43.58
20210610	31.79	16.98	46.47
20210611	31.59	16.32	45.86
20210612	31.13	13.87	45.08
20210613	27.15	10.39	42.78
20210614	27.04	10.29	43.34
20210615	29.42	9.134	39.89
20210616	21.86	0.979	19.7
20210617	21.97	1.753	22.03
20210618	21.97	1.753	22.03
20210619	21.0	1.61	37.17
20210620	20.1	1.544	41.65
20210621	19.89	1.435	41.2
20210622	15.76	1.428	41.2
20210623	14.74	1.337	56.77
20210624	9.197	0.8509	61.45
20210625	19.33	1.035	59.84
20210626	18.92	0.776	58.18
20210627	18.31	0.5926	58.36
20210628	18.13	0.5926	58.89
20210629	18.72	0.5917	59.02
20210630	19.19	0.2918	42.89
20210701	19.36	0.2369	33.82
20210702	9.668	1.035	76.22
20210703	7.641	0.9901	84.15
20210704	5.114	0.9393	92.04
20210705	5.991	0.3887	92.73
20210706	7.479	0.3177	91.5
20210707	7.548	0.5319	91.21
20210708	7.662	0.7675	90.68
20210709	9.144	0.6372	89.03
20210710	5.124	0.2575	93.56
20210711	5.942	0.2003	92.24
20210712	6.965	0.2017	89.32
20210713	7.914	0.09281	86.38
20210714	1.791	0.1129	96.07
20210715	5.562	0.1655	92.22
20210716	6.596	0.1593	91.21
20210717	7.103	0.3895	85.97
20210718	7.545	0.5551	86.91
20210719	7.82	0.5881	87.29
20210720	9.53	0.4467	86.16
20210721	11.46	0.5024	45.35
20210722	11.64	0.564	46.97
20210723	11.73	0.5912	46.74
20210724	11.68	0.4453	41.3
20210725	11.3	2.603	21.02
20210726	4.703	0.7876	76.85
20210727	2.177	0.2838	94.4
20210728	0.9486	0.07318	97.41
20210729	1.407	0.1553	96.9
20210730	2.532	0.1365	95.79
20210731	3.639	0.1133	94.7
20210801	0.001339	0.0	0.0
20210802	4.33	1.427	10.66
20210803	3.414	1.34	43.37
20210804	3.414	1.34	44.99
20210805	3.412	1.338	46.95
20210806	5.928	0.1281	86.19
20210807	0.929	0.01696	97.81
20210808	0.1446	0.004016	99.42
20210809	0.1406	0.004016	99.38
20210810	0.3588	0.004462	98.91
20210811	4.387	0.2186	94.55
20210812	4.383	0.2186	94.35
20210813	4.105	0.2311	93.66
20210814	3.994	0.2655	91.89
20210815	2.882	0.2352	57.53
20210816	2.796	0.2075	65.0
20210817	2.613	0.2075	62.94
20210818	1.247	0.1584	62.19
20210819	1.369	1.568	63.02
20210820	1.259	1.568	60.48
20210821	2.937	1.396	54.37
20210822	2.709	1.396	36.13
20210823	2.576	1.24	28.22
20210824	6.053	1.312	22.12
20210825	5.612	1.278	31.91
20210826	0.535	0.006693	95.26
20210827	0.2088	0.003123	98.16
20210828	1.142	0.1017	97.24
20210829	1.126	0.1017	97.25
20210830	1.126	0.1017	96.91
20210831	1.894	0.4824	96.02
20210901	15.36	0.8496	82.63
20210902	15.99	4.62	75.23
20210903	18.07	11.56	20.51
20210904	18.99	13.51	30.36
20210905	20.15	12.82	30.01
20210906	19.79	12.41	32.25
20210907	16.98	28.63	23.49
20210908	16.45	28.21	25.27
20210909	15.93	20.77	38.13
20210910	14.88	13.56	45.48
20210911	10.23	4.285	81.48
20210912	9.056	3.999	82.76
20210913	12.63	4.283	78.96
20210914	15.13	6.425	73.82
20210915	12.24	17.29	68.2
20210916	12.12	16.99	69.38
20210917	12.69	18.11	67.3
20210918	6.896	10.17	78.65
20210919	10.31	6.78	78.68
20210920	7.678	5.962	83.22
20210921	7.819	5.555	83.23
20210922	9.628	8.298	78.94
20210923	12.21	7.266	76.79
20210924	12.27	7.138	76.72
20210925	21.18	5.341	67.91
20210926	21.33	5.412	64.86
20210927	17.29	4.18	52.11
20210928	11.98	2.671	61.38
20210929	11.68	1.004	59.53
20210930	5.005	0.9928	85.73
20211001	0.0	0.0	90.53
20211002	0.0	0.0	90.71
20211003	0.0	0.0	90.58
20211004	0.0	0.0	89.68
20211005	5.79	1.851	83.78
20211006	5.537	1.765	79.91
20211007	5.533	1.765	54.69
20211008	5.49	1.765	30.97
20211009	5.49	1.765	27.19
20211010	5.145	1.765	28.18
20211011	5.145	1.765	23.15
20211012	2.25	0.8871	27.66
20211013	2.221	0.8175	24.63
20211014	3.986	7.261	23.58
20211015	5.732	14.92	21.04
20211016	5.911	20.57	19.17
20211017	9.552	21.34	16.68
20211018	9.552	21.34	16.67
20211019	14.49	83.43	1.114
20211020	14.49	83.44	1.075
20211021	15.82	82.24	1.025
20211022	18.77	79.23	0.9228
20211023	16.29	82.15	1.403
20211024	16.65	81.8	1.374
20211025	17.32	81.18	1.319
20211026	16.57	71.02	1.181
20211027	17.06	70.07	1.206
20211028	9.33	80.26	2.353
20211029	11.4	80.02	4.936
20211030	10.23	73.08	4.688
20211031	10.21	76.76	4.857
20211101	10.34	76.62	4.828
20211102	8.959	75.69	6.442
20211103	8.818	75.55	6.442
20211104	10.24	70.22	5.915
20211105	9.193	48.65	5.089
20211106	6.623	60.18	5.515
20211107	16.44	49.62	2.917
20211108	19.81	47.44	2.329
20211109	19.02	25.16	1.003
20211110	19.73	24.78	0.9736
20211111	17.24	21.71	0.8889
20211112	16.86	20.59	0.3748
20211113	16.66	2.964	0.0
20211114	13.26	0.3048	0.0
20211115	7.483	0.2972	0.0
20211116	8.456	0.2276	0.0
20211117	9.172	0.2106	0.0
20211118	9.865	0.2637	0.0
20211119	10.17	0.2628	0.0
20211120	10.01	0.2972	0.0
20211121	10.85	0.2936	0.0
20211122	20.45	0.2833	0.0
20211123	18.08	0.2833	0.0
20211124	17.51	0.3146	0.0
20211125	16.62	0.3137	0.0
20211126	16.35	0.3123	0.0
20211127	16.13	0.3123	0.0
20211128	17.68	0.3123	0.0
20211129	16.96	0.3123	0.0
20211130	19.07	0.3123	0.0
20211201	19.49	0.1642	0.0
20211202	19.52	0.3177	0.0
20211203	19.15	0.3177	0.0
20211204	22.74	0.3177	0.0
20211205	22.76	0.3177	0.0
20211206	27.44	0.3195	0.0
20211207	27.42	0.307	0.0
20211208	27.25	0.307	0.0
20211209	27.08	0.307	0.0
20211210	27.55	0.307	0.0
20211211	26.04	0.307	0.0
20211212	25.98	0.319	0.0
20211213	18.41	0.319	0.0
20211214	18.56	0.3199	0.0
20211215	18.58	0.3195	0.0
20211216	19.13	0.3195	0.0
20211217	14.8	0.3195	0.0
20211218	17.45	0.3186	0.0
20211219	15.95	0.3186	0.0
20211220	15.15	0.3186	0.0
20211221	15.99	0.3186	0.0
20211222	15.6	0.3186	0.0
20211223	14.97	0.3186	0.0
20211224	15.97	0.3186	0.0
20211225	13.05	0.0	0.0
20211226	12.77	0.1486	0.0
20211227	12.29	0.1486	0.0
20211228	7.106	0.1486	0.0
20211229	4.606	0.1486	0.0
20211230	4.133	0.1486	0.0
20211231	2.813	0.3164	0.0
20220101	3.175	0.3164	0.0
20220102	3.122	0.2441	0.0
20220103	3.992	0.2441	0.0
20220104	3.992	0.2441	0.0
20220105	6.641	0.3199	0.0
20220106	6.641	0.3199	0.0
20220107	6.361	0.3199	0.0
20220108	6.396	0.3199	0.0
20220109	6.396	0.3199	0.0
20220110	6.357	0.3199	0.0
20220111	6.357	0.3199	0.0
20220112	3.931	0.3164	0.0
20220113	3.937	0.3164	0.0
20220114	3.33	0.2441	0.0
20220115	1.359	0.2441	0.0
20220116	1.359	0.2441	0.0
20220117	1.542	0.3199	0.0
20220118	1.542	0.3199	0.0
20220119	5.566	0.3195	0.0
20220120	18.65	0.3115	0.0
20220121	18.65	0.3115	0.0
20220122	18.71	0.3115	0.0
20220123	18.71	0.3115	0.0
20220124	25.46	0.2762	0.0
20220125	28.43	0.2592	0.0
20220126	28.32	0.2057	0.0
20220127	33.07	0.2053	0.0
20220128	33.07	0.2053	0.0
20220129	33.02	0.3195	0.0
20220130	33.02	0.3195	0.0
20220131	28.61	0.3199	0.0
20220201	26.53	0.3199	0.0
20220202	26.53	0.3199	0.0
20220203	15.83	6.801	0.06113
20220204	15.83	6.801	0.06113
20220205	9.15	27.6	0.3931
20220206	5.765	52.75	0.6314
20220207	5.572	52.69	0.6425
20220208	1.6	52.66	0.6403
20220209	1.561	52.48	0.9629
20220210	0.02097	75.64	0.4721
20220211	0.02097	74.24	3.192
20220212	0.02097	71.17	4.618
20220213	0.02097	70.91	4.618
20220214	0.02097	70.78	4.761
20220215	0.02097	69.8	6.147
20220216	0.02097	69.65	6.161
20220217	0.1865	69.96	6.082
20220218	0.1901	68.74	5.932
20220219	0.1901	65.11	5.693
20220220	0.1901	65.1	5.745
20220221	0.1901	59.37	4.418
20220222	0.04596	75.16	0.946
20220223	0.04551	73.41	0.7496
20220224	0.02588	78.62	0.6515
20220225	0.03034	79.57	0.6515
20220226	0.03034	79.57	0.6515
20220227	1.848	78.87	0.9616
20220228	1.848	78.61	0.8746
20220301	2.122	70.28	0.8371
20220302	2.119	54.63	0.6296
20220303	2.104	33.94	0.4699
20220304	7.484	31.56	0.3891
20220305	7.484	31.56	0.3891
20220306	1.054	66.63	0.39
20220307	1.054	65.32	0.3007
20220308	1.028	66.02	0.3007
20220309	1.113	63.06	0.2887
20220310	1.113	63.02	0.2887
20220311	1.547	62.63	0.2887
20220312	1.148	58.06	0.2664
20220313	2.003	57.64	0.257
20220314	1.047	73.11	0.1116
20220315	1.047	73.04	0.1325
20220316	0.8072	99.1	0.0
20220317	0.8072	99.1	0.0
20220318	1.517	98.2	0.2677
20220319	1.517	98.19	0.2677
20220320	21.02	78.85	0.1187
20220321	31.22	68.63	0.149
20220322	31.18	68.43	0.39
20220323	31.39	65.66	0.3895
20220324	31.39	65.64	0.4007
20220325	34.27	60.52	0.3873
20220326	19.58	77.78	0.3329
20220327	17.8	65.2	0.282
20220328	13.34	78.1	0.08701
20220329	13.16	77.25	0.0415
20220330	12.79	76.57	0.0415
20220331	12.44	75.39	0.2026
20220401	12.09	75.55	0.1941
20220402	11.88	72.99	0.1945
20220403	11.72	70.9	0.1945
20220404	7.53	58.78	0.3061
20220405	7.53	58.78	0.3061
20220406	7.839	58.52	0.3061
20220407	6.906	46.3	0.2838
20220408	6.891	46.2	0.2838
20220409	5.515	43.56	0.261
20220410	4.318	29.45	0.261
20220411	0.4886	5.698	0.0
20220412	0.4886	5.698	0.05578
20220413	0.1325	8.12	0.05578
20220414	0.1325	8.0	0.1227
20220415	0.1325	8.0	0.1227
20220416	2.246	5.78	0.1227
20220417	2.214	5.342	0.1227
20220418	2.181	5.186	0.1517
20220419	2.161	5.01	0.2441
20220420	2.161	4.432	0.8041
20220421	55.28	5.16	0.7835
20220422	55.28	5.16	0.7835
20220423	57.92	34.35	1.189
20220424	57.92	34.35	1.189
20220425	57.92	34.3	1.234
20220426	71.04	23.57	0.9982
20220427	71.04	23.52	0.7077
20220428	66.61	27.72	0.7077
20220429	66.61	27.72	0.7077
20220430	52.64	15.53	0.1687
20220501	50.03	21.0	0.1682
20220502	49.98	20.81	0.133
20220503	33.33	19.87	0.1312
20220504	32.24	19.41	0.1312
20220505	30.83	15.09	0.0
20220506	29.68	14.21	0.0
20220507	31.81	12.7	0.0
20220508	34.36	8.114	0.0
20220509	34.36	8.114	0.0
20220510	31.36	6.245	0.0
20220511	31.08	5.271	0.0
20220512	30.63	5.09	0.0
20220513	38.16	5.611	0.0
20220514	36.58	4.224	0.008032
20220515	54.68	19.08	0.1852
20220516	54.68	19.08	0.1852
20220517	57.88	17.79	0.1852
20220518	57.87	17.79	0.5087
20220519	38.47	47.06	2.946
20220520	37.31	56.46	3.527
20220521	37.31	56.46	3.527
20220522	41.35	52.18	3.73
20220523	41.24	51.12	6.065
20220524	59.84	32.57	6.009
20220525	44.36	46.79	7.686
20220526	44.34	46.3	7.458
20220527	53.3	34.48	7.044
20220528	53.3	34.42	7.114
20220529	54.12	29.39	7.553
20220530	53.5	24.35	16.93
20220531	46.17	31.19	17.73
20220601	48.84	20.79	17.16
20220602	48.25	18.19	22.57
20220603	47.8	18.25	22.96
20220604	47.6	16.51	24.92
20220605	46.24	16.41	27.38
20220606	31.76	24.27	31.21
20220607	31.6	20.97	31.01
20220608	39.5	13.49	32.66
20220609	38.22	10.83	33.99
20220610	31.67	19.5	37.34
20220611	31.67	19.45	37.2
20220612	31.55	19.26	37.28
20220613	34.54	12.42	29.56
20220614	34.41	12.24	30.5
20220615	31.58	12.5	30.98
20220616	31.48	12.3	29.71
20220617	30.26	3.48	12.67
20220618	29.39	5.439	25.53
20220619	28.82	5.153	29.07
20220620	27.58	4.394	27.56
20220621	27.03	3.614	25.83
20220622	25.69	5.727	31.01
20220623	25.08	5.611	35.69
20220624	23.32	7.732	42.57
20220625	22.4	7.099	54.73
20220626	20.85	6.668	61.39
20220627	19.5	6.44	64.01
20220628	13.2	4.143	80.09
20220629	15.17	3.861	77.29
20220630	12.71	3.604	81.21
20220701	9.566	2.357	85.92
20220702	8.753	1.117	88.02
20220703	7.706	0.6399	87.78
20220704	8.428	1.041	86.9
20220705	7.418	0.9161	87.54
20220706	7.76	0.9312	87.3
20220707	8.943	0.6831	85.37
20220708	8.877	0.6626	84.42
20220709	7.703	0.61	57.34
20220710	7.547	0.5877	61.44
20220711	6.288	0.3409	71.71
20220712	3.829	0.2142	89.03
20220713	3.808	0.212	88.52
20220714	5.307	0.3311	86.15
20220715	5.307	0.3311	85.98
20220716	6.157	0.4413	85.14
20220717	6.157	0.4413	84.86
20220718	6.218	0.4435	83.41
20220719	6.373	0.2579	19.97
20220720	6.373	0.2579	19.97
20220721	5.75	0.0647	18.22
20220722	5.454	0.0647	23.59
20220723	5.387	0.1629	35.2
20220724	5.04	0.09638	40.47
20220725	4.988	0.09058	40.38
20220726	5.601	0.05801	39.8
20220727	5.601	0.05801	39.8
20220728	5.955	0.1481	39.9
20220729	1.585	0.08835	91.69
20220730	0.5265	0.04061	97.14
20220731	1.65	0.02276	95.79
20220801	0.8768	0.007139	97.82
20220802	0.9121	0.007139	97.71
20220803	0.589	0.007139	98.26
20220804	1.572	0.1807	97.16
20220805	2.622	0.1285	95.39
20220806	0.402	0.05488	97.67
20220807	0.3762	0.05488	97.6
20220808	0.3762	0.05488	95.18
20220809	2.864	0.1722	92.86
20220810	2.85	0.1722	90.97
20220811	3.015	0.6818	89.46
20220812	4.281	0.5975	88.68
20220813	4.26	0.5975	18.75
20220814	3.497	0.4007	40.0
20220815	3.35	0.3695	41.75
20220816	3.541	0.427	40.84
20220817	3.67	1.399	40.44
20220818	1.093	0.4168	86.19
20220819	2.445	0.3574	83.57
20220820	2.445	0.3574	83.54
20220821	2.429	0.3574	79.52
20220822	2.302	0.3494	80.95
20220823	2.139	0.3052	80.84
