Date	IceArea (km2)
20140920	0.0
20141004	0.0
20141005	0.027500000000000004
20141017	0.0
20141103	3.3500000000000005
20141107	0.0
20141110	0.0
20141119	0.6725000000000001
20141122	1.2250000000000003
20141129	0.0
20141201	5.787500000000001
20141204	4.1225000000000005
20141216	1.1100000000000003
20141228	2.6750000000000007
20150104	0.9400000000000002
20150109	2.7525000000000004
20150116	5.385000000000001
20150121	1.6650000000000003
20150130	5.677500000000001
20150214	2.0425000000000004
20150226	4.592500000000001
20150305	2.7650000000000006
20150310	6.655000000000001
20150322	3.957500000000001
20150331	3.3025000000000007
20150402	6.480000000000001
20150403	4.23
20150410	3.5900000000000007
20150412	2.3650000000000007
20150414	3.420000000000001
20150415	4.175000000000001
20150422	6.6400000000000015
20150424	3.3475000000000006
20150426	7.715000000000002
20150427	7.562500000000002
20150504	1.9300000000000004
20150506	3.1325000000000007
20150509	2.5500000000000007
20150516	1.2675000000000003
20150518	0.3525000000000001
20150521	3.8450000000000006
20150601	0.0
20150602	0.0
20150609	0.0
20150611	0.0
20150613	0.0
20150614	0.0
20150625	0.0
20150626	0.0
20150703	0.0
20150707	0.0
20150708	0.0
20150715	0.0
20150717	0.0
20150719	0.0
20150720	0.0
20150727	0.0
20150729	0.0
20150801	0.0
20150808	0.0
20150812	0.0
20150813	0.0
20150820	0.0
20150824	0.0
20150825	0.0
20150901	0.0
20150905	0.0
20150906	0.0
20150913	0.0
20150917	0.0
20150918	0.0
20150923	0.0
20150925	0.0
20150927	0.0
20150929	0.0
20150930	0.0
20151005	0.0
20151011	0.0
20151012	0.0
20151017	0.0
20151023	0.0
20151024	0.0
20151029	0.0
20151031	0.0
20151104	0.0
20151105	0.0
20151110	0.0
20151112	0.0
20151114	0.0
20151116	5.467500000000001
20151117	0.9975000000000002
20151122	0.26250000000000007
20151124	3.0550000000000006
20151126	0.0
20151128	1.0250000000000001
20151129	1.5400000000000003
20151204	4.860000000000001
20151206	0.5500000000000002
20151208	0.05000000000000001
20151210	0.5500000000000002
20151216	3.417500000000001
20151218	2.1225000000000005
20151220	4.305000000000001
20151222	1.3875000000000002
20151223	3.3075000000000006
20151228	3.727500000000001
20151230	3.0100000000000007
20160101	2.6900000000000004
20160103	1.3025000000000002
20160104	3.462500000000001
20160109	3.295000000000001
20160111	2.0775000000000006
20160113	0.45000000000000007
20160115	0.7050000000000002
20160116	3.3925000000000005
20160121	2.7000000000000006
20160123	2.4450000000000003
20160125	0.7400000000000001
20160127	0.19750000000000004
20160128	0.4650000000000001
20160202	0.9850000000000002
20160204	0.4100000000000001
20160206	3.3700000000000006
20160208	5.787500000000001
20160209	3.962500000000001
20160214	3.732500000000001
20160216	6.245000000000001
20160218	0.10000000000000002
20160220	0.05500000000000001
20160221	1.5425000000000002
20160226	2.5000000000000004
20160228	2.4350000000000005
20160301	1.9225000000000003
20160303	2.4750000000000005
20160304	3.3650000000000007
20160309	3.0650000000000004
20160311	3.0975000000000006
20160321	1.5500000000000003
20160323	0.7850000000000001
20160325	2.3100000000000005
20160404	0.8825000000000002
20160408	2.4400000000000004
20160409	4.022500000000001
20160414	0.0
20160416	0.15000000000000002
20160418	0.8100000000000002
20160420	5.967500000000001
20160421	4.680000000000001
20160426	0.5675000000000001
20160430	1.3725000000000003
20160502	1.9300000000000004
20160503	2.3075000000000006
20160508	0.6500000000000001
20160510	2.1275000000000004
20160512	0.8525000000000001
20160520	6.2200000000000015
20160522	1.3550000000000002
20160524	0.0
20160526	0.6925000000000001
20160527	1.2925000000000002
20160531	0.9900000000000002
20160603	3.810000000000001
20160605	2.4475000000000007
20160608	1.6950000000000003
20160612	0.0025000000000000005
20160613	1.8625000000000003
20160615	0.10500000000000002
20160629	0.0
20160701	0.0
20160706	0.0
20160709	0.0
20160711	0.0
20160713	0.0
20160714	0.0
20160718	0.0
20160721	0.0
20160723	0.0
20160725	0.0
20160726	0.0
20160730	0.0
20160802	0.0
20160804	0.0
20160806	0.0
20160807	0.0
20160811	0.0
20160814	0.0
20160816	0.0
20160818	0.0
20160819	0.0
20160823	0.0
20160826	0.0
20160828	0.0
20160830	0.0
20160831	0.0
20160904	0.0
20160907	0.0
20160909	0.0
20160911	0.0
20160912	0.0
20160916	0.0
20160919	0.0
20160921	0.0
20160923	0.0
20160924	0.0
20160927	0.0
20160928	0.0
20160929	0.0
20160930	0.0
20161001	0.0
20161003	0.0
20161004	0.0
20161005	0.0
20161005	0.0
20161006	0.0
20161007	0.0
20161009	0.0
20161010	0.0
20161011	0.0
20161012	0.0
20161013	0.0
20161015	0.0
20161016	0.0
20161017	0.0
20161017	0.0
20161018	0.0
20161019	0.0
20161021	0.0
20161023	0.0
20161024	0.0
20161025	0.0
20161027	0.0
20161028	0.0
20161029	0.0
20161029	0.0
20161030	0.0
20161031	0.0
20161103	0.0
20161106	0.0
20161108	0.0
20161110	0.0
20161111	0.0
20161115	0.0
20161118	0.0
20161122	0.0
20161123	0.0
20161127	0.0
20161130	0.0
20161204	0.0
20161205	0.0
20161209	0.0
20161212	0.0
20161214	0.0
20161216	0.0
20161217	0.0
20161221	0.0
20161224	0.0
20161226	0.0
20161227	0.0
20161228	0.3425000000000001
20161228	0.0
20161229	0.0
20161230	0.0
20170103	1.4575000000000002
20170104	0.5175000000000001
20170105	0.10500000000000002
20170107	0.0
20170108	0.0
20170109	0.0
20170109	1.0525000000000002
20170110	0.0
20170111	0.0
20170114	0.0
20170115	0.0
20170116	0.0
20170117	0.0
20170120	0.16250000000000003
20170121	1.6150000000000002
20170122	1.6350000000000002
20170123	0.12750000000000003
20170126	0.0
20170127	0.0
20170128	0.037500000000000006
20170129	0.0
20170131	0.29000000000000004
20170201	0.037500000000000006
20170202	0.0
20170202	0.06500000000000002
20170203	0.0
20170204	0.0
20170207	0.0
20170208	0.3600000000000001
20170209	0.4300000000000001
20170212	0.0
20170213	0.0
20170214	0.0
20170214	0.0
20170215	0.0
20170216	0.0
20170219	0.5400000000000001
20170220	0.0
20170221	0.09750000000000002
20170222	0.0
20170224	0.8475000000000001
20170225	0.12500000000000003
20170226	3.0825000000000005
20170226	2.0450000000000004
20170227	1.9675000000000005
20170228	0.0
20170303	0.06000000000000001
20170304	0.0175
20170305	0.38000000000000006
20170306	0.11250000000000002
20170308	0.6500000000000001
20170309	1.0400000000000003
20170310	0.0
20170310	0.8450000000000002
20170311	4.255000000000001
20170312	0.07750000000000001
20170315	0.0
20170316	0.0
20170317	3.355000000000001
20170318	0.0
20170320	0.0
20170321	3.5400000000000005
20170322	0.0
20170323	0.0
20170324	0.04250000000000001
20170327	0.0
20170328	1.3325000000000002
20170329	2.1850000000000005
20170330	0.0
20170401	2.6875000000000004
20170402	0.0
20170403	1.4000000000000004
20170404	3.3675000000000006
20170405	0.0
20170408	1.3175000000000003
20170409	0.24750000000000005
20170410	0.15250000000000002
20170411	0.03250000000000001
20170413	8.355000000000002
20170414	1.4825000000000004
20170415	2.5475000000000003
20170415	0.0
20170416	0.3425000000000001
20170417	1.2250000000000003
20170420	0.06750000000000002
20170422	0.4325000000000001
20170423	0.06000000000000001
20170425	1.5175000000000003
20170426	0.7750000000000001
20170427	0.08250000000000002
20170427	1.7825000000000004
20170428	2.8825000000000007
20170429	0.0
20170502	0.0
20170503	0.0
20170504	0.0
20170505	0.0
20170507	0.0
20170508	0.0
20170509	0.0
20170509	0.0
20170510	1.6875000000000002
20170511	0.0
20170513	0.0
20170514	0.0
20170515	0.0
20170516	0.0
20170517	0.0
20170519	0.0
20170520	0.0
20170521	0.0
20170521	0.0
20170522	0.0
20170523	0.0
20170525	0.0
20170526	0.0
20170527	0.0
20170527	0.0
20170528	0.0
20170529	0.0
20170531	0.0
20170601	0.0
20170602	0.0
20170602	0.0
20170603	0.0
20170604	0.0
20170606	0.0
20170607	0.0
20170608	0.0
20170608	0.0
20170609	0.0
20170610	0.0
20170612	0.0
20170613	0.0
20170614	0.0
20170614	0.0
20170615	0.0
20170616	0.0
20170618	0.0
20170619	0.0
20170620	0.0
20170620	0.0
20170621	0.0
20170622	0.0
20170624	0.0
20170625	0.0
20170626	0.0
20170626	0.0
20170627	0.0
20170628	0.0
20170630	0.0
20170701	0.0
20170702	0.0
20170702	0.0
20170703	0.0
20170704	0.0
20170706	0.0
20170707	0.0
20170708	0.0
20170709	0.0
20170710	0.0
20170712	0.0
20170713	0.0
20170714	0.0
20170714	0.0
20170715	0.0
20170716	0.0
20170718	0.0
20170719	0.0
20170720	0.0
20170720	0.0
20170721	0.0
20170722	0.0
20170724	0.0
20170725	0.0
20170726	0.0
20170726	0.0
20170727	0.0
20170728	0.0
20170730	0.0
20170731	0.0
20170801	0.0
20170801	0.0
20170802	0.0
20170803	0.0
20170805	0.0
20170806	0.0
20170807	0.0
20170807	0.0
20170808	0.0
20170809	0.0
20170811	0.0
20170812	0.0
20170813	0.0
20170813	0.0
20170814	0.0
20170815	0.0
20170817	0.0
20170818	0.0
20170819	0.0
20170819	0.0
20170820	0.0
20170821	0.0
20170823	0.0
20170824	0.0
20170825	0.0
20170825	0.0
20170826	0.0
20170827	0.0
20170829	0.0
20170830	0.0
20170831	0.0
20170831	0.0
20170901	0.0
20170902	0.0
20170904	0.0
20170905	0.0
20170906	0.0
20170906	0.0
20170907	0.0
20170908	0.0
20170910	0.0
20170911	0.0
20170912	0.0
20170912	0.0
20170913	0.0
20170914	0.0
20170916	0.0
20170917	0.0
20170918	0.0
20170918	0.0
20170919	0.0
20170920	0.0
20170922	0.0
20170923	0.0
20170924	0.0
20170924	0.0
20170925	0.0
20170926	0.0
20170928	0.0
20170929	0.0
20170930	0.0
20170930	0.0
20171001	0.0
20171002	0.0
20171004	0.0
20171005	0.0
20171006	0.0
20171006	0.0
20171007	0.0
20171008	0.0
20171010	0.0
20171011	0.0
20171012	0.0
20171012	0.0
20171013	0.0
20171014	0.0
20171016	0.0
20171017	0.0
20171018	0.0
20171018	0.0
20171019	0.0
20171020	0.0
20171022	0.0
20171023	0.0
20171024	0.0
20171024	0.0
20171025	0.0
20171026	0.0
20171028	0.0
20171029	0.0
20171030	0.0
20171030	0.0
20171031	0.0
20171101	0.0
20171104	0.0
20171105	0.0
20171105	0.0
20171106	0.0
20171107	0.0
20171109	0.0
20171110	0.0
20171111	0.0
20171111	0.0
20171112	0.0
20171113	0.0
20171115	0.0
20171116	0.0
20171117	0.0
20171117	0.0
20171118	0.0
20171121	0.0
20171122	0.0
20171123	0.0
20171123	0.0
20171124	0.0
20171125	0.0
20171127	0.0
20171128	0.0
20171129	0.0
20171129	0.0
20171130	0.0
20171201	0.0
20171204	0.0
20171205	0.0
20171205	0.0
20171207	0.0
20171209	0.0
20171210	0.0
20171211	0.0
20171211	0.0
20171212	0.0
20171213	0.0
20171216	0.0
20171217	0.0
20171217	0.0
20171218	0.0
20171219	0.0
20171221	0.0
20171222	0.0
20171223	0.0
20171223	0.0
20171224	0.0
20171225	0.0
20171228	0.0
20171229	0.0
20171229	0.0
20171230	0.0
20171231	0.0
20180102	0.0
20180103	0.0
20180104	0.0
20180104	0.0
20180105	0.0
20180106	0.0
20180109	0.0
20180110	0.0
20180110	0.0
20180111	0.0
20180112	0.0
20180114	0.0
20180115	0.0
20180116	0.0
20180116	0.0
20180117	0.0
20180118	0.0
20180121	0.0
20180122	0.0
20180122	0.0
20180123	0.0
20180124	0.0
20180127	1.4725000000000004
20180128	5.005000000000001
20180129	3.585000000000001
20180130	3.0800000000000005
20180203	2.095
20180204	0.0
20180205	0.0
20180207	0.0
20180208	0.0
20180209	0.0
20180209	0.0
20180210	0.9200000000000002
20180211	1.3925000000000003
20180214	0.31000000000000005
20180215	0.0
20180215	0.0
20180216	0.0
20180217	0.0
20180219	0.0
20180220	0.0
20180221	0.0
20180221	0.0
20180222	0.13750000000000004
20180223	0.7550000000000001
20180226	1.8475000000000004
20180227	3.315000000000001
20180227	2.7525000000000004
20180228	1.7375000000000003
20180304	0.0
20180305	2.0225000000000004
20180305	0.21500000000000005
20180306	0.36500000000000005
20180307	2.3100000000000005
20180310	0.05500000000000001
20180311	3.1600000000000006
20180311	0.17500000000000004
20180312	0.9525000000000002
20180313	2.6950000000000007
20180315	2.0550000000000006
20180316	0.8350000000000002
20180317	0.7425000000000002
20180317	0.05500000000000001
20180318	0.4100000000000001
20180319	0.08250000000000002
20180323	5.575000000000001
20180323	0.035
20180324	0.20000000000000004
20180325	0.022500000000000006
20180327	0.6225000000000002
20180328	0.5625000000000001
20180329	2.1650000000000005
20180330	2.3900000000000006
20180331	2.0675000000000003
20180403	7.187500000000002
20180404	1.1375000000000002
20180404	0.13250000000000003
20180405	0.06500000000000002
20180406	0.05750000000000001
20180408	0.17250000000000004
20180409	0.12750000000000003
20180410	0.3525000000000001
20180411	0.20250000000000004
20180412	0.6875000000000001
20180415	1.8450000000000004
20180416	0.0
20180416	0.0
20180417	0.0
20180418	0.0
20180420	0.0
20180421	0.0
20180422	0.0
20180422	0.0
20180423	0.0
20180424	0.0
20180426	0.0
20180427	0.0
20180428	3.977500000000001
20180428	2.9575000000000005
20180429	1.2050000000000003
20180430	2.1800000000000006
20180502	0.0
20180503	0.0
20180504	0.5450000000000002
20180504	0.0
20180505	0.0
20180506	0.0
20180508	0.0
20180509	1.6125000000000003
20180510	0.0
20180510	0.0
20180511	0.0
20180512	5.142500000000001
20180514	0.6100000000000001
20180515	0.0
20180516	0.6900000000000002
20180516	1.9975000000000005
20180517	0.0
20180518	0.0
20180520	0.0
20180521	0.0
20180522	0.0
20180522	0.0
20180523	0.0
20180524	0.0
20180526	0.0
20180527	0.0
20180528	0.0
20180528	0.0
20180529	0.0
20180530	0.0
20180601	0.0
20180602	0.0
20180603	0.0
20180603	0.0
20180604	0.0
20180605	0.0
20180607	0.0
20180608	0.0
20180609	0.0
20180609	0.0
20180610	0.0
20180611	0.0
20180613	0.0
20180614	0.0
20180615	0.0
20180615	0.0
20180616	0.0
20180617	0.0
20180619	0.0
20180620	0.0
20180621	0.0
20180621	0.0
20180622	0.0
20180623	0.0
20180625	0.0
20180626	0.0
20180627	0.0
20180627	0.0
20180628	0.0
20180629	0.0
20180701	0.0
20180702	0.0
20180703	0.0
20180703	0.0
20180704	0.0
20180705	0.0
20180708	0.0
20180709	0.0
20180709	0.0
20180710	0.0
20180711	0.0
20180713	0.0
20180714	0.0
20180715	0.0
20180715	0.0
20180716	0.0
20180717	0.0
20180719	0.0
20180720	0.0
20180721	0.0
20180721	0.0
20180722	0.0
20180723	0.0
20180725	0.0
20180727	0.0
20180727	0.0
20180728	0.0
20180729	0.0
20180731	0.0
20180801	0.0
20180802	0.0
20180802	0.0
20180803	0.0
20180804	0.0
20180806	0.0
20180807	0.0
20180808	0.0
20180808	0.0
20180809	0.0
20180810	0.0
20180812	0.0
20180813	0.0
20180814	0.0
20180814	0.0
20180815	0.0
20180816	0.0
20180818	0.0
20180819	0.0
20180820	0.0
20180820	0.0
20180821	0.0
20180822	0.0
20180824	0.0
20180825	0.0
20180826	0.0
20180826	0.0
20180827	0.0
20180828	0.0
20180830	0.0
20180831	0.0
20180901	0.0
20180901	0.0
20180902	0.0
20180903	0.0
20180905	0.0
20180906	0.0
20180907	0.0
20180907	0.0
20180908	0.0
20180909	0.0
20180911	0.0
20180912	0.0
20180913	0.0
20180914	0.0
20180915	0.0
20180917	0.0
20180918	0.0
20180919	0.0
20180919	0.0
20180920	0.0
20180921	0.0
20180923	0.0
20180924	0.0
20180925	0.0
20180925	0.0
20180926	0.0
20180927	0.0
20180929	0.0
20180930	0.0
20181001	0.0
20181001	0.0
20181002	0.0
20181003	0.0
20181005	0.0
20181006	0.0
20181007	0.0
20181007	0.0
20181008	0.0
20181009	0.0
20181011	0.0
20181012	0.0
20181013	0.0
20181013	0.0
20181014	0.0
20181015	0.0
20181017	0.0
20181018	0.0
20181019	0.0
20181019	0.0
20181020	0.0
20181021	0.0
20181023	0.0
20181024	0.0
20181025	0.0
20181025	0.0
20181026	0.0
20181027	0.0
20181029	0.0
20181030	0.0
20181031	0.0
20181031	0.0
20181101	0.0
20181102	0.0
20181104	0.0
20181105	0.0
20181106	0.0
20181106	0.0
20181107	0.0
20181108	0.0
20181110	0.0
20181111	0.0
20181112	0.0
20181112	0.0
20181113	0.0
20181114	0.0
20181116	0.0
20181117	0.0
20181118	0.0
20181118	0.0
20181119	0.0
20181120	0.0
20181122	0.0
20181123	0.0
20181124	0.0
20181124	0.0
20181125	0.0
20181129	0.0
20181130	0.0
20181130	0.0
20181201	0.0
20181202	0.0
20181204	0.0
20181205	0.0
20181206	0.0
20181206	0.0
20181207	0.0
20181208	0.0
20181211	0.0
20181212	0.0
20181212	0.0
20181213	0.0
20181214	0.0
20181216	0.0
20181217	0.0
20181218	0.0
20181218	0.0
20181219	0.0
20181220	0.0
20181223	0.0
20181224	0.0
20181224	0.0
20181225	0.0
20181226	0.0
20181228	0.0
20181229	0.0
20181230	0.0
20181230	0.0
20181231	0.0
20190101	0.0
20190104	0.0
20190105	0.0
20190105	0.0
20190106	0.0
20190107	0.0
20190109	0.0
20190110	0.0
20190111	0.0
20190111	0.0
20190112	0.0
20190113	0.0
20190116	0.05000000000000001
20190117	0.9100000000000001
20190118	0.29000000000000004
20190119	0.6425000000000001
20190121	0.03250000000000001
20190122	0.44500000000000006
20190123	0.3425000000000001
20190123	0.21500000000000005
20190124	0.6700000000000002
20190125	5.165000000000001
20190129	0.07750000000000001
20190129	0.08250000000000002
20190130	0.027500000000000004
20190131	0.03250000000000001
20190202	0.9400000000000002
20190204	0.03250000000000001
20190204	2.8275000000000006
20190205	1.8250000000000004
20190206	0.5350000000000001
20190209	0.32500000000000007
20190210	0.6975000000000001
20190211	0.20500000000000004
20190212	0.03250000000000001
20190214	0.025000000000000005
20190215	0.30750000000000005
20190216	0.03250000000000001
20190217	0.7350000000000001
20190218	1.0250000000000001
20190221	0.3350000000000001
20190222	0.0
20190222	0.0
20190223	0.0
20190224	0.0
20190226	1.2950000000000002
20190227	0.0
20190228	1.6200000000000003
20190301	1.7325000000000004
20190302	0.022500000000000006
20190305	6.3275000000000015
20190306	5.5150000000000015
20190306	7.762500000000001
20190307	5.315000000000001
20190308	5.480000000000001
20190310	3.9075000000000006
20190311	4.2475000000000005
20190312	4.845000000000001
20190312	4.4750000000000005
20190313	3.775000000000001
20190314	4.265000000000001
20190317	5.780000000000001
20190319	4.625000000000001
20190320	2.2975000000000003
20190322	0.020000000000000004
20190323	0.020000000000000004
20190324	4.240000000000001
20190325	0.0
20190326	0.5050000000000001
20190329	0.0
20190330	0.0
20190330	0.12500000000000003
20190401	0.037500000000000006
20190403	0.4600000000000001
20190404	9.955000000000002
20190405	0.24250000000000005
20190405	1.4325000000000003
20190406	1.1625000000000003
20190407	0.9850000000000002
20190410	0.0
20190411	0.15250000000000002
20190411	0.0
20190412	0.0
20190413	0.0
20190415	1.2025000000000001
20190416	2.0025000000000004
20190417	1.0550000000000002
20190417	0.0
20190419	0.0
20190422	0.0
20190423	0.0
20190423	0.0
20190424	0.0
20190425	0.0
20190427	0.0
20190428	0.0
20190429	0.0
20190429	0.0
20190430	0.0
20190501	0.0
20190503	0.0
20190504	0.0
20190505	0.0
20190505	0.0
20190506	0.0
20190507	0.0
20190509	0.0
20190510	0.0
20190511	0.0
20190511	0.0
20190512	0.0
20190513	0.0
20190515	0.0
20190516	0.0
20190517	0.0
20190517	0.0
20190518	0.0
20190519	0.0
20190521	0.0
20190522	0.0
20190523	0.0
20190523	0.0
20190524	0.0
20190525	0.0
20190527	0.0
20190528	0.0
20190529	0.0
20190529	0.0
20190530	0.0
20190531	0.0
20190602	0.0
20190603	0.0
20190604	0.0
20190604	0.0
20190605	0.0
20190606	0.0
20190608	0.0
20190609	0.0
20190610	0.0
20190610	0.0
20190611	0.0
20190612	0.0
20190614	0.0
20190615	0.0
20190616	0.0
20190616	0.0
20190617	0.0
20190618	0.0
20190620	0.0
20190621	0.0
20190622	0.0
20190622	0.0
20190623	0.0
20190624	0.0
20190704	0.0
20190704	0.0
20190705	0.0
20190706	0.0
20190708	0.0
20190709	0.0
20190710	0.0
20190710	0.0
20190711	0.0
20190712	0.0
20190714	0.0
20190715	0.0
20190716	0.0
20190716	0.0
20190717	0.0
20190718	0.0
20190720	0.0
20190721	0.0
20190722	0.0
20190722	0.0
20190723	0.0
20190801	0.0
20190802	0.0
20190803	0.0
20190803	0.0
20190804	0.0
20190805	0.0
20190807	0.0
20190808	0.0
20190809	0.0
20190809	0.0
20190810	0.0
20190811	0.0
20190813	0.0
20190814	0.0
20190815	0.0
20190815	0.0
20190816	0.0
20190817	0.0
20190819	0.0
20190820	0.0
20190821	0.0
20190821	0.0
20190822	0.0
20190823	0.0
20190825	0.0
20190826	0.0
20190827	0.0
20190827	0.0
20190828	0.0
20190829	0.0
20190831	0.0
20190901	0.0
20190902	0.0
20190902	0.0
20190903	0.0
20190904	0.0
20190906	0.0
20190907	0.0
20190908	0.0
20190908	0.0
20190909	0.0
20190910	0.0
20190912	0.0
20190913	0.0
20190914	0.0
20190915	0.0
20190916	0.0
20190918	0.0
20190919	0.0
20190920	0.0
20190920	0.0
20190921	0.0
20190922	0.0
20190924	0.0
20190925	0.0
20190926	0.0
20190926	0.0
20190927	0.0
20190928	0.0
20190930	0.0
20191001	0.0
20191002	0.0
20191002	0.0
20191004	0.0
20191006	0.0
20191007	0.0
20191008	0.0
20191008	0.0
20191009	0.0
20191010	0.0
20191012	0.0
20191013	0.0
20191014	0.0
20191014	0.0
20191015	0.0
20191016	0.0
20191018	0.0
20191019	0.0
20191020	0.0
20191020	0.0
20191021	0.0
20191022	0.0
20191024	0.0
20191025	0.0
20191026	0.0
20191026	0.0
20191027	0.0
20191028	0.0
20191030	0.0
20191031	0.0
20191101	0.0
20191101	0.0
20191102	0.0
20191103	0.0
20191105	0.0
20191106	0.0
20191107	0.0
20191107	0.0
20191108	0.0
20191109	0.0
20191111	0.0
20191112	0.0
20191113	0.0
20191113	0.0
20191114	0.0
20191115	0.0
20191117	0.0
20191118	0.0
20191119	0.0
20191119	0.0
20191120	0.0
20191121	0.0
20191123	0.0
20191124	0.0
20191125	0.0
20191125	0.0
20191126	0.0
20191127	0.0
20191129	0.0
20191130	0.0
20191201	0.0
20191201	0.0
20191202	0.0
20191203	0.0
20191205	0.0
20191206	0.0
20191207	0.0
20191207	0.0
20191208	0.0
20191209	0.0
20191211	0.0
20191212	0.0
20191213	0.0
20191213	0.0
20191214	0.0
20191215	0.0
20191217	0.0
20191218	0.0
20191219	0.0
20191219	0.0
20191220	0.0
20191221	0.0
20191223	0.0
20191224	0.0
20191225	0.0
20191225	0.0
20191226	0.0
20191227	0.0
20191229	0.0
20191230	0.0
20191231	0.0
20191231	0.0
20200101	0.0
20200102	0.0
20200104	0.08750000000000002
20200105	0.0
20200106	0.0
20200107	0.0
20200108	0.0
20200110	0.0
20200111	0.0
20200112	0.0
20200112	0.0
20200113	0.0
20200114	0.0
20200116	0.0
20200117	0.0
20200118	0.0
20200118	0.0
20200119	0.0
20200120	0.0
20200122	0.0
20200123	0.0
20200124	0.0
20200124	0.0
20200125	0.0
20200126	0.0
20200128	0.0
20200129	0.0
20200130	0.0
20200130	0.0
20200131	0.0
20200201	0.0
20200203	0.0
20200204	0.0
20200205	0.0
20200205	0.0
20200206	0.0
20200207	0.0
20200209	0.0
20200210	0.0
20200211	0.0
20200211	0.0
20200212	0.0
20200213	0.0
20200215	0.0
20200216	0.0
20200217	0.0
20200217	0.0
20200218	0.0
20200219	0.0
20200221	0.0
20200222	0.0
20200223	0.0
20200223	0.0
20200224	0.0
20200225	0.0
20200227	0.0
20200228	0.0
20200229	0.9175000000000002
20200301	0.0
20200304	0.0
20200305	0.0
20200306	0.0
20200306	0.0
20200307	0.0
20200308	0.0
20200310	0.0
20200311	0.0
20200312	0.0
20200312	0.0
20200313	0.0
20200314	2.3425000000000002
20200316	0.0
20200317	0.0
20200318	0.0
20200318	0.0
20200319	0.0
20200320	0.0
20200322	0.0
20200323	0.0
20200324	0.0
20200324	0.0
20200325	0.0
20200328	0.0
20200329	3.2450000000000006
20200330	0.0
20200330	0.0
20200331	0.0
20200401	0.0
20200403	0.0
20200404	0.0
20200405	0.0
20200405	0.0
20200406	0.0
20200407	0.0
20200409	0.0
20200410	0.0
20200411	0.0
20200411	0.0
20200412	0.0
20200413	0.0
20200415	0.0
20200416	0.0
20200417	0.0
20200417	0.0
20200418	0.0
20200419	0.0
20200421	0.0
20200422	0.0
20200423	0.0
20200423	3.852500000000001
20200424	0.0
20200425	0.0
20200427	0.0
20200428	0.0
20200429	0.0
20200429	0.0
20200430	3.4225000000000008
20200501	6.502500000000001
20200503	0.0
20200504	0.0
20200505	0.0
20200505	0.0
20200506	0.0
20200507	0.0
20200509	0.0
20200510	0.0
20200511	0.0
20200511	0.0
20200512	0.0
20200513	0.0
20200515	0.0
20200516	0.0
20200517	0.0
20200517	0.0
20200518	0.0
20200519	0.0
20200521	0.0
20200522	0.0
20200523	0.0
20200523	0.0
20200524	0.0
20200525	0.0
20200527	0.0
20200528	0.0
20200529	0.0
20200529	0.0
20200530	0.0
20200531	0.0
20200602	0.0
20200603	0.0
20200604	0.0
20200604	0.0
20200605	0.0
20200606	0.0
20200608	0.0
20200609	0.0
20200610	0.0
20200610	0.0
20200611	0.0
20200612	0.0
20200614	0.0
20200615	0.0
20200616	0.0
20200616	0.0
20200617	0.0
20200618	0.0
20200620	0.0
20200621	0.0
20200622	0.0
20200622	0.0
20200623	0.0
20200624	0.0
20200626	0.0
20200627	0.0
20200628	0.0
20200628	0.0
20200629	0.0
20200630	0.0
20200702	0.0
20200704	0.0
20200704	0.0
20200705	0.0
20200706	0.0
20200708	0.0
20200709	0.0
20200710	0.0
20200710	0.0
20200711	0.0
20200712	0.0
20200714	0.0
20200715	0.0
20200716	0.0
20200716	0.0
20200717	0.0
20200718	0.0
20200720	0.0
20200721	0.0
20200723	0.0
20200724	0.0
20200726	0.0
20200727	0.0
20200728	0.0
20200728	0.0
20200729	0.0
20200730	0.0
20200801	0.0
20200802	0.0
20200803	0.0
20200803	0.0
20200804	0.0
20200805	0.0
20200807	0.0
20200808	0.0
20200809	0.0
20200809	0.0
20200810	0.0
20200811	0.0
20200813	0.0
20200814	0.0
20200815	0.0
20200815	0.0
20200816	0.0
20200817	0.0
20200819	0.0
20200820	0.0
20200821	0.0
20200821	0.0
20200822	0.0
20200823	0.0
20200825	0.0
20200826	0.0
20200827	0.0
20200827	0.0
20200828	0.0
20200829	0.0
20200831	0.0
20200901	0.0
20200902	0.0
20200902	0.0
20200903	0.0
20200904	0.0
20200906	0.0
20200907	0.0
20200908	0.0
20200908	0.0
20200909	0.0
20200910	0.0
20200912	0.0
20200913	0.0
20200914	0.0
20200914	0.0
20200915	0.0
20200916	0.0
20200918	0.0
20200919	0.0
20200920	0.0
20200920	0.0
20200921	0.0
20200926	0.0
20200926	0.0
20200927	0.0
20200928	0.0
20200930	0.0
20201001	0.0
20201002	0.0
20201002	0.0
20201003	0.0
20201004	0.0
20201006	0.0
20201007	0.0
20201008	0.0
20201008	0.0
20201009	0.0
20201010	0.0
20201012	0.0
20201013	0.0
20201014	0.0
20201014	0.0
20201015	0.0
20201016	0.0
20201018	0.0
20201019	0.0
20201020	0.0
20201020	0.0
20201021	0.0
20201022	0.0
20201024	0.0
20201025	0.0
20201026	0.0
20201026	0.0
20201027	0.0
20201028	0.0
20201030	0.0
20201031	0.0
20201101	0.0
20201101	0.0
20201102	0.0
20201103	0.0
20201105	0.0
20201106	0.0
20201107	0.0
20201107	0.0
20201108	0.0
20201109	0.0
20201111	0.0
20201112	0.0
20201113	0.0
20201113	0.0
20201114	0.0
20201115	0.0
20201117	0.0
20201119	0.0
20201120	0.0
20201124	0.0
20201125	0.0
20201127	0.0
20201129	0.0
20201201	0.0
20201202	0.0
20201206	0.0
20201207	0.0
20201209	0.0
20201211	0.0
20201213	0.0
20201214	0.0
20201218	0.0
20201219	0.0
20201221	0.0
20201223	0.0
20201225	0.0
20201226	0.0
20201229	0.0
20201230	0.0
20201231	0.0
20201231	0.0
20210101	0.0
20210102	0.0
20210104	0.0
20210105	0.0
20210106	0.0
20210106	0.0
20210108	0.0
20210110	0.0
20210111	0.0
20210112	0.0
20210112	0.0
20210113	0.0
20210114	0.0
20210116	0.0
20210117	0.0
20210118	1.3250000000000002
20210118	0.0
20210119	0.0
20210122	0.0
20210123	1.4100000000000004
20210124	0.0
20210124	0.0
20210125	0.0
20210126	0.0
20210128	0.0
20210129	0.0
20210130	0.0
20210130	0.0
20210131	0.0
20210201	0.0
20210203	0.0
20210204	0.0
20210205	0.0
20210205	0.0
20210206	0.0
20210207	0.0
20210209	0.0
20210210	0.0
20210211	0.0
20210211	0.0
20210212	0.0
20210215	0.0
20210216	1.4300000000000004
20210217	0.7875000000000002
20210217	5.357500000000001
20210218	0.0
20210219	0.0
20210221	0.24000000000000005
20210222	3.0900000000000007
20210223	4.2250000000000005
20210518	2.6750000000000007
20210904	0.0
