Date	WetSnow	DrySnow	BareGround
20140920	nan	nan	nan
20140921	nan	nan	nan
20140922	nan	nan	nan
20140923	nan	nan	nan
20140924	nan	nan	nan
20140925	nan	nan	nan
20140926	nan	nan	nan
20140927	nan	nan	nan
20140928	nan	nan	nan
20140929	nan	nan	nan
20140930	nan	nan	nan
20141001	nan	nan	nan
20141002	nan	nan	nan
20141003	nan	nan	nan
20141004	15.42	0.003328	84.58
20141005	16.99	0.05139	82.96
20141006	6.145	0.03831	93.82
20141007	5.604	0.03829	94.36
20141008	5.551	0.03828	94.41
20141009	5.529	0.03828	94.43
20141010	4.753	0.03747	95.21
20141011	4.476	0.03746	95.49
20141012	3.93	0.03744	96.03
20141013	3.912	0.03744	96.05
20141014	3.914	0.03746	96.05
20141015	3.818	0.03745	96.14
20141016	3.553	0.03755	96.41
20141017	10.36	12.98	76.66
20141018	10.27	12.95	76.78
20141019	10.1	12.56	77.34
20141020	10.02	12.5	77.48
20141021	10.07	12.63	77.3
20141022	9.697	11.79	78.51
20141023	nan	nan	nan
20141024	nan	nan	nan
20141025	nan	nan	nan
20141026	nan	nan	nan
20141027	nan	nan	nan
20141028	nan	nan	nan
20141029	nan	nan	nan
20141030	nan	nan	nan
20141031	nan	nan	nan
20141101	nan	nan	nan
20141102	nan	nan	nan
20141103	nan	nan	nan
20141104	nan	nan	nan
20141105	nan	nan	nan
20141106	nan	nan	nan
20141107	nan	nan	nan
20141108	nan	nan	nan
20141109	nan	nan	nan
20141110	nan	nan	nan
20141111	nan	nan	nan
20141112	nan	nan	nan
20141113	nan	nan	nan
20141114	nan	nan	nan
20141115	nan	nan	nan
20141116	nan	nan	nan
20141117	nan	nan	nan
20141118	nan	nan	nan
20141119	nan	nan	nan
20141120	nan	nan	nan
20141121	nan	nan	nan
20141122	nan	nan	nan
20141123	nan	nan	nan
20141124	nan	nan	nan
20141125	nan	nan	nan
20141126	nan	nan	nan
20141127	nan	nan	nan
20141128	nan	nan	nan
20141129	nan	nan	nan
20141130	nan	nan	nan
20141201	nan	nan	nan
20141202	nan	nan	nan
20141203	nan	nan	nan
20141204	nan	nan	nan
20141205	nan	nan	nan
20141206	nan	nan	nan
20141207	nan	nan	nan
20141208	nan	nan	nan
20141209	nan	nan	nan
20141210	nan	nan	nan
20141211	nan	nan	nan
20141212	nan	nan	nan
20141213	nan	nan	nan
20141214	nan	nan	nan
20141215	nan	nan	nan
20141216	nan	nan	nan
20141217	nan	nan	nan
20141218	nan	nan	nan
20141219	nan	nan	nan
20141220	nan	nan	nan
20141221	nan	nan	nan
20141222	nan	nan	nan
20141223	nan	nan	nan
20141224	nan	nan	nan
20141225	nan	nan	nan
20141226	nan	nan	nan
20141227	nan	nan	nan
20141228	nan	nan	nan
20141229	nan	nan	nan
20141230	nan	nan	nan
20141231	nan	nan	nan
20150101	nan	nan	nan
20150102	nan	nan	nan
20150103	nan	nan	nan
20150104	nan	nan	nan
20150105	nan	nan	nan
20150106	nan	nan	nan
20150107	nan	nan	nan
20150108	nan	nan	nan
20150109	nan	nan	nan
20150110	nan	nan	nan
20150111	nan	nan	nan
20150112	nan	nan	nan
20150113	nan	nan	nan
20150114	nan	nan	nan
20150115	nan	nan	nan
20150116	nan	nan	nan
20150117	nan	nan	nan
20150118	nan	nan	nan
20150119	nan	nan	nan
20150120	nan	nan	nan
20150121	nan	nan	nan
20150122	nan	nan	nan
20150123	nan	nan	nan
20150124	nan	nan	nan
20150125	nan	nan	nan
20150126	nan	nan	nan
20150127	nan	nan	nan
20150128	nan	nan	nan
20150129	nan	nan	nan
20150130	nan	nan	nan
20150131	nan	nan	nan
20150201	nan	nan	nan
20150202	nan	nan	nan
20150203	nan	nan	nan
20150204	nan	nan	nan
20150205	nan	nan	nan
20150206	nan	nan	nan
20150207	nan	nan	nan
20150208	nan	nan	nan
20150209	nan	nan	nan
20150210	nan	nan	nan
20150211	nan	nan	nan
20150212	nan	nan	nan
20150213	nan	nan	nan
20150214	nan	nan	nan
20150215	nan	nan	nan
20150216	nan	nan	nan
20150217	nan	nan	nan
20150218	nan	nan	nan
20150219	nan	nan	nan
20150220	nan	nan	nan
20150221	nan	nan	nan
20150222	nan	nan	nan
20150223	nan	nan	nan
20150224	nan	nan	nan
20150225	nan	nan	nan
20150226	nan	nan	nan
20150227	nan	nan	nan
20150228	nan	nan	nan
20150301	nan	nan	nan
20150302	nan	nan	nan
20150303	nan	nan	nan
20150304	nan	nan	nan
20150305	0.1117	98.85	1.039
20150306	0.09796	98.85	1.052
20150307	0.09796	98.85	1.052
20150308	0.09796	98.85	1.052
20150309	0.09745	98.74	1.16
20150310	0.1099	98.73	1.159
20150311	0.1099	98.66	1.227
20150312	0.1099	98.66	1.227
20150313	0.07706	98.75	1.175
20150314	1.7	97.9	0.4004
20150315	1.701	97.19	1.111
20150316	1.697	96.05	2.25
20150317	1.697	96.04	2.264
20150318	1.697	96.04	2.264
20150319	2.344	96.05	1.601
20150320	2.268	95.28	2.448
20150321	2.033	96.07	1.899
20150322	2.038	96.06	1.899
20150323	2.038	96.06	1.899
20150324	2.038	95.98	1.981
20150325	2.029	95.99	1.981
20150326	0.4232	99.43	0.1451
20150327	0.3228	99.54	0.1335
20150328	0.3237	99.48	0.1995
20150329	0.2867	99.51	0.1999
20150330	0.2735	99.53	0.2012
20150331	nan	nan	nan
20150401	nan	nan	nan
20150402	nan	nan	nan
20150403	nan	nan	nan
20150404	nan	nan	nan
20150405	nan	nan	nan
20150406	nan	nan	nan
20150407	nan	nan	nan
20150408	nan	nan	nan
20150409	nan	nan	nan
20150410	nan	nan	nan
20150411	nan	nan	nan
20150412	nan	nan	nan
20150413	nan	nan	nan
20150414	nan	nan	nan
20150415	nan	nan	nan
20150416	nan	nan	nan
20150417	nan	nan	nan
20150418	nan	nan	nan
20150419	nan	nan	nan
20150420	nan	nan	nan
20150421	nan	nan	nan
20150422	nan	nan	nan
20150423	nan	nan	nan
20150424	10.92	88.89	0.1833
20150425	10.92	88.67	0.4073
20150426	2.842	96.89	0.263
20150427	1.476	98.28	0.2403
20150428	1.476	98.28	0.2403
20150429	1.476	98.0	0.5207
20150430	1.476	97.88	0.6408
20150501	1.928	97.43	0.6392
20150502	1.928	97.43	0.6392
20150503	1.928	97.43	0.6392
20150504	2.186	97.28	0.5391
20150505	2.186	97.28	0.5391
20150506	50.06	49.41	0.5336
20150507	50.03	48.97	0.9923
20150508	72.13	26.9	0.9734
20150509	74.87	24.18	0.9487
20150510	74.78	22.57	2.656
20150511	76.11	19.66	4.236
20150512	76.1	19.62	4.278
20150513	67.59	28.17	4.247
20150514	67.59	28.17	4.247
20150515	67.76	27.94	4.299
20150516	50.74	42.6	6.664
20150517	50.73	42.5	6.764
20150518	51.72	40.56	7.722
20150519	51.72	40.56	7.722
20150520	52.77	39.32	7.915
20150521	57.45	34.64	7.917
20150522	57.56	34.48	7.959
20150523	57.68	34.35	7.976
20150524	57.69	34.33	7.981
20150525	57.69	34.25	8.061
20150526	57.22	32.15	10.63
20150527	58.07	31.3	10.64
20150528	58.07	31.3	10.64
20150529	59.46	29.63	10.91
20150530	59.36	29.55	11.09
20150531	60.44	28.25	11.31
20150601	49.67	36.22	14.1
20150602	50.73	35.26	14.01
20150603	49.7	33.74	16.55
20150604	49.02	31.96	19.01
20150605	48.93	31.2	19.87
20150606	nan	nan	nan
20150607	nan	nan	nan
20150608	nan	nan	nan
20150609	nan	nan	nan
20150610	nan	nan	nan
20150611	nan	nan	nan
20150612	nan	nan	nan
20150613	nan	nan	nan
20150614	nan	nan	nan
20150615	nan	nan	nan
20150616	nan	nan	nan
20150617	nan	nan	nan
20150618	nan	nan	nan
20150619	nan	nan	nan
20150620	nan	nan	nan
20150621	nan	nan	nan
20150622	nan	nan	nan
20150623	nan	nan	nan
20150624	nan	nan	nan
20150625	nan	nan	nan
20150626	nan	nan	nan
20150627	21.68	7.607	70.72
20150628	20.91	7.373	71.72
20150629	nan	nan	nan
20150630	17.1	8.486	74.42
20150701	11.9	6.726	81.38
20150702	11.91	6.646	81.45
20150703	15.56	5.823	78.62
20150704	15.48	5.794	78.73
20150705	15.48	5.794	78.73
20150706	15.45	5.729	78.82
20150707	15.75	5.339	78.91
20150708	16.01	5.149	78.85
20150709	15.02	4.996	79.99
20150710	14.81	4.629	80.56
20150711	13.85	2.164	83.98
20150712	nan	nan	nan
20150713	7.298	0.5845	92.12
20150714	6.185	0.5272	93.29
20150715	9.861	1.057	89.08
20150716	9.861	1.057	89.08
20150717	10.33	1.066	88.6
20150718	9.895	1.066	89.04
20150719	9.494	1.763	88.74
20150720	10.21	1.693	88.1
20150721	9.145	1.094	89.76
20150722	8.968	0.707	90.33
20150723	7.428	0.5951	91.98
20150724	9.056	1.339	89.6
20150725	8.558	1.1	90.34
20150726	nan	nan	nan
20150727	nan	nan	nan
20150728	5.372	0.2663	94.36
20150729	7.531	0.2061	92.26
20150730	7.491	0.1573	92.35
20150731	7.247	0.1577	92.59
20150801	7.458	0.1164	92.43
20150802	nan	nan	nan
20150803	nan	nan	nan
20150804	nan	nan	nan
20150805	nan	nan	nan
20150806	nan	nan	nan
20150807	nan	nan	nan
20150808	nan	nan	nan
20150809	nan	nan	nan
20150810	2.493	0.03221	97.48
20150811	2.493	0.03221	97.48
20150812	3.317	0.05663	96.63
20150813	4.843	0.07373	95.08
20150814	4.695	0.07371	95.23
20150815	1.914	0.02746	98.06
20150816	0.6123	0.01998	99.37
20150817	0.6394	0.09077	99.27
20150818	0.3615	0.04857	99.59
20150819	0.1497	0.03424	99.82
20150820	0.686	0.1066	99.21
20150821	0.1146	0.06049	99.82
20150822	0.09073	0.04855	99.86
20150823	0.08993	0.04855	99.86
20150824	0.4521	0.1472	99.4
20150825	0.4919	0.1703	99.34
20150826	0.4903	0.1687	99.34
20150827	0.4906	0.1688	99.34
20150828	0.4906	0.1688	99.34
20150829	2.018	0.129	97.85
20150830	1.837	0.129	98.03
20150831	1.774	0.1219	98.1
20150901	3.522	0.1251	96.35
20150902	3.54	0.1257	96.33
20150903	3.553	0.1262	96.32
20150904	3.65	0.1298	96.22
20150905	nan	nan	nan
20150906	nan	nan	nan
20150907	nan	nan	nan
20150908	nan	nan	nan
20150909	nan	nan	nan
20150910	1.753	0.3567	97.89
20150911	0.4939	0.2629	99.24
20150912	0.1544	0.1441	99.7
20150913	0.6384	0.2181	99.14
20150914	0.2707	0.1393	99.59
20150915	0.2707	0.1393	99.59
20150916	0.2691	0.1393	99.59
20150917	1.86	0.5888	97.55
20150918	2.274	2.41	95.32
20150919	2.225	2.41	95.36
20150920	2.225	2.41	95.36
20150921	1.581	2.018	96.4
20150922	1.424	1.975	96.6
20150923	2.438	1.639	95.92
20150924	1.036	0.3864	98.58
20150925	3.996	0.6439	95.36
20150926	3.996	0.6439	95.36
20150927	4.872	0.6603	94.47
20150928	4.854	0.5804	94.57
20150929	4.808	0.4995	94.69
20150930	4.615	4.819	90.57
20151001	4.596	4.788	90.62
20151002	4.666	4.86	90.47
20151003	4.671	4.817	90.51
20151004	5.222	23.94	70.84
20151005	4.157	65.05	30.8
20151006	4.19	64.54	31.27
20151007	4.115	61.7	34.19
20151008	3.96	59.21	36.83
20151009	3.927	58.05	38.02
20151010	3.862	53.8	42.34
20151011	2.804	77.89	19.3
20151012	11.78	69.7	18.52
20151013	11.78	69.68	18.54
20151014	11.79	69.76	18.45
20151015	11.67	67.54	20.79
20151016	12.47	66.1	21.43
20151017	13.14	57.55	29.31
20151018	12.83	53.88	33.29
20151019	11.86	45.3	42.84
20151020	11.92	41.24	46.84
20151021	nan	nan	nan
20151022	nan	nan	nan
20151023	nan	nan	nan
20151024	nan	nan	nan
20151025	nan	nan	nan
20151026	nan	nan	nan
20151027	nan	nan	nan
20151028	nan	nan	nan
20151029	nan	nan	nan
20151030	nan	nan	nan
20151031	nan	nan	nan
20151101	nan	nan	nan
20151102	nan	nan	nan
20151103	nan	nan	nan
20151104	nan	nan	nan
20151105	7.336	83.58	9.084
20151106	7.336	83.58	9.084
20151107	7.299	83.69	9.01
20151108	7.374	83.67	8.956
20151109	7.394	83.71	8.894
20151110	nan	nan	nan
20151111	nan	nan	nan
20151112	nan	nan	nan
20151113	nan	nan	nan
20151114	nan	nan	nan
20151115	nan	nan	nan
20151116	nan	nan	nan
20151117	nan	nan	nan
20151118	nan	nan	nan
20151119	nan	nan	nan
20151120	nan	nan	nan
20151121	nan	nan	nan
20151122	nan	nan	nan
20151123	nan	nan	nan
20151124	nan	nan	nan
20151125	nan	nan	nan
20151126	nan	nan	nan
20151127	nan	nan	nan
20151128	nan	nan	nan
20151129	nan	nan	nan
20151130	nan	nan	nan
20151201	nan	nan	nan
20151202	nan	nan	nan
20151203	nan	nan	nan
20151204	nan	nan	nan
20151205	nan	nan	nan
20151206	nan	nan	nan
20151207	nan	nan	nan
20151208	nan	nan	nan
20151209	nan	nan	nan
20151210	nan	nan	nan
20151211	nan	nan	nan
20151212	nan	nan	nan
20151213	nan	nan	nan
20151214	nan	nan	nan
20151215	nan	nan	nan
20151216	nan	nan	nan
20151217	nan	nan	nan
20151218	nan	nan	nan
20151219	nan	nan	nan
20151220	nan	nan	nan
20151221	nan	nan	nan
20151222	nan	nan	nan
20151223	nan	nan	nan
20151224	nan	nan	nan
20151225	nan	nan	nan
20151226	nan	nan	nan
20151227	nan	nan	nan
20151228	nan	nan	nan
20151229	nan	nan	nan
20151230	nan	nan	nan
20151231	nan	nan	nan
20160101	nan	nan	nan
20160102	nan	nan	nan
20160103	nan	nan	nan
20160104	nan	nan	nan
20160105	nan	nan	nan
20160106	nan	nan	nan
20160107	nan	nan	nan
20160108	nan	nan	nan
20160109	nan	nan	nan
20160110	nan	nan	nan
20160111	nan	nan	nan
20160112	nan	nan	nan
20160113	nan	nan	nan
20160114	nan	nan	nan
20160115	nan	nan	nan
20160116	nan	nan	nan
20160117	nan	nan	nan
20160118	nan	nan	nan
20160119	nan	nan	nan
20160120	nan	nan	nan
20160121	nan	nan	nan
20160122	nan	nan	nan
20160123	nan	nan	nan
20160124	nan	nan	nan
20160125	nan	nan	nan
20160126	nan	nan	nan
20160127	nan	nan	nan
20160128	nan	nan	nan
20160129	nan	nan	nan
20160130	nan	nan	nan
20160131	nan	nan	nan
20160201	nan	nan	nan
20160202	nan	nan	nan
20160203	nan	nan	nan
20160204	nan	nan	nan
20160205	nan	nan	nan
20160206	nan	nan	nan
20160207	nan	nan	nan
20160208	nan	nan	nan
20160209	nan	nan	nan
20160210	nan	nan	nan
20160211	nan	nan	nan
20160212	nan	nan	nan
20160213	nan	nan	nan
20160214	nan	nan	nan
20160215	nan	nan	nan
20160216	nan	nan	nan
20160217	nan	nan	nan
20160218	nan	nan	nan
20160219	nan	nan	nan
20160220	nan	nan	nan
20160221	nan	nan	nan
20160222	nan	nan	nan
20160223	nan	nan	nan
20160224	nan	nan	nan
20160225	nan	nan	nan
20160226	nan	nan	nan
20160227	nan	nan	nan
20160228	nan	nan	nan
20160229	nan	nan	nan
20160301	2.339	97.62	0.03983
20160302	2.339	97.62	0.03983
20160303	2.354	97.61	0.03983
20160304	1.874	98.09	0.03983
20160305	1.874	98.07	0.05975
20160306	1.874	98.07	0.05975
20160307	1.876	98.06	0.05979
20160308	1.932	98.01	0.06159
20160309	0.01531	98.8	1.184
20160310	0.01531	98.8	1.184
20160311	1.025	97.89	1.086
20160312	1.025	97.89	1.086
20160313	1.025	97.89	1.086
20160314	1.025	97.89	1.086
20160315	7.763	91.26	0.9811
20160316	8.255	90.95	0.7981
20160317	8.255	90.95	0.7981
20160318	8.24	90.84	0.9175
20160319	8.24	90.78	0.9772
20160320	8.242	90.78	0.9774
20160321	2.616	97.28	0.1067
20160322	2.769	97.12	0.116
20160323	2.606	97.3	0.09195
20160324	2.652	97.17	0.1802
20160325	2.023	97.8	0.181
20160326	1.937	97.88	0.1814
20160327	2.066	97.75	0.1817
20160328	0.886	98.75	0.3678
20160329	0.8818	98.75	0.3685
20160330	0.8826	98.73	0.3902
20160331	0.8832	98.55	0.5649
20160401	0.8707	98.15	0.9782
20160402	0.08022	99.45	0.4674
20160403	0.08022	99.45	0.4674
20160404	0.05718	99.62	0.3235
20160405	0.05718	99.35	0.5889
20160406	0.09555	99.32	0.5888
20160407	0.09555	99.32	0.5888
20160408	0.3381	99.11	0.5561
20160409	0.3381	99.11	0.5561
20160410	0.3381	99.11	0.5561
20160411	0.3381	99.04	0.6174
20160412	0.3381	99.04	0.6174
20160413	0.3429	98.84	0.8126
20160414	0.9724	98.21	0.8153
20160415	0.9968	98.02	0.9849
20160416	nan	nan	nan
20160417	nan	nan	nan
20160418	0.3213	99.66	0.01993
20160419	0.3213	99.58	0.1021
20160420	1.148	98.7	0.1499
20160421	0.0	99.88	0.1194
20160422	0.0	99.88	0.1194
20160423	0.0	99.86	0.1393
20160424	0.0	99.83	0.1711
20160425	0.0	99.45	0.5468
20160426	0.005572	99.53	0.4672
20160427	0.005572	99.53	0.4672
20160428	38.51	60.4	1.089
20160429	38.13	60.08	1.788
20160430	63.34	34.23	2.431
20160501	63.34	33.87	2.789
20160502	50.01	45.62	4.37
20160503	47.71	47.53	4.759
20160504	47.71	47.53	4.759
20160505	47.71	47.53	4.759
20160506	47.67	47.51	4.819
20160507	47.67	47.51	4.819
20160508	49.43	44.53	6.034
20160509	49.46	43.99	6.548
20160510	51.83	41.54	6.634
20160511	52.2	41.19	6.604
20160512	51.39	41.9	6.71
20160513	nan	nan	nan
20160514	nan	nan	nan
20160515	nan	nan	nan
20160516	nan	nan	nan
20160517	nan	nan	nan
20160518	nan	nan	nan
20160519	nan	nan	nan
20160520	nan	nan	nan
20160521	nan	nan	nan
20160522	36.48	39.79	23.73
20160523	36.22	39.86	23.92
20160524	34.71	38.84	26.45
20160525	nan	nan	nan
20160526	26.17	38.4	35.43
20160527	24.07	28.32	47.61
20160528	24.06	28.3	47.64
20160529	22.38	24.34	53.29
20160530	20.33	19.74	59.93
20160531	18.26	15.5	66.24
20160601	18.03	14.32	67.65
20160602	15.96	12.58	71.47
20160603	21.07	12.29	66.64
20160604	21.08	11.98	66.94
20160605	23.44	11.65	64.91
20160606	22.92	10.08	67.01
20160607	23.71	6.855	69.44
20160608	24.71	6.804	68.49
20160609	24.8	6.494	68.7
20160610	23.79	4.778	71.43
20160611	22.32	4.195	73.48
20160612	23.58	4.103	72.32
20160613	nan	nan	nan
20160614	nan	nan	nan
20160615	42.76	2.252	54.99
20160616	42.8	2.134	55.07
20160617	nan	nan	nan
20160618	nan	nan	nan
20160619	nan	nan	nan
20160620	nan	nan	nan
20160621	nan	nan	nan
20160622	nan	nan	nan
20160623	nan	nan	nan
20160624	nan	nan	nan
20160625	nan	nan	nan
20160626	nan	nan	nan
20160627	nan	nan	nan
20160628	nan	nan	nan
20160629	8.522	0.02129	91.46
20160630	5.965	0.01595	94.02
20160701	6.303	0.1485	93.55
20160702	6.091	0.1275	93.78
20160703	5.551	0.1265	94.32
20160704	4.791	0.1244	95.08
20160705	4.77	0.1244	95.11
20160706	6.559	0.2936	93.15
20160707	6.874	1.837	91.29
20160708	4.471	1.619	93.91
20160709	5.974	1.606	92.42
20160710	5.408	1.622	92.97
20160711	nan	nan	nan
20160712	3.361	0.442	96.2
20160713	2.707	0.449	96.84
20160714	3.294	0.9889	95.72
20160715	nan	nan	nan
20160716	nan	nan	nan
20160717	2.14	0.5764	97.28
20160718	4.997	0.3602	94.64
20160719	5.12	0.3186	94.56
20160720	4.549	0.3098	95.14
20160721	1.391	0.197	98.41
20160722	0.2261	0.08996	99.68
20160723	0.6129	0.2253	99.16
20160724	0.6108	0.18	99.21
20160725	0.8585	0.1688	98.97
20160726	1.241	0.1608	98.6
20160727	1.205	0.1608	98.63
20160728	1.205	0.1608	98.63
20160729	0.8967	0.1609	98.94
20160730	1.121	0.1784	98.7
20160731	1.898	0.2166	97.89
20160801	1.881	0.2169	97.9
20160802	3.059	0.1468	96.79
20160803	3.13	0.1149	96.76
20160804	2.114	0.7411	97.15
20160805	0.7255	0.6164	98.66
20160806	1.885	0.689	97.43
20160807	2.867	0.6723	96.46
20160808	2.867	0.6723	96.46
20160809	2.923	0.6855	96.39
20160810	1.419	0.3315	98.25
20160811	3.975	0.2899	95.74
20160812	4.437	0.3343	95.23
20160813	3.634	0.2028	96.16
20160814	4.336	0.1955	95.47
20160815	3.986	0.09143	95.92
20160816	0.5402	0.1785	99.28
20160817	0.1385	0.08277	99.78
20160818	0.2539	0.2045	99.54
20160819	0.5069	0.1807	99.31
20160820	0.3724	0.1639	99.46
20160821	0.3526	0.1639	99.48
20160822	0.1313	0.1074	99.76
20160823	1.78	0.1751	98.04
20160824	1.166	0.2117	98.62
20160825	1.134	0.2117	98.65
20160826	3.214	0.1353	96.65
20160827	3.214	0.1353	96.65
20160828	5.84	0.08674	94.07
20160829	5.528	0.0868	94.38
20160830	5.451	0.168	94.38
20160831	5.726	0.1569	94.12
20160901	5.726	0.1569	94.12
20160902	5.73	0.157	94.11
20160903	4.981	0.1436	94.88
20160904	nan	nan	nan
20160905	nan	nan	nan
20160906	nan	nan	nan
20160907	nan	nan	nan
20160908	nan	nan	nan
20160909	nan	nan	nan
20160910	nan	nan	nan
20160911	nan	nan	nan
20160912	nan	nan	nan
20160913	2.596	0.8339	96.57
20160914	2.538	0.8405	96.62
20160915	2.435	0.7214	96.84
20160916	1.763	0.1886	98.05
20160917	1.279	0.2132	98.51
20160918	1.17	0.2021	98.63
20160919	2.534	5.768	91.7
20160920	2.279	5.412	92.31
20160921	1.812	0.2188	97.97
20160922	0.2268	0.1695	99.6
20160923	1.632	0.3007	98.07
20160924	2.681	0.2586	97.06
20160925	2.681	0.2586	97.06
20160926	2.681	0.2586	97.06
20160927	4.789	0.1976	95.01
20160928	4.885	0.1895	94.93
20160929	5.982	0.2388	93.78
20160930	10.62	0.04332	89.34
20161001	11.41	0.08359	88.51
20161002	9.187	1.738	89.08
20161003	7.917	14.67	77.41
20161004	6.323	33.16	60.52
20161005	11.8	25.79	62.4
20161006	12.19	25.53	62.28
20161007	12.43	23.93	63.64
20161008	10.05	17.86	72.09
20161009	6.875	3.443	89.68
20161010	3.395	3.127	93.48
20161011	6.435	2.496	91.07
20161012	8.863	2.377	88.76
20161013	9.799	2.23	87.97
20161014	9.836	2.164	88.0
20161015	3.861	1.008	95.13
20161016	11.73	1.055	87.22
20161017	8.636	2.31	89.05
20161018	3.138	6.616	90.25
20161019	6.459	13.02	80.53
20161020	3.677	6.977	89.35
20161021	6.745	8.568	84.69
20161022	4.712	7.476	87.81
20161023	12.59	11.18	76.22
20161024	20.0	11.74	68.26
20161025	17.14	17.93	64.93
20161026	10.9	18.35	70.75
20161027	11.14	19.28	69.57
20161028	22.7	27.73	49.57
20161029	21.61	35.44	42.95
20161030	15.62	45.42	38.95
20161031	23.47	53.85	22.67
20161101	22.42	52.37	25.22
20161102	22.3	52.21	25.48
20161103	22.76	53.18	24.06
20161104	18.13	64.36	17.5
20161105	17.51	61.89	20.59
20161106	24.51	58.99	16.5
20161107	24.5	59.0	16.5
20161108	35.2	53.02	11.79
20161109	36.32	52.71	10.96
20161110	nan	nan	nan
20161111	nan	nan	nan
20161112	nan	nan	nan
20161113	nan	nan	nan
20161114	nan	nan	nan
20161115	nan	nan	nan
20161116	nan	nan	nan
20161117	nan	nan	nan
20161118	nan	nan	nan
20161119	nan	nan	nan
20161120	nan	nan	nan
20161121	nan	nan	nan
20161122	nan	nan	nan
20161123	nan	nan	nan
20161124	nan	nan	nan
20161125	nan	nan	nan
20161126	nan	nan	nan
20161127	nan	nan	nan
20161128	nan	nan	nan
20161129	nan	nan	nan
20161130	nan	nan	nan
20161201	nan	nan	nan
20161202	nan	nan	nan
20161203	nan	nan	nan
20161204	nan	nan	nan
20161205	nan	nan	nan
20161206	nan	nan	nan
20161207	nan	nan	nan
20161208	nan	nan	nan
20161209	nan	nan	nan
20161210	nan	nan	nan
20161211	nan	nan	nan
20161212	nan	nan	nan
20161213	nan	nan	nan
20161214	nan	nan	nan
20161215	nan	nan	nan
20161216	nan	nan	nan
20161217	nan	nan	nan
20161218	nan	nan	nan
20161219	nan	nan	nan
20161220	nan	nan	nan
20161221	nan	nan	nan
20161222	nan	nan	nan
20161223	nan	nan	nan
20161224	nan	nan	nan
20161225	nan	nan	nan
20161226	nan	nan	nan
20161227	nan	nan	nan
20161228	nan	nan	nan
20161229	nan	nan	nan
20161230	nan	nan	nan
20161231	nan	nan	nan
20170101	nan	nan	nan
20170102	nan	nan	nan
20170103	nan	nan	nan
20170104	nan	nan	nan
20170105	nan	nan	nan
20170106	nan	nan	nan
20170107	nan	nan	nan
20170108	nan	nan	nan
20170109	nan	nan	nan
20170110	nan	nan	nan
20170111	nan	nan	nan
20170112	nan	nan	nan
20170113	nan	nan	nan
20170114	nan	nan	nan
20170115	nan	nan	nan
20170116	nan	nan	nan
20170117	nan	nan	nan
20170118	nan	nan	nan
20170119	nan	nan	nan
20170120	nan	nan	nan
20170121	nan	nan	nan
20170122	nan	nan	nan
20170123	nan	nan	nan
20170124	nan	nan	nan
20170125	nan	nan	nan
20170126	nan	nan	nan
20170127	nan	nan	nan
20170128	nan	nan	nan
20170129	nan	nan	nan
20170130	nan	nan	nan
20170131	nan	nan	nan
20170201	nan	nan	nan
20170202	nan	nan	nan
20170203	nan	nan	nan
20170204	nan	nan	nan
20170205	nan	nan	nan
20170206	nan	nan	nan
20170207	nan	nan	nan
20170208	0.5991	98.68	0.7183
20170209	0.5426	99.09	0.3699
20170210	0.5426	99.09	0.3699
20170211	0.4424	99.18	0.3819
20170212	2.093	97.55	0.3615
20170213	28.44	70.98	0.5863
20170214	24.82	74.38	0.8048
20170215	24.91	74.32	0.7675
20170216	25.12	74.1	0.7736
20170217	25.2	74.03	0.7759
20170218	nan	nan	nan
20170219	11.85	87.92	0.2314
20170220	5.283	94.54	0.1737
20170221	3.606	96.29	0.1094
20170222	1.356	98.54	0.1041
20170223	1.368	98.53	0.1041
20170224	0.948	98.95	0.1045
20170225	0.2973	99.17	0.5339
20170226	nan	nan	nan
20170227	0.02588	99.71	0.2663
20170228	0.01624	99.77	0.2136
20170301	nan	nan	nan
20170302	0.01478	99.59	0.3999
20170303	0.01625	99.38	0.6074
20170304	0.03457	99.21	0.7511
20170305	0.03215	99.41	0.5596
20170306	0.005649	99.78	0.2171
20170307	0.005653	99.78	0.2172
20170308	0.01053	99.81	0.1775
20170309	0.008137	99.83	0.1579
20170310	0.008144	99.87	0.1173
20170311	0.004874	99.94	0.05605
20170312	0.01139	99.71	0.2799
20170313	0.01166	99.7	0.2865
20170314	nan	nan	nan
20170315	nan	nan	nan
20170316	nan	nan	nan
20170317	nan	nan	nan
20170318	nan	nan	nan
20170319	nan	nan	nan
20170320	nan	nan	nan
20170321	nan	nan	nan
20170322	nan	nan	nan
20170323	nan	nan	nan
20170324	nan	nan	nan
20170325	nan	nan	nan
20170326	nan	nan	nan
20170327	nan	nan	nan
20170328	nan	nan	nan
20170329	nan	nan	nan
20170330	nan	nan	nan
20170331	nan	nan	nan
20170401	nan	nan	nan
20170402	nan	nan	nan
20170403	nan	nan	nan
20170404	nan	nan	nan
20170405	nan	nan	nan
20170406	nan	nan	nan
20170407	nan	nan	nan
20170408	0.6212	99.34	0.0405
20170409	0.6425	99.32	0.04061
20170410	0.5556	99.4	0.0405
20170411	0.4613	99.5	0.04054
20170412	0.2291	99.77	0.0
20170413	0.03427	99.97	0.0
20170414	0.02448	99.98	0.0
20170415	nan	nan	nan
20170416	nan	nan	nan
20170417	nan	nan	nan
20170418	nan	nan	nan
20170419	nan	nan	nan
20170420	nan	nan	nan
20170421	nan	nan	nan
20170422	nan	nan	nan
20170423	nan	nan	nan
20170424	nan	nan	nan
20170425	nan	nan	nan
20170426	1.67	98.33	0.0
20170427	1.357	98.64	0.0
20170428	0.004774	100.0	0.0
20170429	0.07081	99.93	0.0
20170430	0.07081	99.93	0.0
20170501	0.1146	99.89	0.0
20170502	0.1583	99.84	0.0
20170503	2.674	97.31	0.01989
20170504	2.681	97.3	0.01989
20170505	52.78	47.17	0.05172
20170506	nan	nan	nan
20170507	nan	nan	nan
20170508	nan	nan	nan
20170509	nan	nan	nan
20170510	nan	nan	nan
20170511	nan	nan	nan
20170512	nan	nan	nan
20170513	nan	nan	nan
20170514	9.661	90.32	0.02054
20170515	16.82	83.18	0.0
20170516	8.001	92.0	0.0
20170517	13.36	86.64	0.0
20170518	19.58	80.14	0.2785
20170519	69.41	30.12	0.471
20170520	75.51	24.02	0.467
20170521	79.06	20.48	0.4654
20170522	79.04	20.49	0.467
20170523	77.73	21.62	0.6501
20170524	74.47	24.88	0.6501
20170525	79.39	19.94	0.6681
20170526	nan	nan	nan
20170527	68.13	28.03	3.847
20170528	73.38	22.75	3.868
20170529	73.09	23.03	3.878
20170530	72.69	23.43	3.881
20170531	70.34	25.97	3.691
20170601	73.99	22.33	3.682
20170602	70.37	25.75	3.88
20170603	22.64	72.49	4.867
20170604	37.51	57.62	4.866
20170605	33.52	61.6	4.884
20170606	61.67	33.55	4.779
20170607	42.31	50.53	7.154
20170608	43.66	43.49	12.85
20170609	43.44	39.75	16.81
20170610	38.98	37.65	23.37
20170611	37.47	38.02	24.51
20170612	30.28	43.53	26.19
20170613	31.26	40.04	28.7
20170614	nan	nan	nan
20170615	nan	nan	nan
20170616	nan	nan	nan
20170617	nan	nan	nan
20170618	nan	nan	nan
20170619	nan	nan	nan
20170620	nan	nan	nan
20170621	nan	nan	nan
20170622	nan	nan	nan
20170623	nan	nan	nan
20170624	nan	nan	nan
20170625	nan	nan	nan
20170626	nan	nan	nan
20170627	nan	nan	nan
20170628	nan	nan	nan
20170629	nan	nan	nan
20170630	nan	nan	nan
20170701	nan	nan	nan
20170702	18.55	0.9041	80.54
20170703	21.01	0.5604	78.43
20170704	21.1	0.5525	78.35
20170705	nan	nan	nan
20170706	19.34	0.6703	79.99
20170707	nan	nan	nan
20170708	nan	nan	nan
20170709	nan	nan	nan
20170710	nan	nan	nan
20170711	nan	nan	nan
20170712	nan	nan	nan
20170713	nan	nan	nan
20170714	nan	nan	nan
20170715	nan	nan	nan
20170716	nan	nan	nan
20170717	nan	nan	nan
20170718	nan	nan	nan
20170719	nan	nan	nan
20170720	nan	nan	nan
20170721	nan	nan	nan
20170722	nan	nan	nan
20170723	5.587	0.01224	94.4
20170724	5.992	0.03748	93.97
20170725	2.811	0.2184	96.97
20170726	3.76	0.1423	96.1
20170727	4.317	0.1967	95.49
20170728	3.437	0.2499	96.31
20170729	2.073	0.1392	97.79
20170730	4.795	0.1105	95.09
20170731	7.082	0.06399	92.85
20170801	7.783	0.06575	92.15
20170802	7.79	0.1278	92.08
20170803	8.567	0.03687	91.4
20170804	nan	nan	nan
20170805	nan	nan	nan
20170806	nan	nan	nan
20170807	nan	nan	nan
20170808	7.366	2.175	90.46
20170809	7.09	1.694	91.22
20170810	7.159	1.72	91.12
20170811	5.459	0.9982	93.54
20170812	5.502	0.8759	93.62
20170813	4.684	0.3252	94.99
20170814	5.438	0.5256	94.04
20170815	9.196	0.5009	90.3
20170816	5.351	0.4029	94.25
20170817	6.58	0.3388	93.08
20170818	6.559	0.3204	93.12
20170819	6.769	0.3161	92.91
20170820	nan	nan	nan
20170821	nan	nan	nan
20170822	nan	nan	nan
20170823	nan	nan	nan
20170824	nan	nan	nan
20170825	nan	nan	nan
20170826	nan	nan	nan
20170827	nan	nan	nan
20170828	nan	nan	nan
20170829	nan	nan	nan
20170830	nan	nan	nan
20170831	nan	nan	nan
20170901	nan	nan	nan
20170902	nan	nan	nan
20170903	nan	nan	nan
20170904	2.237	0.1967	97.57
20170905	2.831	0.1096	97.06
20170906	3.199	0.1409	96.66
20170907	1.64	0.2299	98.13
20170908	3.566	0.1503	96.28
20170909	3.558	0.1505	96.29
20170910	7.204	0.5236	92.27
20170911	6.996	1.045	91.96
20170912	7.772	9.269	82.96
20170913	7.888	9.345	82.77
20170914	nan	nan	nan
20170915	nan	nan	nan
20170916	nan	nan	nan
20170917	nan	nan	nan
20170918	nan	nan	nan
20170919	nan	nan	nan
20170920	nan	nan	nan
20170921	nan	nan	nan
20170922	nan	nan	nan
20170923	nan	nan	nan
20170924	4.978	0.1342	94.89
20170925	5.725	0.137	94.14
20170926	3.27	0.1699	96.56
20170927	1.855	0.0503	98.09
20170928	1.141	0.1903	98.67
20170929	1.265	0.1224	98.61
20170930	1.046	0.1448	98.81
20171001	0.7355	0.2031	99.06
20171002	1.516	0.149	98.33
20171003	1.738	0.8756	97.39
20171004	8.146	0.6849	91.17
20171005	8.231	0.5981	91.17
20171006	10.17	0.3855	89.45
20171007	10.47	1.633	87.9
20171008	nan	nan	nan
20171009	nan	nan	nan
20171010	nan	nan	nan
20171011	nan	nan	nan
20171012	nan	nan	nan
20171013	2.758	44.09	53.15
20171014	6.033	43.7	50.27
20171015	5.095	51.86	43.05
20171016	9.742	49.48	40.77
20171017	8.121	66.51	25.37
20171018	14.09	65.96	19.95
20171019	15.23	69.53	15.24
20171020	5.767	87.59	6.646
20171021	5.416	86.76	7.824
20171022	3.511	89.71	6.778
20171023	14.82	83.8	1.386
20171024	10.67	86.76	2.571
20171025	7.41	89.92	2.666
20171026	7.51	86.37	6.119
20171027	7.541	86.32	6.142
20171028	7.138	87.87	4.988
20171029	3.943	92.37	3.691
20171030	6.032	91.47	2.498
20171031	8.648	89.44	1.917
20171101	7.149	91.08	1.766
20171102	6.341	91.37	2.286
20171103	6.017	91.23	2.748
20171104	6.89	89.88	3.231
20171105	4.087	94.11	1.802
20171106	3.845	94.55	1.606
20171107	3.86	94.7	1.438
20171108	3.796	94.75	1.454
20171109	nan	nan	nan
20171110	nan	nan	nan
20171111	nan	nan	nan
20171112	nan	nan	nan
20171113	nan	nan	nan
20171114	nan	nan	nan
20171115	nan	nan	nan
20171116	nan	nan	nan
20171117	nan	nan	nan
20171118	nan	nan	nan
20171119	nan	nan	nan
20171120	nan	nan	nan
20171121	nan	nan	nan
20171122	nan	nan	nan
20171123	nan	nan	nan
20171124	nan	nan	nan
20171125	nan	nan	nan
20171126	nan	nan	nan
20171127	nan	nan	nan
20171128	nan	nan	nan
20171129	nan	nan	nan
20171130	nan	nan	nan
20171201	nan	nan	nan
20171202	nan	nan	nan
20171203	nan	nan	nan
20171204	nan	nan	nan
20171205	nan	nan	nan
20171206	nan	nan	nan
20171207	nan	nan	nan
20171208	nan	nan	nan
20171209	nan	nan	nan
20171210	nan	nan	nan
20171211	nan	nan	nan
20171212	nan	nan	nan
20171213	nan	nan	nan
20171214	nan	nan	nan
20171215	nan	nan	nan
20171216	nan	nan	nan
20171217	nan	nan	nan
20171218	nan	nan	nan
20171219	nan	nan	nan
20171220	nan	nan	nan
20171221	nan	nan	nan
20171222	nan	nan	nan
20171223	nan	nan	nan
20171224	nan	nan	nan
20171225	nan	nan	nan
20171226	nan	nan	nan
20171227	nan	nan	nan
20171228	nan	nan	nan
20171229	nan	nan	nan
20171230	nan	nan	nan
20171231	nan	nan	nan
20180101	nan	nan	nan
20180102	nan	nan	nan
20180103	nan	nan	nan
20180104	nan	nan	nan
20180105	nan	nan	nan
20180106	nan	nan	nan
20180107	nan	nan	nan
20180108	nan	nan	nan
20180109	nan	nan	nan
20180110	nan	nan	nan
20180111	nan	nan	nan
20180112	nan	nan	nan
20180113	nan	nan	nan
20180114	nan	nan	nan
20180115	nan	nan	nan
20180116	nan	nan	nan
20180117	nan	nan	nan
20180118	nan	nan	nan
20180119	nan	nan	nan
20180120	nan	nan	nan
20180121	nan	nan	nan
20180122	nan	nan	nan
20180123	nan	nan	nan
20180124	nan	nan	nan
20180125	nan	nan	nan
20180126	nan	nan	nan
20180127	nan	nan	nan
20180128	nan	nan	nan
20180129	nan	nan	nan
20180130	nan	nan	nan
20180131	nan	nan	nan
20180201	nan	nan	nan
20180202	nan	nan	nan
20180203	nan	nan	nan
20180204	nan	nan	nan
20180205	nan	nan	nan
20180206	nan	nan	nan
20180207	nan	nan	nan
20180208	nan	nan	nan
20180209	3.387	95.57	1.045
20180210	3.239	95.89	0.867
20180211	1.258	94.49	4.248
20180212	0.8991	93.02	6.081
20180213	7.552	89.76	2.687
20180214	3.406	89.72	6.869
20180215	6.736	87.29	5.971
20180216	9.733	88.33	1.934
20180217	1.998	97.52	0.4832
20180218	2.063	97.62	0.3197
20180219	7.022	92.36	0.6164
20180220	12.75	87.04	0.205
20180221	4.513	95.35	0.139
20180222	0.9237	98.95	0.1292
20180223	6.797	92.7	0.5029
20180224	6.443	93.27	0.2836
20180225	12.92	87.01	0.0703
20180226	10.65	88.74	0.6087
20180227	10.49	89.39	0.1162
20180228	11.43	88.45	0.1167
20180301	11.65	88.24	0.11
20180302	11.68	88.23	0.0897
20180303	11.78	88.13	0.09047
20180304	nan	nan	nan
20180305	nan	nan	nan
20180306	2.628	97.34	0.03614
20180307	nan	nan	nan
20180308	10.64	89.18	0.1769
20180309	14.69	85.31	0.0
20180310	13.45	86.55	0.0
20180311	11.73	88.26	0.005851
20180312	10.22	89.77	0.004104
20180313	6.324	93.49	0.1875
20180314	5.765	94.03	0.2006
20180315	6.288	93.71	0.0
20180316	16.86	83.14	0.0
20180317	17.43	82.57	0.0
20180318	14.85	85.03	0.1196
20180319	15.4	84.48	0.1181
20180320	13.53	86.37	0.09977
20180321	13.89	85.99	0.1197
20180322	13.94	85.93	0.1227
20180323	11.45	88.53	0.02665
20180324	10.53	89.47	0.0
20180325	10.55	89.45	0.0
20180326	10.12	89.88	0.0
20180327	9.098	90.9	0.0
20180328	11.4	88.58	0.02029
20180329	11.05	88.83	0.1225
20180330	nan	nan	nan
20180331	nan	nan	nan
20180401	nan	nan	nan
20180402	nan	nan	nan
20180403	0.9864	98.91	0.1023
20180404	3.628	96.27	0.1003
20180405	2.629	97.35	0.01659
20180406	2.77	97.21	0.01668
20180407	2.069	97.81	0.121
20180408	0.1406	99.82	0.04039
20180409	2.826	97.09	0.08083
20180410	3.206	96.71	0.08336
20180411	3.215	96.7	0.08434
20180412	1.581	98.4	0.02065
20180413	0.3267	99.65	0.02016
20180414	4.548	95.45	0.0
20180415	5.713	94.29	0.0
20180416	22.71	77.29	0.0
20180417	3.573	96.43	0.0
20180418	2.182	97.78	0.03978
20180419	3.033	96.93	0.03978
20180420	56.55	43.41	0.03978
20180421	66.61	33.36	0.03421
20180422	66.85	33.11	0.03342
20180423	61.61	37.98	0.4113
20180424	63.03	36.68	0.2928
20180425	nan	nan	nan
20180426	nan	nan	nan
20180427	nan	nan	nan
20180428	nan	nan	nan
20180429	nan	nan	nan
20180430	nan	nan	nan
20180501	nan	nan	nan
20180502	nan	nan	nan
20180503	nan	nan	nan
20180504	nan	nan	nan
20180505	nan	nan	nan
20180506	68.92	24.29	6.798
20180507	68.92	24.29	6.798
20180508	52.88	38.8	8.32
20180509	43.48	46.9	9.626
20180510	47.09	40.11	12.81
20180511	43.18	40.79	16.03
20180512	43.26	40.67	16.07
20180513	42.02	41.29	16.7
20180514	28.98	45.02	26.0
20180515	31.05	42.3	26.65
20180516	29.33	37.32	33.35
20180517	23.07	35.19	41.75
20180518	nan	nan	nan
20180519	nan	nan	nan
20180520	nan	nan	nan
20180521	nan	nan	nan
20180522	nan	nan	nan
20180523	nan	nan	nan
20180524	nan	nan	nan
20180525	nan	nan	nan
20180526	nan	nan	nan
20180527	nan	nan	nan
20180528	nan	nan	nan
20180529	nan	nan	nan
20180530	nan	nan	nan
20180531	nan	nan	nan
20180601	nan	nan	nan
20180602	nan	nan	nan
20180603	nan	nan	nan
20180604	nan	nan	nan
20180605	nan	nan	nan
20180606	nan	nan	nan
20180607	nan	nan	nan
20180608	nan	nan	nan
20180609	nan	nan	nan
20180610	nan	nan	nan
20180611	nan	nan	nan
20180612	nan	nan	nan
20180613	nan	nan	nan
20180614	nan	nan	nan
20180615	nan	nan	nan
20180616	nan	nan	nan
20180617	13.12	0.7631	86.12
20180618	13.03	0.7326	86.24
20180619	13.47	0.731	85.8
20180620	14.57	3.414	82.01
20180621	15.08	3.395	81.52
20180622	14.96	3.4	81.64
20180623	14.95	3.522	81.53
20180624	nan	nan	nan
20180625	nan	nan	nan
20180626	nan	nan	nan
20180627	nan	nan	nan
20180628	nan	nan	nan
20180629	nan	nan	nan
20180630	nan	nan	nan
20180701	5.582	0.8039	93.61
20180702	3.972	0.5585	95.47
20180703	4.673	0.441	94.89
20180704	5.94	0.3923	93.67
20180705	7.319	0.2979	92.38
20180706	7.293	0.2979	92.41
20180707	7.269	0.2983	92.43
20180708	4.7	0.07744	95.22
20180709	nan	nan	nan
20180710	2.795	0.3595	96.85
20180711	1.269	0.4417	98.29
20180712	1.19	0.3854	98.42
20180713	0.6482	0.3058	99.05
20180714	0.8552	0.1951	98.95
20180715	1.052	0.2565	98.69
20180716	0.9086	0.2238	98.87
20180717	0.7326	0.1951	99.07
20180718	0.3638	0.0836	99.55
20180719	1.008	0.1504	98.84
20180720	0.3846	0.04947	99.57
20180721	1.021	0.08374	98.9
20180722	1.558	0.1155	98.33
20180723	1.7	0.1235	98.18
20180724	1.746	0.1238	98.13
20180725	2.306	0.155	97.54
20180726	1.335	0.1103	98.56
20180727	0.9718	0.2241	98.8
20180728	0.3109	0.2733	99.42
20180729	0.5422	0.1413	99.32
20180730	0.545	0.3212	99.13
20180731	0.318	0.2245	99.46
20180801	0.2035	0.08061	99.72
20180802	1.674	0.03991	98.29
20180803	2.431	0.1919	97.38
20180804	2.501	0.1927	97.31
20180805	2.041	0.1684	97.79
20180806	2.029	0.208	97.76
20180807	2.255	0.1788	97.57
20180808	2.059	0.2027	97.74
20180809	2.149	0.6072	97.24
20180810	3.468	0.5606	95.97
20180811	3.64	0.5597	95.8
20180812	4.811	0.5549	94.63
20180813	4.87	0.7038	94.43
20180814	5.481	1.088	93.43
20180815	nan	nan	nan
20180816	nan	nan	nan
20180817	nan	nan	nan
20180818	nan	nan	nan
20180819	nan	nan	nan
20180820	nan	nan	nan
20180821	nan	nan	nan
20180822	5.12	0.3097	94.57
20180823	4.02	0.2244	95.76
20180824	4.788	0.2474	94.96
20180825	4.92	0.2523	94.83
20180826	4.021	0.2399	95.74
20180827	3.728	0.2085	96.06
20180828	1.404	0.2339	98.36
20180829	1.677	0.1888	98.13
20180830	3.241	0.2065	96.55
20180831	3.097	0.04982	96.85
20180901	2.459	0.2202	97.32
20180902	3.133	0.2788	96.59
20180903	3.86	0.2268	95.91
20180904	2.19	0.2222	97.59
20180905	1.28	0.1898	98.53
20180906	0.5708	0.03437	99.39
20180907	1.48	0.1247	98.39
20180908	2.095	0.1324	97.77
20180909	0.7728	0.1928	99.03
20180910	0.8134	0.0964	99.09
20180911	1.21	0.2294	98.56
20180912	2.143	0.1171	97.74
20180913	2.726	0.2152	97.06
20180914	2.815	1.001	96.18
20180915	5.455	0.9351	93.61
20180916	nan	nan	nan
20180917	nan	nan	nan
20180918	nan	nan	nan
20180919	nan	nan	nan
20180920	nan	nan	nan
20180921	nan	nan	nan
20180922	5.332	9.903	84.76
20180923	7.045	9.846	83.11
20180924	nan	nan	nan
20180925	nan	nan	nan
20180926	nan	nan	nan
20180927	nan	nan	nan
20180928	8.867	52.88	38.25
20180929	nan	nan	nan
20180930	nan	nan	nan
20181001	nan	nan	nan
20181002	nan	nan	nan
20181003	11.78	73.76	14.46
20181004	10.81	72.93	16.26
20181005	nan	nan	nan
20181006	nan	nan	nan
20181007	nan	nan	nan
20181008	nan	nan	nan
20181009	nan	nan	nan
20181010	nan	nan	nan
20181011	nan	nan	nan
20181012	nan	nan	nan
20181013	nan	nan	nan
20181014	nan	nan	nan
20181015	nan	nan	nan
20181016	nan	nan	nan
20181017	17.92	20.46	61.62
20181018	18.94	15.95	65.1
20181019	18.44	31.32	50.24
20181020	17.6	33.48	48.92
20181021	18.91	42.52	38.57
20181022	15.95	47.56	36.5
20181023	22.69	47.52	29.79
20181024	4.898	68.42	26.68
20181025	27.31	55.85	16.84
20181026	32.67	54.36	12.97
20181027	16.0	71.86	12.14
20181028	12.72	70.31	16.97
20181029	14.12	71.18	14.7
20181030	49.47	47.98	2.552
20181031	54.13	43.79	2.073
20181101	19.64	75.52	4.833
20181102	25.62	69.71	4.664
20181103	20.76	74.66	4.587
20181104	44.66	51.46	3.875
20181105	43.56	52.43	4.013
20181106	34.99	58.77	6.241
20181107	36.59	57.28	6.131
20181108	nan	nan	nan
20181109	nan	nan	nan
20181110	nan	nan	nan
20181111	nan	nan	nan
20181112	nan	nan	nan
20181113	nan	nan	nan
20181114	nan	nan	nan
20181115	nan	nan	nan
20181116	nan	nan	nan
20181117	nan	nan	nan
20181118	nan	nan	nan
20181119	nan	nan	nan
20181120	nan	nan	nan
20181121	nan	nan	nan
20181122	nan	nan	nan
20181123	nan	nan	nan
20181124	nan	nan	nan
20181125	nan	nan	nan
20181126	nan	nan	nan
20181127	nan	nan	nan
20181128	nan	nan	nan
20181129	nan	nan	nan
20181130	nan	nan	nan
20181201	nan	nan	nan
20181202	nan	nan	nan
20181203	nan	nan	nan
20181204	nan	nan	nan
20181205	nan	nan	nan
20181206	nan	nan	nan
20181207	nan	nan	nan
20181208	nan	nan	nan
20181209	nan	nan	nan
20181210	nan	nan	nan
20181211	nan	nan	nan
20181212	nan	nan	nan
20181213	nan	nan	nan
20181214	nan	nan	nan
20181215	nan	nan	nan
20181216	nan	nan	nan
20181217	nan	nan	nan
20181218	nan	nan	nan
20181219	nan	nan	nan
20181220	nan	nan	nan
20181221	nan	nan	nan
20181222	nan	nan	nan
20181223	nan	nan	nan
20181224	nan	nan	nan
20181225	nan	nan	nan
20181226	nan	nan	nan
20181227	nan	nan	nan
20181228	nan	nan	nan
20181229	nan	nan	nan
20181230	nan	nan	nan
20181231	nan	nan	nan
20190101	nan	nan	nan
20190102	nan	nan	nan
20190103	nan	nan	nan
20190104	nan	nan	nan
20190105	nan	nan	nan
20190106	nan	nan	nan
20190107	nan	nan	nan
20190108	nan	nan	nan
20190109	nan	nan	nan
20190110	nan	nan	nan
20190111	nan	nan	nan
20190112	nan	nan	nan
20190113	nan	nan	nan
20190114	nan	nan	nan
20190115	nan	nan	nan
20190116	nan	nan	nan
20190117	nan	nan	nan
20190118	nan	nan	nan
20190119	nan	nan	nan
20190120	nan	nan	nan
20190121	nan	nan	nan
20190122	nan	nan	nan
20190123	nan	nan	nan
20190124	nan	nan	nan
20190125	nan	nan	nan
20190126	nan	nan	nan
20190127	nan	nan	nan
20190128	nan	nan	nan
20190129	nan	nan	nan
20190130	nan	nan	nan
20190131	nan	nan	nan
20190201	nan	nan	nan
20190202	nan	nan	nan
20190203	nan	nan	nan
20190204	nan	nan	nan
20190205	nan	nan	nan
20190206	18.62	80.91	0.4731
20190207	15.41	83.27	1.325
20190208	36.18	63.68	0.1464
20190209	9.824	89.78	0.3981
20190210	38.55	61.39	0.05573
20190211	41.07	58.9	0.03742
20190212	26.8	72.88	0.3193
20190213	21.83	77.22	0.9517
20190214	15.02	83.55	1.434
20190215	10.86	88.44	0.6968
20190216	12.2	87.09	0.7157
20190217	3.54	95.45	1.009
20190218	4.741	94.49	0.7662
20190219	4.354	94.88	0.7621
20190220	16.44	82.87	0.688
20190221	6.107	93.18	0.7102
20190222	16.34	83.16	0.5002
20190223	29.12	69.77	1.109
20190224	45.25	54.28	0.4655
20190225	48.85	50.03	1.119
20190226	54.17	44.84	0.9873
20190227	49.21	49.93	0.8633
20190228	nan	nan	nan
20190301	nan	nan	nan
20190302	nan	nan	nan
20190303	nan	nan	nan
20190304	nan	nan	nan
20190305	nan	nan	nan
20190306	nan	nan	nan
20190307	nan	nan	nan
20190308	nan	nan	nan
20190309	nan	nan	nan
20190310	nan	nan	nan
20190311	nan	nan	nan
20190312	nan	nan	nan
20190313	nan	nan	nan
20190314	nan	nan	nan
20190315	nan	nan	nan
20190316	nan	nan	nan
20190317	nan	nan	nan
20190318	nan	nan	nan
20190319	nan	nan	nan
20190320	nan	nan	nan
20190321	nan	nan	nan
20190322	nan	nan	nan
20190323	nan	nan	nan
20190324	nan	nan	nan
20190325	nan	nan	nan
20190326	nan	nan	nan
20190327	nan	nan	nan
20190328	nan	nan	nan
20190329	nan	nan	nan
20190330	nan	nan	nan
20190331	nan	nan	nan
20190401	nan	nan	nan
20190402	nan	nan	nan
20190403	nan	nan	nan
20190404	nan	nan	nan
20190405	1.157	98.82	0.02055
20190406	0.01035	99.99	0.0
20190407	0.05175	99.95	0.0
20190408	0.02946	99.97	0.0
20190409	0.04061	99.96	0.0
20190410	0.1027	99.9	0.0
20190411	0.1568	99.84	0.0
20190412	0.1966	99.8	0.0
20190413	0.2116	99.79	0.0
20190414	0.1973	99.78	0.02164
20190415	3.631	96.35	0.021
20190416	3.074	96.9	0.02064
20190417	nan	nan	nan
20190418	nan	nan	nan
20190419	nan	nan	nan
20190420	nan	nan	nan
20190421	76.15	23.83	0.02157
20190422	54.37	45.61	0.02092
20190423	63.53	36.36	0.1122
20190424	69.27	30.62	0.1081
20190425	47.17	52.31	0.5217
20190426	20.85	0.0	79.15
20190427	50.48	0.0358	49.48
20190428	52.0	42.78	5.215
20190429	51.49	43.02	5.491
20190430	52.31	42.26	5.431
20190501	65.4	29.51	5.09
20190502	65.52	29.39	5.09
20190503	67.26	30.16	2.585
20190504	63.66	34.25	2.09
20190505	59.49	38.4	2.107
20190506	nan	nan	nan
20190507	nan	nan	nan
20190508	nan	nan	nan
20190509	38.33	59.22	2.459
20190510	63.36	34.4	2.236
20190511	59.46	35.16	5.38
20190512	61.14	33.4	5.453
20190513	64.33	30.25	5.422
20190514	63.77	30.41	5.82
20190515	61.01	32.53	6.458
20190516	nan	nan	nan
20190517	51.43	38.83	9.744
20190518	52.54	33.16	14.3
20190519	38.82	45.38	15.81
20190520	40.05	44.03	15.92
20190521	40.7	43.35	15.95
20190522	nan	nan	nan
20190523	nan	nan	nan
20190524	nan	nan	nan
20190525	nan	nan	nan
20190526	nan	nan	nan
20190527	nan	nan	nan
20190528	nan	nan	nan
20190529	nan	nan	nan
20190530	nan	nan	nan
20190531	nan	nan	nan
20190601	nan	nan	nan
20190602	nan	nan	nan
20190603	nan	nan	nan
20190604	nan	nan	nan
20190605	nan	nan	nan
20190606	nan	nan	nan
20190607	nan	nan	nan
20190608	nan	nan	nan
20190609	nan	nan	nan
20190610	nan	nan	nan
20190611	nan	nan	nan
20190612	nan	nan	nan
20190613	5.516	0.0	94.48
20190614	12.99	0.144	86.87
20190615	13.58	0.1655	86.26
20190616	14.73	0.1496	85.12
20190617	14.01	0.3031	85.69
20190618	15.32	0.2498	84.43
20190619	15.17	0.2451	84.59
20190620	15.51	0.2766	84.22
20190621	16.04	0.2381	83.72
20190622	17.29	0.1145	82.6
20190623	nan	nan	nan
20190624	nan	nan	nan
20190625	nan	nan	nan
20190626	nan	nan	nan
20190627	nan	nan	nan
20190628	nan	nan	nan
20190629	nan	nan	nan
20190630	nan	nan	nan
20190701	nan	nan	nan
20190702	nan	nan	nan
20190703	nan	nan	nan
20190704	13.25	0.0008451	86.75
20190705	15.73	0.0008342	84.26
20190706	15.81	0.0008354	84.19
20190707	16.39	0.0008665	83.61
20190708	10.51	0.4183	89.08
20190709	7.038	0.3326	92.63
20190710	8.557	0.2359	91.21
20190711	7.88	0.2798	91.84
20190712	6.951	0.2545	92.79
20190713	3.041	0.1355	96.82
20190714	4.129	0.09533	95.78
20190715	4.219	0.05394	95.73
20190716	8.864	0.007593	91.13
20190717	10.92	0.02691	89.06
20190718	9.938	0.002481	90.06
20190719	5.736	0.0008126	94.26
20190720	3.289	0.05623	96.66
20190721	4.106	0.0606	95.83
20190722	3.259	0.221	96.52
20190723	2.893	0.2361	96.87
20190724	2.831	0.2362	96.93
20190725	2.513	0.2373	97.25
20190726	0.5883	0.06936	99.34
20190727	0.2756	0.06532	99.66
20190728	0.07726	0.04301	99.88
20190729	0.03108	0.0007969	99.97
20190730	0.003186	0.0	100.0
20190731	0.003186	0.0	100.0
20190801	0.4784	0.2022	99.32
20190802	0.667	0.1576	99.18
20190803	0.8182	0.1162	99.07
20190804	0.5763	0.1703	99.25
20190805	0.9441	0.1067	98.95
20190806	0.4836	0.03346	99.48
20190807	0.9018	0.1068	98.99
20190808	1.08	0.09416	98.83
20190809	2.165	0.03912	97.8
20190810	5.001	0.06555	94.93
20190811	5.033	0.08349	94.88
20190812	nan	nan	nan
20190813	nan	nan	nan
20190814	nan	nan	nan
20190815	nan	nan	nan
20190816	nan	nan	nan
20190817	6.183	0.1891	93.63
20190818	5.804	1.495	92.7
20190819	6.155	1.558	92.29
20190820	5.164	1.416	93.42
20190821	3.572	0.8484	95.58
20190822	5.78	0.6174	93.6
20190823	5.777	0.6235	93.6
20190824	nan	nan	nan
20190825	nan	nan	nan
20190826	nan	nan	nan
20190827	nan	nan	nan
20190828	1.896	0.2604	97.84
20190829	3.474	0.1724	96.35
20190830	3.462	0.1727	96.37
20190831	3.436	0.6495	95.91
20190901	2.446	0.1568	97.4
20190902	4.145	0.2449	95.61
20190903	5.557	0.1109	94.33
20190904	4.17	0.4173	95.41
20190905	4.773	0.4174	94.81
20190906	7.049	0.3177	92.63
20190907	6.777	0.6546	92.57
20190908	7.893	0.4216	91.69
20190909	4.237	0.3501	95.41
20190910	4.286	0.3763	95.34
20190911	3.332	0.3247	96.34
20190912	5.293	0.9836	93.72
20190913	5.536	2.16	92.3
20190914	6.159	2.351	91.49
20190915	9.592	2.324	88.08
20190916	nan	nan	nan
20190917	nan	nan	nan
20190918	nan	nan	nan
20190919	nan	nan	nan
20190920	nan	nan	nan
20190921	nan	nan	nan
20190922	nan	nan	nan
20190923	nan	nan	nan
20190924	nan	nan	nan
20190925	nan	nan	nan
20190926	12.01	21.99	65.99
20190927	12.6	5.371	82.03
20190928	5.733	2.674	91.59
20190929	6.897	2.555	90.55
20190930	7.191	4.766	88.04
20191001	12.11	6.605	81.28
20191002	13.69	19.02	67.28
20191003	13.64	19.07	67.29
20191004	10.42	51.62	37.95
20191005	nan	nan	nan
20191006	nan	nan	nan
20191007	nan	nan	nan
20191008	nan	nan	nan
20191009	nan	nan	nan
20191010	nan	nan	nan
20191011	nan	nan	nan
20191012	nan	nan	nan
20191013	nan	nan	nan
20191014	18.18	77.79	4.032
20191015	9.033	89.82	1.151
20191016	22.18	77.27	0.544
20191017	15.29	78.46	6.254
20191018	16.15	77.73	6.115
20191019	10.2	85.53	4.264
20191020	27.32	71.8	0.8822
20191021	32.59	66.6	0.8085
20191022	31.81	67.32	0.8705
20191023	29.41	69.12	1.476
20191024	29.78	69.22	1.001
20191025	nan	nan	nan
20191026	8.002	67.98	24.02
20191027	6.11	78.9	14.99
20191028	21.33	75.5	3.169
20191029	19.14	77.11	3.745
20191030	23.28	76.28	0.4392
20191031	13.69	85.89	0.4209
20191101	18.46	81.2	0.3366
20191102	20.69	78.86	0.4436
20191103	3.418	96.56	0.02628
20191104	3.631	96.3	0.07257
20191105	12.14	87.58	0.2814
20191106	18.23	81.5	0.2675
20191107	17.1	82.44	0.4615
20191108	17.13	82.41	0.4615
20191109	22.39	77.18	0.4318
20191110	nan	nan	nan
20191111	nan	nan	nan
20191112	nan	nan	nan
20191113	nan	nan	nan
20191114	nan	nan	nan
20191115	nan	nan	nan
20191116	nan	nan	nan
20191117	nan	nan	nan
20191118	nan	nan	nan
20191119	nan	nan	nan
20191120	nan	nan	nan
20191121	nan	nan	nan
20191122	nan	nan	nan
20191123	nan	nan	nan
20191124	nan	nan	nan
20191125	nan	nan	nan
20191126	nan	nan	nan
20191127	nan	nan	nan
20191128	nan	nan	nan
20191129	nan	nan	nan
20191130	nan	nan	nan
20191201	nan	nan	nan
20191202	nan	nan	nan
20191203	nan	nan	nan
20191204	nan	nan	nan
20191205	nan	nan	nan
20191206	nan	nan	nan
20191207	nan	nan	nan
20191208	nan	nan	nan
20191209	nan	nan	nan
20191210	nan	nan	nan
20191211	nan	nan	nan
20191212	nan	nan	nan
20191213	nan	nan	nan
20191214	nan	nan	nan
20191215	nan	nan	nan
20191216	nan	nan	nan
20191217	nan	nan	nan
20191218	nan	nan	nan
20191219	nan	nan	nan
20191220	nan	nan	nan
20191221	nan	nan	nan
20191222	nan	nan	nan
20191223	nan	nan	nan
20191224	nan	nan	nan
20191225	nan	nan	nan
20191226	nan	nan	nan
20191227	nan	nan	nan
20191228	nan	nan	nan
20191229	nan	nan	nan
20191230	nan	nan	nan
20191231	nan	nan	nan
20200101	nan	nan	nan
20200102	nan	nan	nan
20200103	nan	nan	nan
20200104	nan	nan	nan
20200105	nan	nan	nan
20200106	nan	nan	nan
20200107	nan	nan	nan
20200108	nan	nan	nan
20200109	nan	nan	nan
20200110	nan	nan	nan
20200111	nan	nan	nan
20200112	nan	nan	nan
20200113	nan	nan	nan
20200114	nan	nan	nan
20200115	nan	nan	nan
20200116	nan	nan	nan
20200117	nan	nan	nan
20200118	nan	nan	nan
20200119	nan	nan	nan
20200120	nan	nan	nan
20200121	nan	nan	nan
20200122	nan	nan	nan
20200123	nan	nan	nan
20200124	nan	nan	nan
20200125	nan	nan	nan
20200126	nan	nan	nan
20200127	nan	nan	nan
20200128	nan	nan	nan
20200129	nan	nan	nan
20200130	nan	nan	nan
20200131	nan	nan	nan
20200201	nan	nan	nan
20200202	nan	nan	nan
20200203	nan	nan	nan
20200204	nan	nan	nan
20200205	nan	nan	nan
20200206	nan	nan	nan
20200207	nan	nan	nan
20200208	nan	nan	nan
20200209	nan	nan	nan
20200210	nan	nan	nan
20200211	nan	nan	nan
20200212	nan	nan	nan
20200213	0.1482	99.1	0.7489
20200214	nan	nan	nan
20200215	nan	nan	nan
20200216	nan	nan	nan
20200217	0.147	98.27	1.583
20200218	0.1499	98.57	1.283
20200219	0.1223	98.85	1.031
20200220	0.1266	98.81	1.068
20200221	0.09011	97.73	2.181
20200222	0.1106	97.47	2.419
20200223	0.02468	97.18	2.795
20200224	0.01456	98.07	1.911
20200225	0.002559	98.62	1.379
20200226	nan	nan	nan
20200227	nan	nan	nan
20200228	nan	nan	nan
20200229	nan	nan	nan
20200301	nan	nan	nan
20200302	nan	nan	nan
20200303	nan	nan	nan
20200304	nan	nan	nan
20200305	nan	nan	nan
20200306	nan	nan	nan
20200307	nan	nan	nan
20200308	nan	nan	nan
20200309	nan	nan	nan
20200310	nan	nan	nan
20200311	nan	nan	nan
20200312	nan	nan	nan
20200313	nan	nan	nan
20200314	nan	nan	nan
20200315	nan	nan	nan
20200316	nan	nan	nan
20200317	nan	nan	nan
20200318	nan	nan	nan
20200319	nan	nan	nan
20200320	nan	nan	nan
20200321	nan	nan	nan
20200322	nan	nan	nan
20200323	nan	nan	nan
20200324	nan	nan	nan
20200325	nan	nan	nan
20200326	nan	nan	nan
20200327	nan	nan	nan
20200328	nan	nan	nan
20200329	nan	nan	nan
20200330	nan	nan	nan
20200331	nan	nan	nan
20200401	nan	nan	nan
20200402	nan	nan	nan
20200403	nan	nan	nan
20200404	nan	nan	nan
20200405	0.2415	99.72	0.04312
20200406	0.2591	99.7	0.04332
20200407	0.2604	99.7	0.04355
20200408	nan	nan	nan
20200409	0.4326	99.55	0.02203
20200410	nan	nan	nan
20200411	nan	nan	nan
20200412	nan	nan	nan
20200413	nan	nan	nan
20200414	nan	nan	nan
20200415	nan	nan	nan
20200416	0.03693	99.96	0.0
20200417	0.1497	99.83	0.02126
20200418	0.1623	99.82	0.02114
20200419	3.101	96.87	0.02697
20200420	13.6	86.37	0.02697
20200421	18.2	81.8	0.0
20200422	19.54	80.46	0.0
20200423	22.04	77.96	0.0
20200424	12.95	87.01	0.04127
20200425	13.04	86.92	0.04128
20200426	12.99	86.97	0.04128
20200427	13.36	86.59	0.04263
20200428	nan	nan	nan
20200429	3.085	96.92	0.0
20200430	3.26	96.74	0.0
20200501	3.428	96.57	0.0
20200502	nan	nan	nan
20200503	nan	nan	nan
20200504	nan	nan	nan
20200505	nan	nan	nan
20200506	nan	nan	nan
20200507	nan	nan	nan
20200508	nan	nan	nan
20200509	nan	nan	nan
20200510	nan	nan	nan
20200511	nan	nan	nan
20200512	nan	nan	nan
20200513	2.476	97.52	0.0
20200514	2.27	97.73	0.0
20200515	2.419	97.58	0.0
20200516	5.021	94.98	0.0
20200517	4.345	95.66	0.0
20200518	2.176	97.82	0.0
20200519	2.383	97.54	0.07982
20200520	2.404	97.52	0.08031
20200521	62.1	37.24	0.6592
20200522	52.05	47.5	0.4498
20200523	81.71	17.31	0.9748
20200524	81.2	17.53	1.275
20200525	70.53	27.78	1.689
20200526	69.69	28.62	1.689
20200527	73.61	24.08	2.313
20200528	76.54	21.17	2.293
20200529	77.64	20.09	2.276
20200530	74.86	22.95	2.186
20200531	77.16	20.7	2.14
20200601	66.82	30.4	2.787
20200602	72.44	24.79	2.768
20200603	nan	nan	nan
20200604	nan	nan	nan
20200605	57.45	35.73	6.819
20200606	58.43	34.65	6.929
20200607	52.89	33.17	13.94
20200608	45.58	37.52	16.91
20200609	47.05	35.99	16.95
20200610	36.99	44.79	18.22
20200611	37.41	43.71	18.87
20200612	nan	nan	nan
20200613	30.57	28.61	40.81
20200614	30.95	29.22	39.84
20200615	nan	nan	nan
20200616	27.64	26.4	45.96
20200617	25.09	12.05	62.86
20200618	23.75	12.45	63.81
20200619	22.8	8.951	68.25
20200620	17.84	4.946	77.21
20200621	16.24	2.865	80.9
20200622	15.95	2.207	81.84
20200623	14.52	1.814	83.67
20200624	17.15	1.752	81.1
20200625	16.97	1.591	81.44
20200626	17.58	1.103	81.32
20200627	13.23	1.521	85.25
20200628	12.99	0.9754	86.03
20200629	13.09	0.7477	86.16
20200630	14.95	0.4342	84.61
20200701	15.35	8.521	76.13
20200702	20.54	8.844	70.62
20200703	17.64	1.578	80.79
20200704	19.43	2.561	78.01
20200705	20.03	0.9027	79.07
20200706	18.72	0.1902	81.09
20200707	18.37	0.1694	81.46
20200708	18.8	0.1761	81.02
20200709	18.27	0.1762	81.56
20200710	18.4	0.1548	81.45
20200711	18.41	0.278	81.31
20200712	18.35	0.2788	81.37
20200713	nan	nan	nan
20200714	nan	nan	nan
20200715	nan	nan	nan
20200716	nan	nan	nan
20200717	nan	nan	nan
20200718	nan	nan	nan
20200719	4.069	0.01149	95.92
20200720	nan	nan	nan
20200721	nan	nan	nan
20200722	nan	nan	nan
20200723	nan	nan	nan
20200724	nan	nan	nan
20200725	nan	nan	nan
20200726	nan	nan	nan
20200727	nan	nan	nan
20200728	nan	nan	nan
20200729	nan	nan	nan
20200730	1.79	0.01236	98.2
20200731	0.7003	0.0	99.3
20200801	1.511	0.1139	98.38
20200802	1.538	0.1011	98.36
20200803	1.481	0.07686	98.44
20200804	1.712	0.1145	98.17
20200805	4.282	0.2608	95.46
20200806	1.018	0.01757	98.96
20200807	1.029	0.1421	98.83
20200808	0.8467	0.1436	99.01
20200809	3.806	0.08053	96.11
20200810	4.875	0.1245	95.0
20200811	6.706	0.07253	93.22
20200812	4.273	0.03988	95.69
20200813	6.139	0.05348	93.81
20200814	6.284	0.05203	93.66
20200815	5.572	0.07249	94.36
20200816	11.27	0.007242	88.72
20200817	11.42	0.001608	88.57
20200818	nan	nan	nan
20200819	3.363	0.3275	96.31
20200820	3.819	0.2799	95.9
20200821	3.128	0.1514	96.72
20200822	3.637	0.2077	96.16
20200823	4.937	0.4242	94.64
20200824	4.685	0.4251	94.89
20200825	5.65	0.217	94.13
20200826	nan	nan	nan
20200827	nan	nan	nan
20200828	nan	nan	nan
20200829	nan	nan	nan
20200830	nan	nan	nan
20200831	nan	nan	nan
20200901	nan	nan	nan
20200902	nan	nan	nan
20200903	2.269	0.3019	97.43
20200904	4.171	0.2266	95.6
20200905	3.935	0.2269	95.84
20200906	5.857	0.1747	93.97
20200907	4.529	0.1487	95.32
20200908	5.102	0.08387	94.81
20200909	6.19	0.1064	93.7
20200910	nan	nan	nan
20200911	nan	nan	nan
20200912	nan	nan	nan
20200913	nan	nan	nan
20200914	nan	nan	nan
20200915	nan	nan	nan
20200916	nan	nan	nan
20200917	nan	nan	nan
20200918	nan	nan	nan
20200919	nan	nan	nan
20200920	17.4	17.78	64.81
20200921	16.79	25.46	57.75
20200922	16.44	19.65	63.91
20200923	16.23	21.32	62.45
20200924	13.79	11.65	74.55
20200925	13.58	11.37	75.05
20200926	16.9	10.05	73.04
20200927	4.454	25.24	70.3
20200928	17.73	11.0	71.27
20200929	15.01	8.182	76.81
20200930	17.13	7.376	75.5
20201001	11.78	4.01	84.21
20201002	11.08	2.724	86.2
20201003	10.93	2.431	86.64
20201004	9.548	5.495	84.96
20201005	4.973	1.721	93.31
20201006	7.622	4.749	87.63
20201007	7.501	8.742	83.76
20201008	nan	nan	nan
20201009	nan	nan	nan
20201010	8.024	14.79	77.19
20201011	nan	nan	nan
20201012	nan	nan	nan
20201013	nan	nan	nan
20201014	nan	nan	nan
20201015	nan	nan	nan
20201016	nan	nan	nan
20201017	nan	nan	nan
20201018	nan	nan	nan
20201019	nan	nan	nan
20201020	5.492	94.12	0.3839
20201021	3.662	95.32	1.014
20201022	9.258	89.89	0.848
20201023	9.123	90.09	0.791
20201024	10.62	88.64	0.7456
20201025	8.016	90.97	1.013
20201026	8.135	90.86	1.01
20201027	nan	nan	nan
20201028	nan	nan	nan
20201029	nan	nan	nan
20201030	nan	nan	nan
20201031	nan	nan	nan
20201101	nan	nan	nan
20201102	nan	nan	nan
20201103	nan	nan	nan
20201104	nan	nan	nan
20201105	nan	nan	nan
20201106	nan	nan	nan
20201107	nan	nan	nan
20201108	nan	nan	nan
20201109	nan	nan	nan
20201110	nan	nan	nan
20201111	nan	nan	nan
20201112	nan	nan	nan
20201113	nan	nan	nan
20201114	nan	nan	nan
20201115	nan	nan	nan
20201116	nan	nan	nan
20201117	nan	nan	nan
20201118	nan	nan	nan
20201119	nan	nan	nan
20201120	nan	nan	nan
20201121	nan	nan	nan
20201122	nan	nan	nan
20201123	nan	nan	nan
20201124	nan	nan	nan
20201125	nan	nan	nan
20201126	nan	nan	nan
20201127	nan	nan	nan
20201128	nan	nan	nan
20201129	nan	nan	nan
20201130	nan	nan	nan
20201201	nan	nan	nan
20201202	nan	nan	nan
20201203	nan	nan	nan
20201204	nan	nan	nan
20201205	nan	nan	nan
20201206	nan	nan	nan
20201207	nan	nan	nan
20201208	nan	nan	nan
20201209	nan	nan	nan
20201210	nan	nan	nan
20201211	nan	nan	nan
20201212	nan	nan	nan
20201213	nan	nan	nan
20201214	nan	nan	nan
20201215	nan	nan	nan
20201216	nan	nan	nan
20201217	nan	nan	nan
20201218	nan	nan	nan
20201219	nan	nan	nan
20201220	nan	nan	nan
20201221	nan	nan	nan
20201222	nan	nan	nan
20201223	nan	nan	nan
20201224	nan	nan	nan
20201225	nan	nan	nan
20201226	nan	nan	nan
20201227	nan	nan	nan
20201228	nan	nan	nan
20201229	nan	nan	nan
20201230	nan	nan	nan
20201231	nan	nan	nan
20210101	nan	nan	nan
20210102	nan	nan	nan
20210103	nan	nan	nan
20210104	nan	nan	nan
20210105	nan	nan	nan
20210106	nan	nan	nan
20210107	nan	nan	nan
20210108	nan	nan	nan
20210109	nan	nan	nan
20210110	nan	nan	nan
20210111	nan	nan	nan
20210112	nan	nan	nan
20210113	nan	nan	nan
20210114	nan	nan	nan
20210115	nan	nan	nan
20210116	nan	nan	nan
20210117	nan	nan	nan
20210118	nan	nan	nan
20210119	nan	nan	nan
20210120	nan	nan	nan
20210121	nan	nan	nan
20210122	nan	nan	nan
20210123	nan	nan	nan
20210124	nan	nan	nan
20210125	nan	nan	nan
20210126	nan	nan	nan
20210127	nan	nan	nan
20210128	nan	nan	nan
20210129	nan	nan	nan
20210130	nan	nan	nan
20210131	nan	nan	nan
20210201	nan	nan	nan
20210202	nan	nan	nan
20210203	nan	nan	nan
20210204	nan	nan	nan
20210205	nan	nan	nan
20210206	nan	nan	nan
20210207	nan	nan	nan
20210208	nan	nan	nan
20210209	nan	nan	nan
20210210	nan	nan	nan
20210211	nan	nan	nan
20210212	nan	nan	nan
20210213	nan	nan	nan
20210214	nan	nan	nan
20210215	nan	nan	nan
20210216	nan	nan	nan
20210217	9.171	90.76	0.06809
20210218	5.284	94.64	0.07179
20210219	10.54	89.41	0.05485
20210220	10.37	89.07	0.566
20210221	16.48	82.58	0.9474
20210222	16.97	82.08	0.9542
20210223	8.655	91.03	0.3105
20210224	8.742	90.93	0.3302
20210225	nan	nan	nan
20210226	nan	nan	nan
20210227	nan	nan	nan
20210228	nan	nan	nan
20210301	nan	nan	nan
20210302	nan	nan	nan
20210303	nan	nan	nan
20210304	nan	nan	nan
20210305	nan	nan	nan
20210306	nan	nan	nan
20210307	nan	nan	nan
20210308	nan	nan	nan
20210309	nan	nan	nan
20210310	nan	nan	nan
20210311	nan	nan	nan
20210312	nan	nan	nan
20210313	nan	nan	nan
20210314	nan	nan	nan
20210315	nan	nan	nan
20210316	nan	nan	nan
20210317	nan	nan	nan
20210318	nan	nan	nan
20210319	nan	nan	nan
20210320	nan	nan	nan
20210321	nan	nan	nan
20210322	nan	nan	nan
20210323	nan	nan	nan
20210324	nan	nan	nan
20210325	nan	nan	nan
20210326	nan	nan	nan
20210327	nan	nan	nan
20210328	nan	nan	nan
20210329	nan	nan	nan
20210330	nan	nan	nan
20210331	nan	nan	nan
20210401	nan	nan	nan
20210402	nan	nan	nan
20210403	nan	nan	nan
20210404	nan	nan	nan
20210405	nan	nan	nan
20210406	nan	nan	nan
20210407	nan	nan	nan
20210408	nan	nan	nan
20210409	nan	nan	nan
20210410	0.01724	99.98	0.0
20210411	0.0232	99.98	0.0
20210412	0.07434	99.84	0.08545
20210413	0.07434	99.84	0.08545
20210414	0.07434	99.86	0.06409
20210415	0.07434	99.84	0.08545
20210416	0.07449	99.84	0.08563
20210417	0.07647	99.84	0.08789
20210418	0.2132	99.79	0.0
20210419	0.2124	99.77	0.02035
20210420	0.2124	99.58	0.2035
20210421	0.2124	99.58	0.2035
20210422	0.2124	99.4	0.3866
20210423	0.2124	99.36	0.4273
20210424	4.584	94.99	0.4273
20210425	4.578	94.93	0.4945
20210426	4.588	94.92	0.4956
20210427	nan	nan	nan
20210428	nan	nan	nan
20210429	nan	nan	nan
20210430	nan	nan	nan
20210501	nan	nan	nan
20210502	nan	nan	nan
20210503	nan	nan	nan
20210504	nan	nan	nan
20210505	0.9651	98.53	0.5014
20210506	0.7277	98.63	0.6418
20210507	0.7277	98.63	0.6418
20210508	0.9034	98.45	0.6418
20210509	0.9034	98.45	0.6418
20210510	0.903	97.77	1.323
20210511	55.17	43.52	1.307
20210512	56.26	42.56	1.17
20210513	59.4	39.56	1.042
20210514	61.57	37.39	1.042
20210515	61.65	37.31	1.044
20210516	61.5	36.48	2.026
20210517	nan	nan	nan
20210518	nan	nan	nan
20210519	nan	nan	nan
20210520	nan	nan	nan
20210521	nan	nan	nan
20210522	nan	nan	nan
20210523	nan	nan	nan
20210524	nan	nan	nan
20210525	nan	nan	nan
20210526	nan	nan	nan
20210527	nan	nan	nan
20210528	nan	nan	nan
20210529	nan	nan	nan
20210530	nan	nan	nan
20210531	nan	nan	nan
20210601	nan	nan	nan
20210602	31.32	33.59	35.09
20210603	27.39	34.14	38.47
20210604	27.72	30.67	41.61
20210605	26.95	30.81	42.24
20210606	25.11	25.87	49.02
20210607	25.11	25.87	49.02
20210608	24.42	22.39	53.19
20210609	23.58	20.94	55.49
20210610	nan	nan	nan
20210611	nan	nan	nan
20210612	nan	nan	nan
20210613	nan	nan	nan
20210614	nan	nan	nan
20210615	nan	nan	nan
20210616	nan	nan	nan
20210617	nan	nan	nan
20210618	nan	nan	nan
20210619	nan	nan	nan
20210620	nan	nan	nan
20210621	nan	nan	nan
20210622	nan	nan	nan
20210623	nan	nan	nan
20210624	nan	nan	nan
20210625	nan	nan	nan
20210626	nan	nan	nan
20210627	nan	nan	nan
20210628	nan	nan	nan
20210629	nan	nan	nan
20210630	nan	nan	nan
20210701	nan	nan	nan
20210702	4.369	0.04558	95.59
20210703	2.095	0.005641	97.9
20210704	2.264	0.4069	97.33
20210705	2.642	0.1307	97.23
20210706	3.034	0.09168	96.87
20210707	2.952	0.08686	96.96
20210708	3.233	0.08686	96.68
20210709	4.088	0.07653	95.84
20210710	1.69	0.1755	98.13
20210711	1.993	0.1653	97.84
20210712	2.719	0.1954	97.09
20210713	3.96	0.1468	95.89
20210714	1.585	0.09109	98.32
20210715	3.411	0.127	96.46
20210716	4.272	0.1007	95.63
20210717	4.693	0.05909	95.25
20210718	4.909	0.1221	94.97
20210719	5.579	0.1417	94.28
20210720	6.345	0.1417	93.51
20210721	nan	nan	nan
20210722	nan	nan	nan
20210723	nan	nan	nan
20210724	nan	nan	nan
20210725	nan	nan	nan
20210726	nan	nan	nan
20210727	1.462	0.1548	98.38
20210728	0.4876	0.07286	99.44
20210729	0.6909	0.1793	99.13
20210730	0.8438	0.1777	98.98
20210731	0.9632	0.1393	98.9
20210801	nan	nan	nan
20210802	nan	nan	nan
20210803	nan	nan	nan
20210804	nan	nan	nan
20210805	nan	nan	nan
20210806	2.949	0.1721	96.88
20210807	0.7654	0.02077	99.21
20210808	0.1329	0.007204	99.86
20210809	0.09059	0.007215	99.9
20210810	0.09065	0.001604	99.91
20210811	1.649	4.765	93.59
20210812	1.601	4.767	93.63
20210813	1.294	4.304	94.4
20210814	1.685	3.012	95.3
20210815	nan	nan	nan
20210816	nan	nan	nan
20210817	nan	nan	nan
20210818	nan	nan	nan
20210819	nan	nan	nan
20210820	nan	nan	nan
20210821	nan	nan	nan
20210822	nan	nan	nan
20210823	nan	nan	nan
20210824	nan	nan	nan
20210825	nan	nan	nan
20210826	0.5024	0.0317	99.47
20210827	0.3217	0.01444	99.66
20210828	1.211	0.1966	98.59
20210829	1.211	0.1966	98.59
20210830	1.211	0.1967	98.59
20210831	1.117	0.9496	97.93
20210901	12.5	1.341	86.16
20210902	13.6	14.8	71.6
20210903	nan	nan	nan
20210904	nan	nan	nan
20210905	nan	nan	nan
20210906	nan	nan	nan
20210907	nan	nan	nan
20210908	nan	nan	nan
20210909	nan	nan	nan
20210910	nan	nan	nan
20210911	5.719	2.353	91.93
20210912	4.343	1.955	93.7
20210913	9.021	1.598	89.38
20210914	12.56	7.093	80.35
20210915	10.45	14.27	75.28
20210916	7.429	15.16	77.41
20210917	8.511	14.78	76.71
20210918	7.23	9.205	83.57
20210919	9.611	3.606	86.78
20210920	6.961	4.19	88.85
20210921	6.139	4.36	89.5
20210922	7.65	5.724	86.63
20210923	10.59	5.912	83.49
20210924	10.69	5.884	83.42
20210925	22.79	3.932	73.28
20210926	23.9	5.063	71.04
20210927	nan	nan	nan
20210928	nan	nan	nan
20210929	nan	nan	nan
20210930	nan	nan	nan
20211001	nan	nan	nan
20211002	nan	nan	nan
20211003	nan	nan	nan
20211004	nan	nan	nan
20211005	nan	nan	nan
20211006	nan	nan	nan
20211007	nan	nan	nan
20211008	nan	nan	nan
20211009	nan	nan	nan
20211010	nan	nan	nan
20211011	nan	nan	nan
20211012	nan	nan	nan
20211013	nan	nan	nan
20211014	nan	nan	nan
20211015	nan	nan	nan
20211016	nan	nan	nan
20211017	nan	nan	nan
20211018	nan	nan	nan
20211019	8.795	89.62	1.585
20211020	9.091	90.22	0.6842
20211021	9.47	89.86	0.6659
20211022	9.834	89.55	0.6152
20211023	5.499	94.2	0.296
20211024	5.664	94.04	0.2961
20211025	6.625	93.18	0.1965
20211026	nan	nan	nan
20211027	nan	nan	nan
20211028	nan	nan	nan
20211029	3.322	90.74	5.943
20211030	nan	nan	nan
20211031	2.054	91.18	6.762
20211101	2.647	90.63	6.728
20211102	5.75	87.22	7.03
20211103	5.732	87.23	7.037
20211104	nan	nan	nan
20211105	nan	nan	nan
20211106	nan	nan	nan
20211107	nan	nan	nan
20211108	nan	nan	nan
20211109	nan	nan	nan
20211110	nan	nan	nan
20211111	nan	nan	nan
20211112	nan	nan	nan
20211113	nan	nan	nan
20211114	nan	nan	nan
20211115	nan	nan	nan
20211116	nan	nan	nan
20211117	nan	nan	nan
20211118	nan	nan	nan
20211119	nan	nan	nan
20211120	nan	nan	nan
20211121	nan	nan	nan
20211122	nan	nan	nan
20211123	nan	nan	nan
20211124	nan	nan	nan
20211125	nan	nan	nan
20211126	nan	nan	nan
20211127	nan	nan	nan
20211128	nan	nan	nan
20211129	nan	nan	nan
20211130	nan	nan	nan
20211201	nan	nan	nan
20211202	nan	nan	nan
20211203	nan	nan	nan
20211204	nan	nan	nan
20211205	nan	nan	nan
20211206	nan	nan	nan
20211207	nan	nan	nan
20211208	nan	nan	nan
20211209	nan	nan	nan
20211210	nan	nan	nan
20211211	nan	nan	nan
20211212	nan	nan	nan
20211213	nan	nan	nan
20211214	nan	nan	nan
20211215	nan	nan	nan
20211216	nan	nan	nan
20211217	nan	nan	nan
20211218	nan	nan	nan
20211219	nan	nan	nan
20211220	nan	nan	nan
20211221	nan	nan	nan
20211222	nan	nan	nan
20211223	nan	nan	nan
20211224	nan	nan	nan
20211225	nan	nan	nan
20211226	nan	nan	nan
20211227	nan	nan	nan
20211228	nan	nan	nan
20211229	nan	nan	nan
20211230	nan	nan	nan
20211231	nan	nan	nan
20220101	nan	nan	nan
20220102	nan	nan	nan
20220103	nan	nan	nan
20220104	nan	nan	nan
20220105	nan	nan	nan
20220106	nan	nan	nan
20220107	nan	nan	nan
20220108	nan	nan	nan
20220109	nan	nan	nan
20220110	nan	nan	nan
20220111	nan	nan	nan
20220112	nan	nan	nan
20220113	nan	nan	nan
20220114	nan	nan	nan
20220115	nan	nan	nan
20220116	nan	nan	nan
20220117	nan	nan	nan
20220118	nan	nan	nan
20220119	nan	nan	nan
20220120	nan	nan	nan
20220121	nan	nan	nan
20220122	nan	nan	nan
20220123	nan	nan	nan
20220124	nan	nan	nan
20220125	nan	nan	nan
20220126	nan	nan	nan
20220127	nan	nan	nan
20220128	nan	nan	nan
20220129	nan	nan	nan
20220130	nan	nan	nan
20220131	nan	nan	nan
20220201	nan	nan	nan
20220202	nan	nan	nan
20220203	nan	nan	nan
20220204	nan	nan	nan
20220205	nan	nan	nan
20220206	nan	nan	nan
20220207	nan	nan	nan
20220208	nan	nan	nan
20220209	nan	nan	nan
20220210	nan	nan	nan
20220211	nan	nan	nan
20220212	nan	nan	nan
20220213	nan	nan	nan
20220214	nan	nan	nan
20220215	nan	nan	nan
20220216	nan	nan	nan
20220217	nan	nan	nan
20220218	nan	nan	nan
20220219	nan	nan	nan
20220220	nan	nan	nan
20220221	nan	nan	nan
20220222	nan	nan	nan
20220223	nan	nan	nan
20220224	nan	nan	nan
20220225	nan	nan	nan
20220226	nan	nan	nan
20220227	nan	nan	nan
20220228	nan	nan	nan
20220301	nan	nan	nan
20220302	nan	nan	nan
20220303	nan	nan	nan
20220304	nan	nan	nan
20220305	nan	nan	nan
20220306	nan	nan	nan
20220307	nan	nan	nan
20220308	nan	nan	nan
20220309	nan	nan	nan
20220310	nan	nan	nan
20220311	nan	nan	nan
20220312	nan	nan	nan
20220313	nan	nan	nan
20220314	nan	nan	nan
20220315	nan	nan	nan
20220316	0.03421	99.97	0.0
20220317	0.03421	99.97	0.0
20220318	0.03183	99.82	0.1512
20220319	0.03183	99.82	0.1512
20220320	13.4	86.6	0.0
20220321	17.08	82.86	0.06524
20220322	17.07	82.77	0.1536
20220323	16.37	83.48	0.1552
20220324	16.37	83.44	0.1954
20220325	18.11	81.69	0.1936
20220326	11.21	88.54	0.2538
20220327	nan	nan	nan
20220328	2.822	97.18	0.0
20220329	nan	nan	nan
20220330	nan	nan	nan
20220331	nan	nan	nan
20220401	nan	nan	nan
20220402	nan	nan	nan
20220403	nan	nan	nan
20220404	nan	nan	nan
20220405	nan	nan	nan
20220406	nan	nan	nan
20220407	nan	nan	nan
20220408	nan	nan	nan
20220409	nan	nan	nan
20220410	nan	nan	nan
20220411	nan	nan	nan
20220412	nan	nan	nan
20220413	nan	nan	nan
20220414	nan	nan	nan
20220415	nan	nan	nan
20220416	nan	nan	nan
20220417	nan	nan	nan
20220418	nan	nan	nan
20220419	nan	nan	nan
20220420	nan	nan	nan
20220421	nan	nan	nan
20220422	nan	nan	nan
20220423	67.43	32.36	0.2128
20220424	67.43	32.36	0.2128
20220425	67.43	32.36	0.2128
20220426	70.3	29.56	0.138
20220427	70.51	29.35	0.1384
20220428	67.88	31.98	0.1378
20220429	67.88	31.98	0.1378
20220430	nan	nan	nan
20220501	nan	nan	nan
20220502	nan	nan	nan
20220503	nan	nan	nan
20220504	nan	nan	nan
20220505	nan	nan	nan
20220506	nan	nan	nan
20220507	nan	nan	nan
20220508	nan	nan	nan
20220509	nan	nan	nan
20220510	nan	nan	nan
20220511	nan	nan	nan
20220512	nan	nan	nan
20220513	nan	nan	nan
20220514	nan	nan	nan
20220515	nan	nan	nan
20220516	nan	nan	nan
20220517	nan	nan	nan
20220518	nan	nan	nan
20220519	29.45	67.66	2.895
20220520	21.6	74.5	3.892
20220521	21.6	74.5	3.892
20220522	31.25	64.01	4.741
20220523	31.02	61.77	7.209
20220524	54.52	38.28	7.197
20220525	44.07	46.71	9.221
20220526	44.13	46.63	9.236
20220527	48.62	42.16	9.217
20220528	48.58	42.14	9.277
20220529	50.39	40.25	9.358
20220530	51.08	34.61	14.31
20220531	34.33	50.91	14.76
20220601	nan	nan	nan
20220602	nan	nan	nan
20220603	nan	nan	nan
20220604	nan	nan	nan
20220605	nan	nan	nan
20220606	nan	nan	nan
20220607	nan	nan	nan
20220608	nan	nan	nan
20220609	nan	nan	nan
20220610	nan	nan	nan
20220611	nan	nan	nan
20220612	nan	nan	nan
20220613	nan	nan	nan
20220614	nan	nan	nan
20220615	nan	nan	nan
20220616	nan	nan	nan
20220617	nan	nan	nan
20220618	nan	nan	nan
20220619	nan	nan	nan
20220620	nan	nan	nan
20220621	nan	nan	nan
20220622	nan	nan	nan
20220623	nan	nan	nan
20220624	nan	nan	nan
20220625	14.8	2.429	82.77
20220626	11.07	2.006	86.92
20220627	9.585	1.734	88.68
20220628	5.471	0.9811	93.55
20220629	7.577	0.9018	91.52
20220630	5.093	0.7017	94.21
20220701	3.202	0.4217	96.38
20220702	3.751	0.3248	95.92
20220703	3.73	0.3218	95.95
20220704	4.955	0.6556	94.39
20220705	4.74	0.5509	94.71
20220706	4.979	0.5255	94.5
20220707	5.673	0.3664	93.96
20220708	5.695	0.3681	93.94
20220709	nan	nan	nan
20220710	nan	nan	nan
20220711	nan	nan	nan
20220712	1.655	0.1411	98.2
20220713	1.638	0.1307	98.23
20220714	3.7	1.363	94.94
20220715	3.7	1.363	94.94
20220716	4.468	1.431	94.1
20220717	4.479	1.435	94.09
20220718	4.578	1.481	93.94
20220719	nan	nan	nan
20220720	nan	nan	nan
20220721	nan	nan	nan
20220722	nan	nan	nan
20220723	nan	nan	nan
20220724	nan	nan	nan
20220725	nan	nan	nan
20220726	nan	nan	nan
20220727	nan	nan	nan
20220728	nan	nan	nan
20220729	1.039	0.05079	98.91
20220730	0.3537	0.008039	99.64
20220731	0.8894	0.00322	99.11
20220801	0.3506	0.001597	99.65
20220802	0.4169	0.001597	99.58
20220803	0.3752	0.001597	99.62
20220804	0.9452	0.1501	98.9
20220805	1.612	0.1187	98.27
20220806	0.2021	0.03208	99.77
20220807	0.2021	0.03208	99.77
20220808	0.2057	0.03265	99.76
20220809	2.341	0.1142	97.55
20220810	2.347	0.1145	97.54
20220811	2.522	0.4176	97.06
20220812	3.846	0.2957	95.86
20220813	nan	nan	nan
20220814	nan	nan	nan
20220815	nan	nan	nan
20220816	nan	nan	nan
20220817	nan	nan	nan
20220818	nan	nan	nan
20220819	nan	nan	nan
20220820	nan	nan	nan
20220821	nan	nan	nan
20220822	nan	nan	nan
20220823	nan	nan	nan
