Date	WetSnow	DrySnow	BareGround
20140920	nan	nan	nan
20140921	nan	nan	nan
20140922	nan	nan	nan
20140923	nan	nan	nan
20140924	nan	nan	nan
20140925	nan	nan	nan
20140926	nan	nan	nan
20140927	nan	nan	nan
20140928	nan	nan	nan
20140929	nan	nan	nan
20140930	0.0	0.0	99.71
20141001	0.0	0.0	99.71
20141002	0.0	0.0	99.71
20141003	0.0	0.0	99.72
20141004	0.2207	0.0	99.5
20141005	0.1628	0.08469	99.47
20141006	0.002644	0.03702	99.68
20141007	0.001762	0.037	99.68
20141008	0.001762	0.02334	99.69
20141009	0.001762	0.01541	99.7
20141010	0.0004404	0.01013	99.71
20141011	0.0004404	0.003963	99.71
20141012	0.0	0.0	99.72
20141013	0.0	0.0	99.72
20141014	0.0	0.0	99.72
20141015	0.0	0.0	99.72
20141016	0.0	0.0	99.72
20141017	1.219	4.789	93.71
20141018	1.185	4.502	94.03
20141019	0.7472	2.256	96.71
20141020	0.6036	1.681	97.43
20141021	0.5786	1.535	97.6
20141022	0.4663	1.226	98.02
20141023	0.4701	1.233	98.01
20141024	0.4509	1.217	98.05
20141025	0.4516	1.219	98.04
20141026	0.4529	1.222	98.04
20141027	0.5521	1.414	97.74
20141028	0.5231	1.203	97.98
20141029	0.5145	1.195	98.0
20141030	0.4817	1.132	98.09
20141031	0.488	3.122	96.1
20141101	0.4903	3.137	96.08
20141102	nan	nan	nan
20141103	nan	nan	nan
20141104	nan	nan	nan
20141105	nan	nan	nan
20141106	nan	nan	nan
20141107	64.45	2.931	32.32
20141108	64.55	2.936	32.22
20141109	64.72	2.942	32.04
20141110	nan	nan	nan
20141111	nan	nan	nan
20141112	nan	nan	nan
20141113	nan	nan	nan
20141114	nan	nan	nan
20141115	nan	nan	nan
20141116	nan	nan	nan
20141117	nan	nan	nan
20141118	nan	nan	nan
20141119	nan	nan	nan
20141120	nan	nan	nan
20141121	nan	nan	nan
20141122	nan	nan	nan
20141123	nan	nan	nan
20141124	nan	nan	nan
20141125	nan	nan	nan
20141126	nan	nan	nan
20141127	nan	nan	nan
20141128	nan	nan	nan
20141129	nan	nan	nan
20141130	nan	nan	nan
20141201	nan	nan	nan
20141202	nan	nan	nan
20141203	nan	nan	nan
20141204	nan	nan	nan
20141205	nan	nan	nan
20141206	nan	nan	nan
20141207	nan	nan	nan
20141208	nan	nan	nan
20141209	nan	nan	nan
20141210	nan	nan	nan
20141211	nan	nan	nan
20141212	nan	nan	nan
20141213	nan	nan	nan
20141214	nan	nan	nan
20141215	nan	nan	nan
20141216	nan	nan	nan
20141217	nan	nan	nan
20141218	nan	nan	nan
20141219	nan	nan	nan
20141220	nan	nan	nan
20141221	nan	nan	nan
20141222	nan	nan	nan
20141223	nan	nan	nan
20141224	nan	nan	nan
20141225	nan	nan	nan
20141226	nan	nan	nan
20141227	nan	nan	nan
20141228	nan	nan	nan
20141229	nan	nan	nan
20141230	nan	nan	nan
20141231	nan	nan	nan
20150101	nan	nan	nan
20150102	nan	nan	nan
20150103	nan	nan	nan
20150104	nan	nan	nan
20150105	nan	nan	nan
20150106	nan	nan	nan
20150107	nan	nan	nan
20150108	nan	nan	nan
20150109	nan	nan	nan
20150110	nan	nan	nan
20150111	nan	nan	nan
20150112	nan	nan	nan
20150113	nan	nan	nan
20150114	nan	nan	nan
20150115	nan	nan	nan
20150116	nan	nan	nan
20150117	nan	nan	nan
20150118	nan	nan	nan
20150119	nan	nan	nan
20150120	nan	nan	nan
20150121	nan	nan	nan
20150122	nan	nan	nan
20150123	nan	nan	nan
20150124	nan	nan	nan
20150125	nan	nan	nan
20150126	nan	nan	nan
20150127	nan	nan	nan
20150128	nan	nan	nan
20150129	nan	nan	nan
20150130	nan	nan	nan
20150131	nan	nan	nan
20150201	nan	nan	nan
20150202	nan	nan	nan
20150203	nan	nan	nan
20150204	nan	nan	nan
20150205	nan	nan	nan
20150206	nan	nan	nan
20150207	nan	nan	nan
20150208	nan	nan	nan
20150209	nan	nan	nan
20150210	nan	nan	nan
20150211	nan	nan	nan
20150212	nan	nan	nan
20150213	nan	nan	nan
20150214	nan	nan	nan
20150215	nan	nan	nan
20150216	nan	nan	nan
20150217	nan	nan	nan
20150218	nan	nan	nan
20150219	nan	nan	nan
20150220	nan	nan	nan
20150221	nan	nan	nan
20150222	nan	nan	nan
20150223	nan	nan	nan
20150224	nan	nan	nan
20150225	nan	nan	nan
20150226	nan	nan	nan
20150227	nan	nan	nan
20150228	nan	nan	nan
20150301	nan	nan	nan
20150302	nan	nan	nan
20150303	nan	nan	nan
20150304	nan	nan	nan
20150305	10.95	85.8	2.958
20150306	10.93	85.75	3.032
20150307	10.93	85.75	3.032
20150308	10.81	84.94	3.964
20150309	10.8	84.91	4.005
20150310	13.63	82.48	3.603
20150311	13.49	82.31	3.918
20150312	12.81	82.32	4.591
20150313	12.83	82.29	4.594
20150314	17.09	78.15	4.471
20150315	16.66	75.56	7.488
20150316	16.26	74.19	9.273
20150317	16.25	74.19	9.28
20150318	16.25	74.19	9.28
20150319	56.11	38.99	4.614
20150320	55.01	38.23	6.477
20150321	60.29	34.45	4.975
20150322	62.77	32.15	4.791
20150323	62.77	32.14	4.8
20150324	57.12	37.75	4.845
20150325	57.06	37.75	4.908
20150326	50.71	45.5	3.504
20150327	50.98	45.25	3.476
20150328	50.85	45.13	3.738
20150329	50.85	45.12	3.738
20150330	50.56	45.38	3.766
20150331	50.54	45.35	3.806
20150401	nan	nan	nan
20150402	nan	nan	nan
20150403	nan	nan	nan
20150404	nan	nan	nan
20150405	nan	nan	nan
20150406	nan	nan	nan
20150407	nan	nan	nan
20150408	nan	nan	nan
20150409	nan	nan	nan
20150410	nan	nan	nan
20150411	nan	nan	nan
20150412	nan	nan	nan
20150413	nan	nan	nan
20150414	nan	nan	nan
20150415	14.16	84.68	0.8677
20150416	14.14	84.32	1.249
20150417	14.15	84.32	1.249
20150418	13.86	84.6	1.253
20150419	13.86	84.4	1.452
20150420	13.86	84.35	1.497
20150421	13.53	84.66	1.517
20150422	29.83	68.4	1.484
20150423	29.97	67.8	1.937
20150424	24.29	73.12	2.305
20150425	24.15	72.31	3.26
20150426	14.87	82.38	2.467
20150427	13.38	84.07	2.269
20150428	13.36	83.91	2.441
20150429	13.33	82.74	3.65
20150430	13.33	82.18	4.21
20150501	13.94	81.04	4.736
20150502	13.92	80.24	5.551
20150503	13.92	80.24	5.551
20150504	20.96	73.59	5.171
20150505	20.95	73.59	5.171
20150506	23.62	70.95	5.147
20150507	23.65	70.82	5.251
20150508	22.17	72.21	5.336
20150509	22.91	71.49	5.317
20150510	22.66	65.49	11.57
20150511	23.28	62.07	14.36
20150512	nan	nan	nan
20150513	nan	nan	nan
20150514	nan	nan	nan
20150515	nan	nan	nan
20150516	12.14	59.54	28.02
20150517	11.93	58.3	29.48
20150518	7.498	59.23	32.98
20150519	7.482	59.23	33.0
20150520	6.945	58.62	34.15
20150521	9.168	56.37	34.17
20150522	9.039	55.08	35.6
20150523	8.954	53.66	37.1
20150524	8.955	53.49	37.27
20150525	8.955	53.42	37.34
20150526	8.652	44.23	46.83
20150527	8.58	41.89	49.24
20150528	8.615	41.7	49.39
20150529	nan	nan	nan
20150530	nan	nan	nan
20150531	nan	nan	nan
20150601	nan	nan	nan
20150602	nan	nan	nan
20150603	3.777	28.92	67.01
20150604	3.773	28.37	67.57
20150605	3.777	28.15	67.78
20150606	nan	nan	nan
20150607	nan	nan	nan
20150608	nan	nan	nan
20150609	nan	nan	nan
20150610	nan	nan	nan
20150611	nan	nan	nan
20150612	nan	nan	nan
20150613	nan	nan	nan
20150614	nan	nan	nan
20150615	nan	nan	nan
20150616	nan	nan	nan
20150617	nan	nan	nan
20150618	nan	nan	nan
20150619	nan	nan	nan
20150620	nan	nan	nan
20150621	nan	nan	nan
20150622	nan	nan	nan
20150623	nan	nan	nan
20150624	nan	nan	nan
20150625	nan	nan	nan
20150626	nan	nan	nan
20150627	nan	nan	nan
20150628	nan	nan	nan
20150629	nan	nan	nan
20150630	nan	nan	nan
20150701	nan	nan	nan
20150702	nan	nan	nan
20150703	nan	nan	nan
20150704	nan	nan	nan
20150705	nan	nan	nan
20150706	nan	nan	nan
20150707	nan	nan	nan
20150708	nan	nan	nan
20150709	0.0771	0.9973	98.63
20150710	0.06475	0.9767	98.67
20150711	0.06532	0.692	98.95
20150712	nan	nan	nan
20150713	0.02903	0.2273	99.46
20150714	0.02179	0.1797	99.51
20150715	0.04532	0.2693	99.4
20150716	0.04532	0.2693	99.4
20150717	0.04754	0.2693	99.4
20150718	0.02663	0.2521	99.44
20150719	0.04391	0.357	99.31
20150720	0.04881	0.343	99.32
20150721	0.03863	0.2131	99.46
20150722	0.01329	0.1408	99.56
20150723	0.01195	0.1239	99.58
20150724	0.0319	0.1147	99.57
20150725	0.01999	0.1062	99.59
20150726	0.01922	0.08045	99.61
20150727	0.03084	0.08046	99.6
20150728	0.02399	0.06487	99.63
20150729	0.03437	0.05312	99.63
20150730	0.0345	0.0354	99.64
20150731	0.0345	0.0354	99.64
20150801	0.04008	0.03598	99.63
20150802	nan	nan	nan
20150803	nan	nan	nan
20150804	nan	nan	nan
20150805	nan	nan	nan
20150806	nan	nan	nan
20150807	nan	nan	nan
20150808	nan	nan	nan
20150809	nan	nan	nan
20150810	nan	nan	nan
20150811	nan	nan	nan
20150812	nan	nan	nan
20150813	nan	nan	nan
20150814	nan	nan	nan
20150815	0.09717	0.02473	99.59
20150816	0.0008829	0.009712	99.71
20150817	0.02913	0.006619	99.68
20150818	0.001324	0.0	99.71
20150819	0.001323	0.0	99.72
20150820	0.04808	0.0	99.67
20150821	0.001764	0.0	99.71
20150822	0.001763	0.0	99.71
20150823	0.0004408	0.0	99.72
20150824	0.05776	0.0	99.66
20150825	0.04277	0.0	99.67
20150826	0.01499	0.0	99.7
20150827	0.112	0.0	99.6
20150828	0.1116	0.0	99.6
20150829	0.08688	0.006174	99.62
20150830	0.07764	0.006176	99.63
20150831	0.07767	0.006178	99.63
20150901	0.08522	0.006182	99.62
20150902	0.08527	0.006185	99.62
20150903	0.08347	0.0	99.63
20150904	0.08327	0.0	99.63
20150905	nan	nan	nan
20150906	nan	nan	nan
20150907	nan	nan	nan
20150908	nan	nan	nan
20150909	nan	nan	nan
20150910	0.03685	0.03002	99.64
20150911	0.0008854	0.01638	99.7
20150912	0.0008838	0.005303	99.71
20150913	0.04943	0.003972	99.66
20150914	0.0004414	0.003972	99.71
20150915	0.0004413	0.003972	99.71
20150916	0.0004411	0.00397	99.71
20150917	0.04719	0.005734	99.66
20150918	0.05734	0.1385	99.52
20150919	0.05734	0.1385	99.52
20150920	0.1314	0.1385	99.45
20150921	0.03881	0.1358	99.54
20150922	0.02206	0.08207	99.61
20150923	0.02692	0.06046	99.63
20150924	0.004414	0.0	99.71
20150925	0.1307	0.0	99.59
20150926	0.1307	0.0	99.59
20150927	0.1578	0.0	99.56
20150928	0.1531	0.0	99.56
20150929	0.1708	0.003097	99.54
20150930	0.1251	2.851	96.74
20151001	0.1229	2.842	96.75
20151002	0.1812	2.869	96.66
20151003	0.1504	2.499	97.07
20151004	0.1557	9.027	90.53
20151005	0.07603	49.67	49.97
20151006	0.04634	42.73	56.93
20151007	0.03264	38.03	61.65
20151008	0.02671	31.39	68.29
20151009	0.02578	27.08	72.61
20151010	0.2013	24.04	75.47
20151011	0.2858	26.11	73.32
20151012	0.2456	42.3	57.17
20151013	0.2364	42.26	57.22
20151014	0.2961	42.31	57.11
20151015	0.2966	42.19	57.23
20151016	0.3024	42.5	56.91
20151017	0.31	44.31	55.09
20151018	0.3109	43.37	56.03
20151019	0.2953	40.29	59.12
20151020	nan	nan	nan
20151021	nan	nan	nan
20151022	nan	nan	nan
20151023	nan	nan	nan
20151024	nan	nan	nan
20151025	nan	nan	nan
20151026	nan	nan	nan
20151027	nan	nan	nan
20151028	nan	nan	nan
20151029	nan	nan	nan
20151030	nan	nan	nan
20151031	nan	nan	nan
20151101	nan	nan	nan
20151102	nan	nan	nan
20151103	nan	nan	nan
20151104	nan	nan	nan
20151105	nan	nan	nan
20151106	nan	nan	nan
20151107	nan	nan	nan
20151108	nan	nan	nan
20151109	nan	nan	nan
20151110	nan	nan	nan
20151111	nan	nan	nan
20151112	nan	nan	nan
20151113	nan	nan	nan
20151114	nan	nan	nan
20151115	nan	nan	nan
20151116	nan	nan	nan
20151117	nan	nan	nan
20151118	nan	nan	nan
20151119	nan	nan	nan
20151120	nan	nan	nan
20151121	nan	nan	nan
20151122	nan	nan	nan
20151123	nan	nan	nan
20151124	nan	nan	nan
20151125	nan	nan	nan
20151126	nan	nan	nan
20151127	nan	nan	nan
20151128	nan	nan	nan
20151129	nan	nan	nan
20151130	nan	nan	nan
20151201	nan	nan	nan
20151202	nan	nan	nan
20151203	nan	nan	nan
20151204	nan	nan	nan
20151205	nan	nan	nan
20151206	nan	nan	nan
20151207	nan	nan	nan
20151208	nan	nan	nan
20151209	nan	nan	nan
20151210	nan	nan	nan
20151211	nan	nan	nan
20151212	nan	nan	nan
20151213	nan	nan	nan
20151214	nan	nan	nan
20151215	nan	nan	nan
20151216	nan	nan	nan
20151217	nan	nan	nan
20151218	nan	nan	nan
20151219	nan	nan	nan
20151220	nan	nan	nan
20151221	nan	nan	nan
20151222	nan	nan	nan
20151223	nan	nan	nan
20151224	nan	nan	nan
20151225	nan	nan	nan
20151226	nan	nan	nan
20151227	nan	nan	nan
20151228	nan	nan	nan
20151229	nan	nan	nan
20151230	nan	nan	nan
20151231	nan	nan	nan
20160101	nan	nan	nan
20160102	nan	nan	nan
20160103	nan	nan	nan
20160104	nan	nan	nan
20160105	nan	nan	nan
20160106	nan	nan	nan
20160107	nan	nan	nan
20160108	nan	nan	nan
20160109	nan	nan	nan
20160110	nan	nan	nan
20160111	nan	nan	nan
20160112	nan	nan	nan
20160113	nan	nan	nan
20160114	nan	nan	nan
20160115	nan	nan	nan
20160116	nan	nan	nan
20160117	nan	nan	nan
20160118	nan	nan	nan
20160119	nan	nan	nan
20160120	nan	nan	nan
20160121	nan	nan	nan
20160122	nan	nan	nan
20160123	nan	nan	nan
20160124	nan	nan	nan
20160125	nan	nan	nan
20160126	nan	nan	nan
20160127	nan	nan	nan
20160128	nan	nan	nan
20160129	nan	nan	nan
20160130	nan	nan	nan
20160131	nan	nan	nan
20160201	nan	nan	nan
20160202	nan	nan	nan
20160203	nan	nan	nan
20160204	nan	nan	nan
20160205	nan	nan	nan
20160206	nan	nan	nan
20160207	nan	nan	nan
20160208	nan	nan	nan
20160209	nan	nan	nan
20160210	nan	nan	nan
20160211	nan	nan	nan
20160212	nan	nan	nan
20160213	nan	nan	nan
20160214	nan	nan	nan
20160215	nan	nan	nan
20160216	nan	nan	nan
20160217	nan	nan	nan
20160218	nan	nan	nan
20160219	nan	nan	nan
20160220	nan	nan	nan
20160221	nan	nan	nan
20160222	nan	nan	nan
20160223	nan	nan	nan
20160224	nan	nan	nan
20160225	nan	nan	nan
20160226	0.06572	99.37	0.2764
20160227	0.06344	98.39	1.259
20160228	2.978	95.68	1.052
20160229	2.978	95.66	1.075
20160301	1.949	97.54	0.2317
20160302	1.949	97.54	0.2317
20160303	1.974	97.51	0.2317
20160304	1.123	96.22	2.378
20160305	1.123	95.5	3.097
20160306	1.123	95.5	3.098
20160307	1.124	95.49	3.101
20160308	1.13	95.47	3.117
20160309	0.02118	96.47	3.226
20160310	0.02118	96.35	3.345
20160311	2.397	94.83	2.493
20160312	2.399	94.82	2.496
20160313	2.399	94.82	2.498
20160314	3.07	94.1	2.544
20160315	7.208	89.13	3.378
20160316	22.01	74.59	3.116
20160317	22.0	74.21	3.505
20160318	21.95	73.93	3.838
20160319	21.95	73.79	3.972
20160320	22.3	73.4	4.011
20160321	74.0	25.25	0.469
20160322	74.86	24.45	0.4043
20160323	76.68	22.68	0.351
20160324	76.16	22.48	1.067
20160325	50.01	49.11	0.598
20160326	48.29	50.72	0.7078
20160327	48.88	50.13	0.7054
20160328	40.38	58.32	1.02
20160329	40.38	58.31	1.021
20160330	39.95	57.35	2.411
20160331	39.67	56.83	3.212
20160401	39.23	56.02	4.472
20160402	14.67	83.14	1.902
20160403	14.6	83.03	2.081
20160404	4.06	93.71	1.946
20160405	4.036	93.03	2.652
20160406	4.839	92.52	2.354
20160407	5.761	91.58	2.374
20160408	7.792	89.62	2.303
20160409	9.339	88.07	2.303
20160410	9.34	88.08	2.296
20160411	9.341	87.84	2.538
20160412	9.346	87.85	2.515
20160413	9.39	87.64	2.687
20160414	34.94	62.39	2.383
20160415	36.31	60.7	2.696
20160416	nan	nan	nan
20160417	nan	nan	nan
20160418	4.613	92.61	2.487
20160419	5.165	90.5	4.043
20160420	5.395	89.9	4.42
20160421	2.31	93.65	3.752
20160422	2.309	93.13	4.277
20160423	2.306	92.72	4.693
20160424	2.289	91.8	5.627
20160425	2.262	90.74	6.715
20160426	1.975	91.79	5.953
20160427	1.975	91.79	5.953
20160428	11.31	75.86	12.55
20160429	11.21	73.61	14.89
20160430	8.891	69.94	20.89
20160501	9.407	65.75	24.56
20160502	7.101	64.24	28.38
20160503	9.373	61.75	28.59
20160504	9.367	61.76	28.59
20160505	9.369	61.72	28.63
20160506	9.366	60.8	29.55
20160507	9.371	60.73	29.62
20160508	9.237	60.19	30.29
20160509	9.314	59.54	30.86
20160510	9.003	57.43	33.28
20160511	9.153	57.05	33.5
20160512	nan	nan	nan
20160513	nan	nan	nan
20160514	nan	nan	nan
20160515	nan	nan	nan
20160516	nan	nan	nan
20160517	nan	nan	nan
20160518	nan	nan	nan
20160519	nan	nan	nan
20160520	nan	nan	nan
20160521	nan	nan	nan
20160522	nan	nan	nan
20160523	nan	nan	nan
20160524	nan	nan	nan
20160525	nan	nan	nan
20160526	nan	nan	nan
20160527	0.8543	7.951	90.91
20160528	0.8017	7.699	91.21
20160529	0.69	6.076	92.95
20160530	0.5588	4.453	94.7
20160531	0.4042	3.232	96.08
20160601	0.4707	3.19	96.06
20160602	0.3296	2.348	97.04
20160603	0.3882	3.263	96.07
20160604	0.3531	3.175	96.19
20160605	0.3513	3.22	96.15
20160606	0.4137	2.642	96.66
20160607	0.3619	2.131	97.22
20160608	0.3805	2.151	97.18
20160609	0.3724	1.861	97.48
20160610	0.2651	1.359	98.08
20160611	0.2546	1.003	98.45
20160612	0.2733	1.111	98.32
20160613	nan	nan	nan
20160614	nan	nan	nan
20160615	nan	nan	nan
20160616	nan	nan	nan
20160617	nan	nan	nan
20160618	nan	nan	nan
20160619	nan	nan	nan
20160620	nan	nan	nan
20160621	nan	nan	nan
20160622	nan	nan	nan
20160623	nan	nan	nan
20160624	nan	nan	nan
20160625	nan	nan	nan
20160626	nan	nan	nan
20160627	0.002722	0.01906	99.69
20160628	0.0009107	0.01913	99.69
20160629	0.003643	0.01912	99.68
20160630	0.0395	0.01257	99.66
20160701	0.09556	0.02153	99.59
20160702	0.01961	0.01515	99.68
20160703	0.001773	0.01507	99.7
20160704	0.0008851	0.07744	99.64
20160705	0.0008851	0.07744	99.64
20160706	0.01284	0.07746	99.63
20160707	0.02045	2.221	97.47
20160708	0.01669	2.254	97.44
20160709	0.03791	2.255	97.42
20160710	0.03829	2.278	97.39
20160711	nan	nan	nan
20160712	0.0008927	0.7213	98.99
20160713	0.04905	0.5477	99.11
20160714	0.09045	0.5718	99.04
20160715	nan	nan	nan
20160716	nan	nan	nan
20160717	nan	nan	nan
20160718	nan	nan	nan
20160719	nan	nan	nan
20160720	nan	nan	nan
20160721	0.02783	0.003976	99.68
20160722	0.0	0.003974	99.71
20160723	0.01457	0.01502	99.69
20160724	0.02518	0.01502	99.68
20160725	0.08392	0.01104	99.62
20160726	0.0406	0.003972	99.67
20160727	0.04014	0.00397	99.67
20160728	0.04014	0.00397	99.67
20160729	0.02823	0.00397	99.68
20160730	0.02425	0.0	99.69
20160731	0.03881	0.0	99.68
20160801	0.03882	0.0	99.68
20160802	0.04114	0.0	99.67
20160803	0.03759	0.0	99.67
20160804	0.04857	0.01738	99.65
20160805	0.07473	0.005748	99.64
20160806	0.1962	0.005784	99.51
20160807	0.22	0.005789	99.49
20160808	0.2164	0.005789	99.49
20160809	0.217	0.005805	99.49
20160810	0.09702	0.005977	99.6
20160811	0.1311	0.006021	99.57
20160812	nan	nan	nan
20160813	0.04043	0.0	99.67
20160814	0.07404	0.0	99.64
20160815	0.02266	0.0	99.69
20160816	0.04989	0.0	99.66
20160817	0.07552	0.0	99.64
20160818	0.0534	0.0	99.66
20160819	0.04016	0.0	99.68
20160820	0.015	0.0	99.7
20160821	0.01147	0.0	99.7
20160822	0.001323	0.0	99.72
20160823	0.07982	0.0	99.64
20160824	0.1698	0.0	99.55
20160825	0.1698	0.0	99.55
20160826	0.1932	0.0	99.52
20160827	0.1663	0.0	99.55
20160828	0.1818	0.03838	99.5
20160829	0.1814	0.07063	99.46
20160830	0.2031	0.2226	99.29
20160831	0.2138	0.2226	99.28
20160901	0.2139	0.2227	99.28
20160902	0.2141	0.223	99.28
20160903	0.08044	0.03492	99.6
20160904	nan	nan	nan
20160905	nan	nan	nan
20160906	nan	nan	nan
20160907	nan	nan	nan
20160908	nan	nan	nan
20160909	nan	nan	nan
20160910	0.0219	0.1202	99.57
20160911	0.04379	0.1202	99.55
20160912	0.04954	0.3874	99.28
20160913	0.03166	0.1677	99.51
20160914	0.03178	0.1683	99.51
20160915	0.02415	0.1467	99.54
20160916	0.03524	0.03436	99.65
20160917	0.06342	0.01233	99.64
20160918	0.06255	0.0	99.65
20160919	0.08369	6.604	93.03
20160920	0.03876	6.091	93.59
20160921	0.05241	0.551	99.11
20160922	0.04448	0.09469	99.58
20160923	0.05065	0.01101	99.66
20160924	0.08281	0.0	99.63
20160925	0.08281	0.0	99.63
20160926	0.06828	0.0	99.65
20160927	0.1374	0.0008839	99.58
20160928	0.1703	6.731	92.81
20160929	0.2837	6.726	92.71
20160930	0.3103	7.626	91.78
20161001	0.2852	8.94	90.49
20161002	0.1535	9.574	89.99
20161003	0.1552	12.89	86.66
20161004	0.2885	11.67	87.75
20161005	0.4745	15.76	83.47
20161006	0.4753	15.81	83.43
20161007	0.4626	15.18	84.07
20161008	0.4209	11.22	88.07
20161009	0.3752	1.673	97.67
20161010	0.6237	1.21	97.88
20161011	8.253	1.072	90.39
20161012	8.068	0.9503	90.7
20161013	8.1	0.9541	90.66
20161014	8.099	0.8357	90.78
20161015	2.363	0.289	97.06
20161016	5.972	0.156	93.58
20161017	22.48	0.4324	76.8
20161018	20.83	0.4661	78.41
20161019	14.4	0.4756	84.84
20161020	1.016	0.1295	98.57
20161021	8.381	0.8163	90.52
20161022	3.655	0.4959	95.56
20161023	14.71	0.8395	84.17
20161024	29.66	1.311	68.75
20161025	29.91	6.179	63.63
20161026	7.986	1.556	90.17
20161027	9.226	3.862	86.63
20161028	7.977	4.949	86.79
20161029	30.97	4.079	64.66
20161030	25.2	15.84	58.67
20161031	27.07	31.04	41.6
20161101	20.34	27.2	52.18
20161102	19.08	26.28	54.35
20161103	31.68	30.57	37.47
20161104	42.28	31.33	26.1
20161105	34.72	27.21	37.78
20161106	79.05	12.24	8.421
20161107	79.06	12.22	8.428
20161108	87.31	8.237	4.169
20161109	88.05	7.849	3.813
20161110	89.17	7.178	3.369
20161111	92.0	5.161	2.551
20161112	93.27	4.514	1.921
20161113	93.75	4.269	1.69
20161114	nan	nan	nan
20161115	nan	nan	nan
20161116	nan	nan	nan
20161117	nan	nan	nan
20161118	nan	nan	nan
20161119	nan	nan	nan
20161120	nan	nan	nan
20161121	nan	nan	nan
20161122	nan	nan	nan
20161123	nan	nan	nan
20161124	nan	nan	nan
20161125	nan	nan	nan
20161126	nan	nan	nan
20161127	nan	nan	nan
20161128	nan	nan	nan
20161129	nan	nan	nan
20161130	nan	nan	nan
20161201	nan	nan	nan
20161202	nan	nan	nan
20161203	nan	nan	nan
20161204	nan	nan	nan
20161205	nan	nan	nan
20161206	nan	nan	nan
20161207	nan	nan	nan
20161208	nan	nan	nan
20161209	nan	nan	nan
20161210	nan	nan	nan
20161211	nan	nan	nan
20161212	nan	nan	nan
20161213	nan	nan	nan
20161214	nan	nan	nan
20161215	nan	nan	nan
20161216	nan	nan	nan
20161217	nan	nan	nan
20161218	nan	nan	nan
20161219	nan	nan	nan
20161220	nan	nan	nan
20161221	nan	nan	nan
20161222	nan	nan	nan
20161223	nan	nan	nan
20161224	nan	nan	nan
20161225	nan	nan	nan
20161226	nan	nan	nan
20161227	nan	nan	nan
20161228	nan	nan	nan
20161229	nan	nan	nan
20161230	nan	nan	nan
20161231	nan	nan	nan
20170101	nan	nan	nan
20170102	nan	nan	nan
20170103	nan	nan	nan
20170104	nan	nan	nan
20170105	nan	nan	nan
20170106	nan	nan	nan
20170107	nan	nan	nan
20170108	nan	nan	nan
20170109	nan	nan	nan
20170110	nan	nan	nan
20170111	nan	nan	nan
20170112	nan	nan	nan
20170113	nan	nan	nan
20170114	nan	nan	nan
20170115	nan	nan	nan
20170116	nan	nan	nan
20170117	nan	nan	nan
20170118	nan	nan	nan
20170119	nan	nan	nan
20170120	nan	nan	nan
20170121	nan	nan	nan
20170122	nan	nan	nan
20170123	nan	nan	nan
20170124	nan	nan	nan
20170125	nan	nan	nan
20170126	nan	nan	nan
20170127	nan	nan	nan
20170128	nan	nan	nan
20170129	nan	nan	nan
20170130	nan	nan	nan
20170131	nan	nan	nan
20170201	nan	nan	nan
20170202	nan	nan	nan
20170203	nan	nan	nan
20170204	nan	nan	nan
20170205	nan	nan	nan
20170206	31.28	68.07	0.3575
20170207	6.356	93.05	0.3065
20170208	6.82	92.65	0.2482
20170209	7.325	91.84	0.5558
20170210	7.304	91.77	0.6429
20170211	5.142	93.67	0.9069
20170212	7.116	91.69	0.9065
20170213	13.44	85.35	0.9234
20170214	42.5	56.27	0.9416
20170215	42.77	55.99	0.9492
20170216	42.82	55.93	0.9561
20170217	nan	nan	nan
20170218	92.97	6.65	0.08058
20170219	75.67	23.91	0.1331
20170220	68.2	31.35	0.1673
20170221	69.65	29.9	0.1537
20170222	57.75	41.54	0.4262
20170223	58.2	41.07	0.4375
20170224	58.1	41.17	0.4438
20170225	nan	nan	nan
20170226	nan	nan	nan
20170227	3.605	95.85	0.2511
20170228	3.005	96.59	0.1166
20170301	2.214	96.93	0.5604
20170302	1.788	97.65	0.2762
20170303	0.7974	98.49	0.4231
20170304	1.347	97.83	0.5393
20170305	1.452	97.79	0.4731
20170306	1.437	98.18	0.09822
20170307	1.443	98.16	0.1096
20170308	1.034	98.53	0.147
20170309	1.062	98.52	0.1302
20170310	1.148	97.79	0.7821
20170311	1.123	97.82	0.7694
20170312	1.095	97.75	0.865
20170313	1.044	97.79	0.8734
20170314	nan	nan	nan
20170315	nan	nan	nan
20170316	nan	nan	nan
20170317	nan	nan	nan
20170318	nan	nan	nan
20170319	nan	nan	nan
20170320	nan	nan	nan
20170321	nan	nan	nan
20170322	nan	nan	nan
20170323	nan	nan	nan
20170324	nan	nan	nan
20170325	nan	nan	nan
20170326	nan	nan	nan
20170327	nan	nan	nan
20170328	nan	nan	nan
20170329	nan	nan	nan
20170330	nan	nan	nan
20170331	nan	nan	nan
20170401	nan	nan	nan
20170402	nan	nan	nan
20170403	nan	nan	nan
20170404	nan	nan	nan
20170405	nan	nan	nan
20170406	nan	nan	nan
20170407	63.28	36.21	0.2217
20170408	28.95	70.77	0.0004433
20170409	43.06	56.65	0.0004448
20170410	43.0	56.72	0.0004448
20170411	45.45	54.26	0.0004447
20170412	40.36	59.33	0.02227
20170413	17.64	82.06	0.01108
20170414	11.85	87.86	0.01107
20170415	16.97	82.73	0.01134
20170416	16.82	82.88	0.01134
20170417	13.56	86.15	0.0
20170418	13.53	86.19	0.0
20170419	13.52	86.19	0.0
20170420	nan	nan	nan
20170421	nan	nan	nan
20170422	nan	nan	nan
20170423	0.8263	98.88	0.004095
20170424	nan	nan	nan
20170425	1.094	98.61	0.004037
20170426	2.146	97.57	0.003974
20170427	1.776	97.94	0.003972
20170428	0.6354	99.07	0.015
20170429	0.9221	98.78	0.01632
20170430	0.982	98.72	0.01633
20170501	2.971	96.73	0.01237
20170502	5.034	94.67	0.01237
20170503	21.21	78.49	0.02344
20170504	25.62	74.07	0.02346
20170505	31.33	68.36	0.02358
20170506	nan	nan	nan
20170507	nan	nan	nan
20170508	nan	nan	nan
20170509	nan	nan	nan
20170510	nan	nan	nan
20170511	nan	nan	nan
20170512	nan	nan	nan
20170513	25.82	73.29	0.5958
20170514	12.67	86.04	1.005
20170515	29.14	69.31	1.269
20170516	28.16	70.28	1.274
20170517	31.1	67.34	1.274
20170518	30.95	66.85	1.908
20170519	32.67	65.15	1.898
20170520	34.76	63.18	1.778
20170521	37.73	60.43	1.548
20170522	nan	nan	nan
20170523	nan	nan	nan
20170524	nan	nan	nan
20170525	nan	nan	nan
20170526	nan	nan	nan
20170527	nan	nan	nan
20170528	nan	nan	nan
20170529	nan	nan	nan
20170530	nan	nan	nan
20170531	nan	nan	nan
20170601	nan	nan	nan
20170602	nan	nan	nan
20170603	nan	nan	nan
20170604	nan	nan	nan
20170605	nan	nan	nan
20170606	nan	nan	nan
20170607	nan	nan	nan
20170608	8.766	50.0	40.94
20170609	7.976	44.95	46.78
20170610	nan	nan	nan
20170611	nan	nan	nan
20170612	nan	nan	nan
20170613	3.935	31.52	64.25
20170614	nan	nan	nan
20170615	nan	nan	nan
20170616	nan	nan	nan
20170617	nan	nan	nan
20170618	nan	nan	nan
20170619	nan	nan	nan
20170620	nan	nan	nan
20170621	nan	nan	nan
20170622	nan	nan	nan
20170623	nan	nan	nan
20170624	nan	nan	nan
20170625	nan	nan	nan
20170626	nan	nan	nan
20170627	nan	nan	nan
20170628	nan	nan	nan
20170629	nan	nan	nan
20170630	nan	nan	nan
20170701	nan	nan	nan
20170702	nan	nan	nan
20170703	nan	nan	nan
20170704	nan	nan	nan
20170705	nan	nan	nan
20170706	nan	nan	nan
20170707	nan	nan	nan
20170708	nan	nan	nan
20170709	nan	nan	nan
20170710	nan	nan	nan
20170711	nan	nan	nan
20170712	nan	nan	nan
20170713	nan	nan	nan
20170714	nan	nan	nan
20170715	nan	nan	nan
20170716	nan	nan	nan
20170717	nan	nan	nan
20170718	nan	nan	nan
20170719	nan	nan	nan
20170720	nan	nan	nan
20170721	nan	nan	nan
20170722	nan	nan	nan
20170723	0.05638	0.03982	99.62
20170724	0.09259	0.03739	99.58
20170725	0.1282	0.0	99.59
20170726	0.3023	0.0004433	99.41
20170727	0.2213	0.0004427	99.49
20170728	0.08447	0.0004423	99.63
20170729	0.04647	0.0004425	99.67
20170730	0.05804	1.402	98.26
20170731	0.2121	1.404	98.1
20170801	0.3509	1.409	97.95
20170802	0.3427	1.41	97.96
20170803	0.3242	1.424	97.96
20170804	nan	nan	nan
20170805	nan	nan	nan
20170806	nan	nan	nan
20170807	nan	nan	nan
20170808	0.1748	1.12	98.42
20170809	0.178	1.12	98.41
20170810	0.1775	1.339	98.19
20170811	0.1558	0.7577	98.8
20170812	0.2893	1.43	97.99
20170813	nan	nan	nan
20170814	nan	nan	nan
20170815	nan	nan	nan
20170816	0.1261	0.1682	99.41
20170817	0.1893	0.313	99.2
20170818	nan	nan	nan
20170819	0.3258	0.01654	99.36
20170820	nan	nan	nan
20170821	nan	nan	nan
20170822	nan	nan	nan
20170823	nan	nan	nan
20170824	nan	nan	nan
20170825	nan	nan	nan
20170826	nan	nan	nan
20170827	nan	nan	nan
20170828	nan	nan	nan
20170829	nan	nan	nan
20170830	nan	nan	nan
20170831	nan	nan	nan
20170901	nan	nan	nan
20170902	nan	nan	nan
20170903	nan	nan	nan
20170904	0.1558	0.04302	99.51
20170905	0.382	0.0	99.33
20170906	0.4558	0.0	99.26
20170907	0.203	0.0	99.51
20170908	0.3248	0.0	99.39
20170909	0.3082	0.0	99.41
20170910	0.3241	0.1678	99.22
20170911	0.3805	0.1708	99.16
20170912	0.6597	1.851	97.2
20170913	0.5198	1.851	97.34
20170914	nan	nan	nan
20170915	nan	nan	nan
20170916	nan	nan	nan
20170917	nan	nan	nan
20170918	nan	nan	nan
20170919	nan	nan	nan
20170920	2.206	0.0877	97.41
20170921	nan	nan	nan
20170922	1.307	0.03137	98.37
20170923	1.414	0.4223	97.87
20170924	0.3672	0.02379	99.32
20170925	0.4386	0.05639	99.22
20170926	0.2583	0.05631	99.4
20170927	0.04663	0.03863	99.63
20170928	0.1027	0.03822	99.57
20170929	0.3402	0.02754	99.35
20170930	2.218	0.02215	97.47
20171001	0.1914	0.0	99.52
20171002	0.1823	0.0	99.53
20171003	0.1815	0.6189	98.91
20171004	0.2564	0.7336	98.72
20171005	0.3933	0.3	99.02
20171006	1.092	0.4403	98.18
20171007	1.045	0.5664	98.1
20171008	nan	nan	nan
20171009	nan	nan	nan
20171010	nan	nan	nan
20171011	nan	nan	nan
20171012	nan	nan	nan
20171013	nan	nan	nan
20171014	nan	nan	nan
20171015	nan	nan	nan
20171016	nan	nan	nan
20171017	nan	nan	nan
20171018	nan	nan	nan
20171019	nan	nan	nan
20171020	nan	nan	nan
20171021	nan	nan	nan
20171022	nan	nan	nan
20171023	70.28	15.7	13.74
20171024	76.97	14.3	8.447
20171025	51.86	28.46	19.39
20171026	35.59	28.6	35.52
20171027	35.48	28.75	35.49
20171028	21.61	48.19	29.92
20171029	12.55	65.19	21.97
20171030	25.92	68.54	5.26
20171031	11.06	86.02	2.632
20171101	24.29	74.74	0.6856
20171102	23.33	74.72	1.664
20171103	22.06	75.74	1.911
20171104	15.29	80.65	3.774
20171105	16.04	80.35	3.329
20171106	15.49	81.4	2.827
20171107	15.97	80.89	2.842
20171108	nan	nan	nan
20171109	nan	nan	nan
20171110	nan	nan	nan
20171111	nan	nan	nan
20171112	nan	nan	nan
20171113	nan	nan	nan
20171114	nan	nan	nan
20171115	nan	nan	nan
20171116	nan	nan	nan
20171117	nan	nan	nan
20171118	nan	nan	nan
20171119	nan	nan	nan
20171120	nan	nan	nan
20171121	nan	nan	nan
20171122	nan	nan	nan
20171123	nan	nan	nan
20171124	nan	nan	nan
20171125	nan	nan	nan
20171126	nan	nan	nan
20171127	nan	nan	nan
20171128	nan	nan	nan
20171129	nan	nan	nan
20171130	nan	nan	nan
20171201	nan	nan	nan
20171202	nan	nan	nan
20171203	nan	nan	nan
20171204	nan	nan	nan
20171205	nan	nan	nan
20171206	nan	nan	nan
20171207	nan	nan	nan
20171208	nan	nan	nan
20171209	nan	nan	nan
20171210	nan	nan	nan
20171211	nan	nan	nan
20171212	nan	nan	nan
20171213	nan	nan	nan
20171214	nan	nan	nan
20171215	nan	nan	nan
20171216	nan	nan	nan
20171217	nan	nan	nan
20171218	nan	nan	nan
20171219	nan	nan	nan
20171220	nan	nan	nan
20171221	nan	nan	nan
20171222	nan	nan	nan
20171223	nan	nan	nan
20171224	nan	nan	nan
20171225	nan	nan	nan
20171226	nan	nan	nan
20171227	nan	nan	nan
20171228	nan	nan	nan
20171229	nan	nan	nan
20171230	nan	nan	nan
20171231	nan	nan	nan
20180101	nan	nan	nan
20180102	nan	nan	nan
20180103	nan	nan	nan
20180104	nan	nan	nan
20180105	nan	nan	nan
20180106	nan	nan	nan
20180107	nan	nan	nan
20180108	nan	nan	nan
20180109	nan	nan	nan
20180110	nan	nan	nan
20180111	nan	nan	nan
20180112	nan	nan	nan
20180113	nan	nan	nan
20180114	nan	nan	nan
20180115	nan	nan	nan
20180116	nan	nan	nan
20180117	nan	nan	nan
20180118	nan	nan	nan
20180119	nan	nan	nan
20180120	nan	nan	nan
20180121	nan	nan	nan
20180122	nan	nan	nan
20180123	nan	nan	nan
20180124	nan	nan	nan
20180125	nan	nan	nan
20180126	nan	nan	nan
20180127	nan	nan	nan
20180128	nan	nan	nan
20180129	nan	nan	nan
20180130	nan	nan	nan
20180131	nan	nan	nan
20180201	nan	nan	nan
20180202	nan	nan	nan
20180203	nan	nan	nan
20180204	nan	nan	nan
20180205	nan	nan	nan
20180206	nan	nan	nan
20180207	nan	nan	nan
20180208	nan	nan	nan
20180209	nan	nan	nan
20180210	nan	nan	nan
20180211	1.688	94.96	3.064
20180212	1.628	93.32	4.767
20180213	11.67	85.4	2.637
20180214	2.842	91.92	4.948
20180215	9.092	87.13	3.489
20180216	18.4	80.84	0.47
20180217	8.597	90.5	0.6166
20180218	10.65	88.22	0.8456
20180219	16.98	80.92	1.812
20180220	24.12	75.51	0.09032
20180221	15.89	83.63	0.2031
20180222	3.661	95.95	0.104
20180223	19.64	79.9	0.178
20180224	18.01	81.46	0.2432
20180225	31.04	68.55	0.1247
20180226	13.92	84.71	1.095
20180227	19.37	80.3	0.04097
20180228	21.58	78.11	0.02952
20180301	21.44	78.02	0.2552
20180302	21.49	77.97	0.2553
20180303	21.44	77.87	0.4054
20180304	25.84	73.4	0.4709
20180305	16.91	81.8	1.003
20180306	6.115	93.51	0.08581
20180307	26.44	73.14	0.1329
20180308	24.05	75.48	0.183
20180309	35.05	64.65	0.01503
20180310	20.92	78.78	0.01017
20180311	20.35	79.17	0.1954
20180312	20.57	79.1	0.04552
20180313	20.63	78.75	0.3321
20180314	20.86	78.47	0.3877
20180315	15.16	84.53	0.02954
20180316	22.57	77.12	0.02424
20180317	24.98	74.73	0.0119
20180318	22.05	77.45	0.2166
20180319	22.75	76.69	0.2711
20180320	21.46	77.99	0.2712
20180321	20.72	78.64	0.3553
20180322	20.79	78.52	0.4021
20180323	11.74	87.91	0.06214
20180324	24.01	75.69	0.01325
20180325	24.42	75.29	0.01325
20180326	24.72	74.99	0.002652
20180327	21.4	78.06	0.259
20180328	19.2	80.17	0.3452
20180329	18.05	81.17	0.4905
20180330	16.95	82.17	0.5986
20180331	nan	nan	nan
20180401	nan	nan	nan
20180402	nan	nan	nan
20180403	0.1175	99.58	0.01286
20180404	0.5972	99.11	0.008848
20180405	0.7387	98.8	0.1761
20180406	1.029	98.51	0.1762
20180407	1.068	98.4	0.2527
20180408	0.1318	99.5	0.08845
20180409	0.1537	99.27	0.2879
20180410	nan	nan	nan
20180411	nan	nan	nan
20180412	nan	nan	nan
20180413	nan	nan	nan
20180414	12.31	87.4	0.0
20180415	12.45	87.26	0.0
20180416	25.2	74.51	0.0
20180417	17.11	82.55	0.0626
20180418	8.245	91.37	0.1013
20180419	13.26	86.33	0.1229
20180420	22.56	77.03	0.1229
20180421	33.27	66.32	0.1229
20180422	46.19	53.4	0.1216
20180423	28.92	70.19	0.606
20180424	34.86	64.31	0.5496
20180425	nan	nan	nan
20180426	nan	nan	nan
20180427	nan	nan	nan
20180428	nan	nan	nan
20180429	nan	nan	nan
20180430	nan	nan	nan
20180501	nan	nan	nan
20180502	nan	nan	nan
20180503	nan	nan	nan
20180504	nan	nan	nan
20180505	nan	nan	nan
20180506	18.59	60.82	20.3
20180507	18.61	60.8	20.3
20180508	11.52	60.21	27.98
20180509	6.352	59.41	33.94
20180510	6.121	46.54	47.05
20180511	6.186	42.13	51.39
20180512	3.661	38.79	57.26
20180513	3.684	38.26	57.77
20180514	1.715	26.0	72.0
20180515	1.655	21.07	76.99
20180516	1.766	16.36	81.59
20180517	1.246	13.58	84.89
20180518	1.231	12.34	86.14
20180519	nan	nan	nan
20180520	nan	nan	nan
20180521	nan	nan	nan
20180522	nan	nan	nan
20180523	nan	nan	nan
20180524	nan	nan	nan
20180525	nan	nan	nan
20180526	nan	nan	nan
20180527	nan	nan	nan
20180528	nan	nan	nan
20180529	nan	nan	nan
20180530	nan	nan	nan
20180531	nan	nan	nan
20180601	nan	nan	nan
20180602	nan	nan	nan
20180603	nan	nan	nan
20180604	nan	nan	nan
20180605	nan	nan	nan
20180606	nan	nan	nan
20180607	nan	nan	nan
20180608	nan	nan	nan
20180609	nan	nan	nan
20180610	nan	nan	nan
20180611	nan	nan	nan
20180612	nan	nan	nan
20180613	nan	nan	nan
20180614	nan	nan	nan
20180615	nan	nan	nan
20180616	nan	nan	nan
20180617	nan	nan	nan
20180618	nan	nan	nan
20180619	nan	nan	nan
20180620	nan	nan	nan
20180621	nan	nan	nan
20180622	nan	nan	nan
20180623	nan	nan	nan
20180624	nan	nan	nan
20180625	nan	nan	nan
20180626	nan	nan	nan
20180627	nan	nan	nan
20180628	nan	nan	nan
20180629	nan	nan	nan
20180630	nan	nan	nan
20180701	0.02573	0.1626	99.52
20180702	0.01691	0.02269	99.67
20180703	0.08799	0.02267	99.6
20180704	0.09111	0.02267	99.6
20180705	0.07574	0.009301	99.63
20180706	0.07574	0.009301	99.63
20180707	0.07581	0.00931	99.63
20180708	0.06233	0.008904	99.64
20180709	0.1667	0.009136	99.53
20180710	0.1194	0.0	99.59
20180711	0.02263	0.0	99.69
20180712	0.007123	0.0	99.71
20180713	0.001327	0.0	99.71
20180714	0.08889	0.0	99.63
20180715	0.2881	0.0	99.43
20180716	0.2354	0.0	99.48
20180717	0.07114	0.0	99.64
20180718	0.008394	0.0	99.71
20180719	0.004856	0.01987	99.69
20180720	0.01908	0.01997	99.68
20180721	0.08323	0.0	99.63
20180722	0.07652	0.0	99.64
20180723	0.06681	0.0	99.65
20180724	0.06695	0.0	99.65
20180725	0.06327	0.0	99.65
20180726	0.04631	0.0	99.66
20180727	0.0803	0.0	99.63
20180728	0.01112	0.0	99.7
20180729	0.02829	0.0	99.69
20180730	0.02829	0.0	99.69
20180731	0.01237	0.0	99.7
20180801	0.01191	0.0	99.7
20180802	0.1333	0.0	99.58
20180803	0.2193	0.0	99.5
20180804	0.2145	0.0	99.5
20180805	0.168	0.0	99.54
20180806	0.1833	0.0	99.52
20180807	nan	nan	nan
20180808	nan	nan	nan
20180809	nan	nan	nan
20180810	nan	nan	nan
20180811	nan	nan	nan
20180812	nan	nan	nan
20180813	nan	nan	nan
20180814	nan	nan	nan
20180815	nan	nan	nan
20180816	nan	nan	nan
20180817	nan	nan	nan
20180818	nan	nan	nan
20180819	nan	nan	nan
20180820	nan	nan	nan
20180821	nan	nan	nan
20180822	nan	nan	nan
20180823	nan	nan	nan
20180824	nan	nan	nan
20180825	nan	nan	nan
20180826	nan	nan	nan
20180827	nan	nan	nan
20180828	0.06242	0.0229	99.63
20180829	0.06286	0.02306	99.62
20180830	0.07377	0.1946	99.44
20180831	0.1951	0.2551	99.26
20180901	0.3526	0.008938	99.35
20180902	0.3531	0.008952	99.35
20180903	0.3319	4.169	95.21
20180904	0.281	3.754	95.67
20180905	0.08626	0.08984	99.54
20180906	0.05724	0.002219	99.66
20180907	0.1396	0.0	99.58
20180908	0.1314	0.0	99.58
20180909	0.02917	0.0	99.69
20180910	0.01016	0.0	99.71
20180911	0.01369	0.924	98.78
20180912	0.1214	0.1055	99.49
20180913	0.2489	0.08711	99.38
20180914	0.2452	0.4405	99.03
20180915	0.1081	0.4245	99.18
20180916	0.1088	0.9209	98.68
20180917	0.1269	0.1391	99.44
20180918	0.1548	0.1365	99.41
20180919	nan	nan	nan
20180920	nan	nan	nan
20180921	nan	nan	nan
20180922	nan	nan	nan
20180923	nan	nan	nan
20180924	nan	nan	nan
20180925	nan	nan	nan
20180926	nan	nan	nan
20180927	nan	nan	nan
20180928	nan	nan	nan
20180929	nan	nan	nan
20180930	nan	nan	nan
20181001	nan	nan	nan
20181002	nan	nan	nan
20181003	nan	nan	nan
20181004	nan	nan	nan
20181005	nan	nan	nan
20181006	nan	nan	nan
20181007	nan	nan	nan
20181008	nan	nan	nan
20181009	nan	nan	nan
20181010	nan	nan	nan
20181011	nan	nan	nan
20181012	nan	nan	nan
20181013	nan	nan	nan
20181014	nan	nan	nan
20181015	nan	nan	nan
20181016	nan	nan	nan
20181017	nan	nan	nan
20181018	nan	nan	nan
20181019	nan	nan	nan
20181020	nan	nan	nan
20181021	nan	nan	nan
20181022	nan	nan	nan
20181023	7.419	27.24	65.05
20181024	14.27	38.41	47.04
20181025	63.56	14.45	21.71
20181026	84.97	8.76	5.982
20181027	75.04	16.08	8.599
20181028	62.32	13.56	23.83
20181029	58.08	18.08	23.56
20181030	76.06	16.36	7.299
20181031	87.74	8.797	3.179
20181101	44.11	47.59	8.018
20181102	44.34	47.39	7.981
20181103	38.96	44.2	16.55
20181104	39.07	44.24	16.4
20181105	30.72	52.08	16.91
20181106	nan	nan	nan
20181107	nan	nan	nan
20181108	nan	nan	nan
20181109	nan	nan	nan
20181110	nan	nan	nan
20181111	nan	nan	nan
20181112	nan	nan	nan
20181113	nan	nan	nan
20181114	nan	nan	nan
20181115	nan	nan	nan
20181116	nan	nan	nan
20181117	nan	nan	nan
20181118	nan	nan	nan
20181119	nan	nan	nan
20181120	nan	nan	nan
20181121	nan	nan	nan
20181122	nan	nan	nan
20181123	nan	nan	nan
20181124	nan	nan	nan
20181125	nan	nan	nan
20181126	nan	nan	nan
20181127	nan	nan	nan
20181128	nan	nan	nan
20181129	nan	nan	nan
20181130	nan	nan	nan
20181201	nan	nan	nan
20181202	nan	nan	nan
20181203	nan	nan	nan
20181204	nan	nan	nan
20181205	nan	nan	nan
20181206	nan	nan	nan
20181207	nan	nan	nan
20181208	nan	nan	nan
20181209	nan	nan	nan
20181210	nan	nan	nan
20181211	nan	nan	nan
20181212	nan	nan	nan
20181213	nan	nan	nan
20181214	nan	nan	nan
20181215	nan	nan	nan
20181216	nan	nan	nan
20181217	nan	nan	nan
20181218	nan	nan	nan
20181219	nan	nan	nan
20181220	nan	nan	nan
20181221	nan	nan	nan
20181222	nan	nan	nan
20181223	nan	nan	nan
20181224	nan	nan	nan
20181225	nan	nan	nan
20181226	nan	nan	nan
20181227	nan	nan	nan
20181228	nan	nan	nan
20181229	nan	nan	nan
20181230	nan	nan	nan
20181231	nan	nan	nan
20190101	nan	nan	nan
20190102	nan	nan	nan
20190103	nan	nan	nan
20190104	nan	nan	nan
20190105	nan	nan	nan
20190106	nan	nan	nan
20190107	nan	nan	nan
20190108	nan	nan	nan
20190109	nan	nan	nan
20190110	nan	nan	nan
20190111	nan	nan	nan
20190112	nan	nan	nan
20190113	nan	nan	nan
20190114	nan	nan	nan
20190115	nan	nan	nan
20190116	nan	nan	nan
20190117	nan	nan	nan
20190118	nan	nan	nan
20190119	nan	nan	nan
20190120	nan	nan	nan
20190121	nan	nan	nan
20190122	nan	nan	nan
20190123	nan	nan	nan
20190124	nan	nan	nan
20190125	nan	nan	nan
20190126	nan	nan	nan
20190127	nan	nan	nan
20190128	nan	nan	nan
20190129	nan	nan	nan
20190130	nan	nan	nan
20190131	nan	nan	nan
20190201	nan	nan	nan
20190202	nan	nan	nan
20190203	nan	nan	nan
20190204	nan	nan	nan
20190205	nan	nan	nan
20190206	nan	nan	nan
20190207	nan	nan	nan
20190208	nan	nan	nan
20190209	16.22	82.93	0.5539
20190210	29.8	69.49	0.4136
20190211	39.9	59.51	0.3036
20190212	34.68	64.22	0.8123
20190213	32.37	66.47	0.8716
20190214	28.15	70.51	1.051
20190215	37.25	61.39	1.071
20190216	36.95	61.68	1.08
20190217	27.44	71.45	0.8236
20190218	54.53	44.71	0.4696
20190219	54.47	44.78	0.4682
20190220	49.08	50.15	0.4774
20190221	23.84	75.36	0.5066
20190222	nan	nan	nan
20190223	nan	nan	nan
20190224	nan	nan	nan
20190225	nan	nan	nan
20190226	47.96	50.19	1.555
20190227	nan	nan	nan
20190228	nan	nan	nan
20190301	89.42	9.775	0.5079
20190302	80.88	18.59	0.2461
20190303	72.33	27.04	0.3474
20190304	72.02	27.25	0.4417
20190305	72.09	27.18	0.4387
20190306	71.99	27.29	0.4392
20190307	40.3	59.28	0.1366
20190308	28.16	71.44	0.1045
20190309	26.34	73.27	0.097
20190310	7.121	92.55	0.0389
20190311	5.698	94.0	0.006814
20190312	6.551	92.77	0.3907
20190313	6.417	92.9	0.3915
20190314	5.45	93.45	0.8079
20190315	5.182	93.71	0.8121
20190316	5.004	93.84	0.8679
20190317	3.099	96.35	0.2613
20190318	nan	nan	nan
20190319	nan	nan	nan
20190320	nan	nan	nan
20190321	nan	nan	nan
20190322	nan	nan	nan
20190323	nan	nan	nan
20190324	nan	nan	nan
20190325	nan	nan	nan
20190326	nan	nan	nan
20190327	nan	nan	nan
20190328	nan	nan	nan
20190329	nan	nan	nan
20190330	nan	nan	nan
20190331	nan	nan	nan
20190401	nan	nan	nan
20190402	nan	nan	nan
20190403	nan	nan	nan
20190404	nan	nan	nan
20190405	50.6	49.11	0.0
20190406	23.83	75.89	0.0
20190407	30.83	68.88	0.0
20190408	28.17	71.35	0.1974
20190409	8.123	91.57	0.02203
20190410	6.477	93.24	0.0
20190411	8.415	91.3	0.0
20190412	8.329	91.39	0.0
20190413	8.797	90.91	0.0
20190414	13.07	86.63	0.01124
20190415	27.07	72.63	0.01119
20190416	33.89	65.81	0.01118
20190417	60.82	38.87	0.01156
20190418	60.81	38.88	0.01157
20190419	61.63	38.06	0.01156
20190420	61.97	37.72	0.01156
20190421	67.16	32.48	0.0695
20190422	41.09	58.58	0.03882
20190423	46.02	53.58	0.1098
20190424	51.99	47.62	0.1097
20190425	19.08	80.29	0.347
20190426	3.837	0.0	95.88
20190427	16.98	62.89	19.85
20190428	18.93	75.27	5.515
20190429	33.37	60.83	5.52
20190430	33.7	60.49	5.528
20190501	41.88	52.4	5.441
20190502	40.98	53.03	5.712
20190503	51.79	45.06	2.856
20190504	49.63	47.82	2.248
20190505	nan	nan	nan
20190506	nan	nan	nan
20190507	nan	nan	nan
20190508	nan	nan	nan
20190509	nan	nan	nan
20190510	nan	nan	nan
20190511	21.57	66.53	11.6
20190512	nan	nan	nan
20190513	nan	nan	nan
20190514	nan	nan	nan
20190515	nan	nan	nan
20190516	nan	nan	nan
20190517	nan	nan	nan
20190518	nan	nan	nan
20190519	nan	nan	nan
20190520	nan	nan	nan
20190521	nan	nan	nan
20190522	nan	nan	nan
20190523	10.12	35.99	53.6
20190524	nan	nan	nan
20190525	nan	nan	nan
20190526	nan	nan	nan
20190527	nan	nan	nan
20190528	nan	nan	nan
20190529	nan	nan	nan
20190530	nan	nan	nan
20190531	nan	nan	nan
20190601	nan	nan	nan
20190602	nan	nan	nan
20190603	nan	nan	nan
20190604	nan	nan	nan
20190605	nan	nan	nan
20190606	nan	nan	nan
20190607	nan	nan	nan
20190608	nan	nan	nan
20190609	nan	nan	nan
20190610	nan	nan	nan
20190611	nan	nan	nan
20190612	nan	nan	nan
20190613	0.0004403	0.0	99.72
20190614	0.05196	0.05768	99.61
20190615	0.1162	0.05372	99.55
20190616	0.3998	0.06825	99.25
20190617	0.2717	0.06032	99.38
20190618	0.2893	1.497	97.93
20190619	0.2893	1.497	97.93
20190620	0.2617	0.6131	98.84
20190621	0.2834	0.9959	98.43
20190622	0.3109	1.003	98.39
20190623	nan	nan	nan
20190624	nan	nan	nan
20190625	nan	nan	nan
20190626	nan	nan	nan
20190627	nan	nan	nan
20190628	nan	nan	nan
20190629	nan	nan	nan
20190630	nan	nan	nan
20190701	nan	nan	nan
20190702	nan	nan	nan
20190703	0.01183	0.0	99.7
20190704	0.2286	0.0	99.48
20190705	0.3371	0.00499	99.37
20190706	0.3374	0.004995	99.37
20190707	0.135	0.0045	99.57
20190708	0.06676	0.02982	99.62
20190709	0.1018	0.01778	99.59
20190710	0.2753	0.01799	99.42
20190711	0.1546	0.02985	99.53
20190712	0.09049	0.01375	99.61
20190713	0.01593	0.01372	99.69
20190714	0.08102	0.01373	99.62
20190715	0.1917	0.007545	99.52
20190716	0.5657	0.007579	99.14
20190717	0.6863	0.007586	99.02
20190718	0.1368	0.04043	99.54
20190719	0.02528	0.02927	99.66
20190720	0.0311	0.03425	99.64
20190721	0.1349	0.02903	99.55
20190722	0.2524	0.01469	99.45
20190723	0.1727	0.02664	99.52
20190724	0.1691	0.02664	99.52
20190725	0.1416	0.01079	99.56
20190726	0.02306	0.00399	99.69
20190727	0.001768	0.003977	99.71
20190728	0.0008834	0.003975	99.71
20190729	0.0	0.003974	99.71
20190730	0.0	0.0	99.72
20190731	0.0	0.0	99.72
20190801	0.03174	0.01939	99.67
20190802	0.246	0.006613	99.46
20190803	0.4123	0.01235	99.29
20190804	0.1261	0.0	99.59
20190805	0.2443	0.02778	99.44
20190806	0.04588	0.007499	99.66
20190807	0.1685	0.0075	99.54
20190808	0.2045	0.01944	99.49
20190809	0.4938	0.02033	99.2
20190810	0.4082	0.01195	99.3
20190811	0.4108	0.01199	99.29
20190812	0.09607	0.01212	99.6
20190813	0.102	0.0	99.6
20190814	0.2336	1.224	98.25
20190815	0.4207	1.233	98.05
20190816	0.4185	1.238	98.05
20190817	0.07761	0.08703	99.55
20190818	0.06632	0.173	99.47
20190819	0.0885	0.177	99.44
20190820	0.08287	0.1819	99.44
20190821	0.2568	1.694	97.76
20190822	0.3739	1.694	97.64
20190823	0.2417	1.147	98.32
20190824	nan	nan	nan
20190825	nan	nan	nan
20190826	nan	nan	nan
20190827	nan	nan	nan
20190828	nan	nan	nan
20190829	nan	nan	nan
20190830	nan	nan	nan
20190831	nan	nan	nan
20190901	0.03533	0.04338	99.63
20190902	0.2485	0.07688	99.39
20190903	0.3032	0.2195	99.19
20190904	0.2227	2.929	96.56
20190905	0.2095	2.743	96.76
20190906	0.2149	2.754	96.74
20190907	0.3232	1.796	97.59
20190908	nan	nan	nan
20190909	0.08516	0.1767	99.45
20190910	0.1714	0.1828	99.35
20190911	0.06608	0.02517	99.62
20190912	0.1331	0.07015	99.51
20190913	0.129	1.764	97.82
20190914	0.2486	9.386	90.08
20190915	0.3976	8.864	90.45
20190916	nan	nan	nan
20190917	nan	nan	nan
20190918	nan	nan	nan
20190919	nan	nan	nan
20190920	nan	nan	nan
20190921	nan	nan	nan
20190922	nan	nan	nan
20190923	nan	nan	nan
20190924	nan	nan	nan
20190925	nan	nan	nan
20190926	nan	nan	nan
20190927	0.4994	5.77	93.44
20190928	1.791	2.953	94.97
20190929	1.658	3.3	94.75
20190930	1.69	3.384	94.64
20191001	1.569	3.686	94.45
20191002	1.284	13.05	85.37
20191003	1.277	12.79	85.65
20191004	0.9505	13.59	85.17
20191005	nan	nan	nan
20191006	nan	nan	nan
20191007	nan	nan	nan
20191008	nan	nan	nan
20191009	nan	nan	nan
20191010	17.48	19.64	62.59
20191011	11.09	15.89	72.72
20191012	26.98	14.05	58.68
20191013	22.93	17.54	59.24
20191014	88.03	4.513	7.169
20191015	78.23	11.95	9.541
20191016	85.42	4.255	10.05
20191017	36.53	6.006	57.18
20191018	42.06	11.85	45.8
20191019	50.91	24.82	23.98
20191020	92.72	4.651	2.344
20191021	93.18	4.896	1.645
20191022	87.18	10.87	1.671
20191023	78.95	17.49	3.276
20191024	78.48	18.21	3.026
20191025	45.9	51.57	2.252
20191026	6.875	75.04	17.8
20191027	24.81	68.28	6.625
20191028	76.26	22.12	1.342
20191029	70.5	26.99	2.227
20191030	81.41	18.16	0.1484
20191031	64.27	34.57	0.8851
20191101	67.08	31.75	0.8921
20191102	75.35	23.87	0.4918
20191103	19.4	79.72	0.6045
20191104	23.59	75.3	0.8281
20191105	38.05	60.3	1.367
20191106	59.77	39.05	0.8957
20191107	68.11	30.91	0.6959
20191108	68.8	30.24	0.6654
20191109	86.29	13.13	0.2823
20191110	nan	nan	nan
20191111	nan	nan	nan
20191112	nan	nan	nan
20191113	nan	nan	nan
20191114	nan	nan	nan
20191115	nan	nan	nan
20191116	nan	nan	nan
20191117	nan	nan	nan
20191118	nan	nan	nan
20191119	nan	nan	nan
20191120	nan	nan	nan
20191121	nan	nan	nan
20191122	nan	nan	nan
20191123	nan	nan	nan
20191124	nan	nan	nan
20191125	nan	nan	nan
20191126	nan	nan	nan
20191127	nan	nan	nan
20191128	nan	nan	nan
20191129	nan	nan	nan
20191130	nan	nan	nan
20191201	nan	nan	nan
20191202	nan	nan	nan
20191203	nan	nan	nan
20191204	nan	nan	nan
20191205	nan	nan	nan
20191206	nan	nan	nan
20191207	nan	nan	nan
20191208	nan	nan	nan
20191209	nan	nan	nan
20191210	nan	nan	nan
20191211	nan	nan	nan
20191212	nan	nan	nan
20191213	nan	nan	nan
20191214	nan	nan	nan
20191215	nan	nan	nan
20191216	nan	nan	nan
20191217	nan	nan	nan
20191218	nan	nan	nan
20191219	nan	nan	nan
20191220	nan	nan	nan
20191221	nan	nan	nan
20191222	nan	nan	nan
20191223	nan	nan	nan
20191224	nan	nan	nan
20191225	nan	nan	nan
20191226	nan	nan	nan
20191227	nan	nan	nan
20191228	nan	nan	nan
20191229	nan	nan	nan
20191230	nan	nan	nan
20191231	nan	nan	nan
20200101	nan	nan	nan
20200102	nan	nan	nan
20200103	nan	nan	nan
20200104	nan	nan	nan
20200105	nan	nan	nan
20200106	nan	nan	nan
20200107	nan	nan	nan
20200108	nan	nan	nan
20200109	nan	nan	nan
20200110	nan	nan	nan
20200111	nan	nan	nan
20200112	nan	nan	nan
20200113	nan	nan	nan
20200114	nan	nan	nan
20200115	nan	nan	nan
20200116	nan	nan	nan
20200117	nan	nan	nan
20200118	nan	nan	nan
20200119	nan	nan	nan
20200120	nan	nan	nan
20200121	nan	nan	nan
20200122	nan	nan	nan
20200123	nan	nan	nan
20200124	nan	nan	nan
20200125	nan	nan	nan
20200126	nan	nan	nan
20200127	nan	nan	nan
20200128	nan	nan	nan
20200129	nan	nan	nan
20200130	nan	nan	nan
20200131	nan	nan	nan
20200201	nan	nan	nan
20200202	nan	nan	nan
20200203	nan	nan	nan
20200204	nan	nan	nan
20200205	nan	nan	nan
20200206	nan	nan	nan
20200207	nan	nan	nan
20200208	nan	nan	nan
20200209	nan	nan	nan
20200210	nan	nan	nan
20200211	nan	nan	nan
20200212	nan	nan	nan
20200213	nan	nan	nan
20200214	nan	nan	nan
20200215	nan	nan	nan
20200216	nan	nan	nan
20200217	nan	nan	nan
20200218	nan	nan	nan
20200219	0.3867	97.91	1.416
20200220	0.3496	97.92	1.438
20200221	0.1947	98.07	1.443
20200222	0.02425	98.28	1.403
20200223	0.03432	97.03	2.645
20200224	0.1155	97.16	2.432
20200225	0.7534	97.12	1.833
20200226	nan	nan	nan
20200227	nan	nan	nan
20200228	nan	nan	nan
20200229	nan	nan	nan
20200301	nan	nan	nan
20200302	nan	nan	nan
20200303	nan	nan	nan
20200304	0.08152	98.77	0.8506
20200305	0.2037	98.63	0.8736
20200306	0.176	98.29	1.239
20200307	0.1521	98.31	1.239
20200308	0.1142	99.32	0.2752
20200309	0.2285	99.21	0.2649
20200310	nan	nan	nan
20200311	nan	nan	nan
20200312	nan	nan	nan
20200313	nan	nan	nan
20200314	nan	nan	nan
20200315	nan	nan	nan
20200316	nan	nan	nan
20200317	nan	nan	nan
20200318	nan	nan	nan
20200319	nan	nan	nan
20200320	nan	nan	nan
20200321	nan	nan	nan
20200322	nan	nan	nan
20200323	nan	nan	nan
20200324	nan	nan	nan
20200325	nan	nan	nan
20200326	nan	nan	nan
20200327	nan	nan	nan
20200328	nan	nan	nan
20200329	nan	nan	nan
20200330	nan	nan	nan
20200331	nan	nan	nan
20200401	nan	nan	nan
20200402	nan	nan	nan
20200403	27.2	72.51	0.01117
20200404	23.12	76.54	0.04834
20200405	23.86	75.79	0.05645
20200406	26.47	73.18	0.0562
20200407	26.63	73.02	0.05627
20200408	30.35	69.14	0.222
20200409	48.43	51.07	0.2045
20200410	nan	nan	nan
20200411	nan	nan	nan
20200412	nan	nan	nan
20200413	nan	nan	nan
20200414	nan	nan	nan
20200415	nan	nan	nan
20200416	nan	nan	nan
20200417	nan	nan	nan
20200418	nan	nan	nan
20200419	nan	nan	nan
20200420	nan	nan	nan
20200421	nan	nan	nan
20200422	44.07	55.47	0.1618
20200423	nan	nan	nan
20200424	45.49	54.05	0.1602
20200425	56.47	43.1	0.1362
20200426	56.47	43.1	0.1362
20200427	65.34	34.25	0.1167
20200428	nan	nan	nan
20200429	52.77	46.94	0.0
20200430	42.16	57.56	0.0
20200501	42.45	57.27	0.0
20200502	41.88	57.84	0.0
20200503	43.72	56.0	0.0
20200504	50.14	49.57	0.0
20200505	57.89	41.83	0.0
20200506	59.74	39.97	0.0
20200507	nan	nan	nan
20200508	nan	nan	nan
20200509	nan	nan	nan
20200510	32.24	67.45	0.01749
20200511	56.4	43.31	0.01028
20200512	60.4	39.29	0.01966
20200513	50.72	48.96	0.03724
20200514	45.77	53.9	0.0439
20200515	47.25	52.42	0.0439
20200516	45.72	53.96	0.03545
20200517	47.3	52.37	0.03638
20200518	39.17	60.41	0.1301
20200519	37.86	61.72	0.1281
20200520	38.11	61.41	0.1809
20200521	nan	nan	nan
20200522	20.74	78.35	0.6288
20200523	25.95	72.77	0.9882
20200524	25.56	72.77	1.387
20200525	23.42	74.47	1.832
20200526	23.9	73.98	1.83
20200527	20.21	76.97	2.537
20200528	22.29	74.9	2.526
20200529	23.26	73.98	2.476
20200530	nan	nan	nan
20200531	nan	nan	nan
20200601	nan	nan	nan
20200602	nan	nan	nan
20200603	nan	nan	nan
20200604	nan	nan	nan
20200605	nan	nan	nan
20200606	nan	nan	nan
20200607	nan	nan	nan
20200608	nan	nan	nan
20200609	nan	nan	nan
20200610	nan	nan	nan
20200611	nan	nan	nan
20200612	nan	nan	nan
20200613	nan	nan	nan
20200614	nan	nan	nan
20200615	nan	nan	nan
20200616	3.405	24.55	71.74
20200617	3.482	17.84	78.39
20200618	2.377	18.05	79.28
20200619	2.359	16.21	81.13
20200620	1.438	13.5	84.77
20200621	1.422	10.17	88.12
20200622	1.559	8.327	89.83
20200623	1.3	6.518	91.89
20200624	1.248	6.305	92.16
20200625	1.037	4.466	94.2
20200626	nan	nan	nan
20200627	nan	nan	nan
20200628	0.5615	2.014	97.13
20200629	0.6924	1.708	97.31
20200630	0.6828	1.482	97.54
20200701	nan	nan	nan
20200702	nan	nan	nan
20200703	0.4772	2.286	96.94
20200704	nan	nan	nan
20200705	nan	nan	nan
20200706	nan	nan	nan
20200707	nan	nan	nan
20200708	nan	nan	nan
20200709	nan	nan	nan
20200710	nan	nan	nan
20200711	nan	nan	nan
20200712	nan	nan	nan
20200713	nan	nan	nan
20200714	nan	nan	nan
20200715	nan	nan	nan
20200716	nan	nan	nan
20200717	nan	nan	nan
20200718	0.0303	0.00505	99.67
20200719	0.03026	0.005044	99.67
20200720	nan	nan	nan
20200721	nan	nan	nan
20200722	nan	nan	nan
20200723	nan	nan	nan
20200724	nan	nan	nan
20200725	nan	nan	nan
20200726	nan	nan	nan
20200727	0.002755	0.0	99.7
20200728	0.002752	0.0	99.7
20200729	0.03403	0.07986	99.59
20200730	0.008042	0.07819	99.63
20200731	0.001333	0.0	99.71
20200801	0.1309	0.03494	99.55
20200802	0.09951	0.0	99.62
20200803	0.1815	0.0	99.53
20200804	0.2221	0.005739	99.49
20200805	0.1885	0.00574	99.52
20200806	0.03841	0.004415	99.67
20200807	0.09405	0.004416	99.62
20200808	0.1516	0.000442	99.56
20200809	0.1871	0.02477	99.5
20200810	0.1893	0.02501	99.5
20200811	0.1265	0.0	99.59
20200812	0.08956	0.0	99.63
20200813	0.1506	0.0	99.56
20200814	0.1603	0.00804	99.54
20200815	0.189	3.153	96.37
20200816	0.2002	3.153	96.36
20200817	0.1939	3.351	96.17
20200818	nan	nan	nan
20200819	nan	nan	nan
20200820	nan	nan	nan
20200821	nan	nan	nan
20200822	nan	nan	nan
20200823	nan	nan	nan
20200824	nan	nan	nan
20200825	nan	nan	nan
20200826	nan	nan	nan
20200827	nan	nan	nan
20200828	nan	nan	nan
20200829	nan	nan	nan
20200830	nan	nan	nan
20200831	nan	nan	nan
20200901	nan	nan	nan
20200902	nan	nan	nan
20200903	0.09321	0.1018	99.52
20200904	0.1165	0.421	99.17
20200905	0.07927	0.2976	99.33
20200906	0.1846	0.2991	99.22
20200907	0.1615	0.3326	99.21
20200908	0.1868	0.04592	99.48
20200909	0.265	0.2052	99.24
20200910	nan	nan	nan
20200911	nan	nan	nan
20200912	nan	nan	nan
20200913	nan	nan	nan
20200914	nan	nan	nan
20200915	nan	nan	nan
20200916	nan	nan	nan
20200917	nan	nan	nan
20200918	nan	nan	nan
20200919	nan	nan	nan
20200920	nan	nan	nan
20200921	nan	nan	nan
20200922	nan	nan	nan
20200923	nan	nan	nan
20200924	nan	nan	nan
20200925	nan	nan	nan
20200926	nan	nan	nan
20200927	1.474	7.285	90.95
20200928	0.6736	3.865	95.17
20200929	0.1248	1.76	97.83
20200930	0.205	1.881	97.63
20201001	0.1606	1.417	98.14
20201002	0.1771	0.9693	98.57
20201003	0.2196	0.9693	98.53
20201004	0.1909	6.266	93.26
20201005	0.06814	0.9428	98.7
20201006	0.1069	1.013	98.59
20201007	0.1514	5.299	94.26
20201008	0.1875	10.09	89.43
20201009	0.1974	8.199	91.32
20201010	0.1987	12.07	87.45
20201011	0.1956	12.05	87.46
20201012	nan	nan	nan
20201013	nan	nan	nan
20201014	nan	nan	nan
20201015	nan	nan	nan
20201016	nan	nan	nan
20201017	nan	nan	nan
20201018	nan	nan	nan
20201019	37.78	49.28	12.65
20201020	55.28	41.19	3.24
20201021	36.56	54.03	9.131
20201022	53.92	39.79	6.002
20201023	53.99	39.85	5.876
20201024	54.13	39.74	5.839
20201025	27.38	65.77	6.564
20201026	27.73	65.51	6.468
20201027	nan	nan	nan
20201028	nan	nan	nan
20201029	nan	nan	nan
20201030	nan	nan	nan
20201031	nan	nan	nan
20201101	nan	nan	nan
20201102	nan	nan	nan
20201103	nan	nan	nan
20201104	nan	nan	nan
20201105	nan	nan	nan
20201106	nan	nan	nan
20201107	nan	nan	nan
20201108	nan	nan	nan
20201109	nan	nan	nan
20201110	nan	nan	nan
20201111	nan	nan	nan
20201112	nan	nan	nan
20201113	nan	nan	nan
20201114	nan	nan	nan
20201115	nan	nan	nan
20201116	nan	nan	nan
20201117	nan	nan	nan
20201118	nan	nan	nan
20201119	nan	nan	nan
20201120	nan	nan	nan
20201121	nan	nan	nan
20201122	nan	nan	nan
20201123	nan	nan	nan
20201124	nan	nan	nan
20201125	nan	nan	nan
20201126	nan	nan	nan
20201127	nan	nan	nan
20201128	nan	nan	nan
20201129	nan	nan	nan
20201130	nan	nan	nan
20201201	nan	nan	nan
20201202	nan	nan	nan
20201203	nan	nan	nan
20201204	nan	nan	nan
20201205	nan	nan	nan
20201206	nan	nan	nan
20201207	nan	nan	nan
20201208	nan	nan	nan
20201209	nan	nan	nan
20201210	nan	nan	nan
20201211	nan	nan	nan
20201212	nan	nan	nan
20201213	nan	nan	nan
20201214	nan	nan	nan
20201215	nan	nan	nan
20201216	nan	nan	nan
20201217	nan	nan	nan
20201218	nan	nan	nan
20201219	nan	nan	nan
20201220	nan	nan	nan
20201221	nan	nan	nan
20201222	nan	nan	nan
20201223	nan	nan	nan
20201224	nan	nan	nan
20201225	nan	nan	nan
20201226	nan	nan	nan
20201227	nan	nan	nan
20201228	nan	nan	nan
20201229	nan	nan	nan
20201230	nan	nan	nan
20201231	nan	nan	nan
20210101	nan	nan	nan
20210102	nan	nan	nan
20210103	nan	nan	nan
20210104	nan	nan	nan
20210105	nan	nan	nan
20210106	nan	nan	nan
20210107	nan	nan	nan
20210108	nan	nan	nan
20210109	nan	nan	nan
20210110	nan	nan	nan
20210111	nan	nan	nan
20210112	nan	nan	nan
20210113	nan	nan	nan
20210114	nan	nan	nan
20210115	nan	nan	nan
20210116	nan	nan	nan
20210117	nan	nan	nan
20210118	nan	nan	nan
20210119	nan	nan	nan
20210120	nan	nan	nan
20210121	nan	nan	nan
20210122	nan	nan	nan
20210123	nan	nan	nan
20210124	nan	nan	nan
20210125	nan	nan	nan
20210126	nan	nan	nan
20210127	nan	nan	nan
20210128	nan	nan	nan
20210129	nan	nan	nan
20210130	nan	nan	nan
20210131	nan	nan	nan
20210201	nan	nan	nan
20210202	nan	nan	nan
20210203	nan	nan	nan
20210204	nan	nan	nan
20210205	nan	nan	nan
20210206	nan	nan	nan
20210207	nan	nan	nan
20210208	nan	nan	nan
20210209	nan	nan	nan
20210210	nan	nan	nan
20210211	nan	nan	nan
20210212	85.9	13.56	0.2417
20210213	83.24	13.39	3.072
20210214	nan	nan	nan
20210215	48.04	49.23	2.423
20210216	77.2	22.26	0.2473
20210217	76.19	23.48	0.03633
20210218	53.89	45.8	0.02823
20210219	84.71	15.0	0.007939
20210220	79.75	19.69	0.2804
20210221	84.9	14.59	0.2216
20210222	84.99	14.51	0.2181
20210223	77.34	21.78	0.5877
20210224	76.77	21.62	1.32
20210225	79.39	19.01	1.304
20210226	77.25	18.67	3.798
20210227	78.22	17.62	3.868
20210228	nan	nan	nan
20210301	nan	nan	nan
20210302	nan	nan	nan
20210303	nan	nan	nan
20210304	nan	nan	nan
20210305	nan	nan	nan
20210306	nan	nan	nan
20210307	nan	nan	nan
20210308	nan	nan	nan
20210309	nan	nan	nan
20210310	nan	nan	nan
20210311	nan	nan	nan
20210312	36.05	62.99	0.6678
20210313	34.89	64.18	0.6374
20210314	35.08	63.97	0.6575
20210315	36.18	62.72	0.7993
20210316	35.76	63.12	0.8288
20210317	nan	nan	nan
20210318	nan	nan	nan
20210319	nan	nan	nan
20210320	nan	nan	nan
20210321	nan	nan	nan
20210322	nan	nan	nan
20210323	nan	nan	nan
20210324	17.37	82.0	0.3359
20210325	nan	nan	nan
20210326	nan	nan	nan
20210327	nan	nan	nan
20210328	nan	nan	nan
20210329	nan	nan	nan
20210330	nan	nan	nan
20210331	nan	nan	nan
20210401	nan	nan	nan
20210402	nan	nan	nan
20210403	nan	nan	nan
20210404	nan	nan	nan
20210405	nan	nan	nan
20210406	nan	nan	nan
20210407	nan	nan	nan
20210408	nan	nan	nan
20210409	nan	nan	nan
20210410	nan	nan	nan
20210411	nan	nan	nan
20210412	nan	nan	nan
20210413	nan	nan	nan
20210414	nan	nan	nan
20210415	nan	nan	nan
20210416	nan	nan	nan
20210417	nan	nan	nan
20210418	18.07	81.63	0.0151
20210419	15.09	84.42	0.2066
20210420	15.09	84.09	0.5348
20210421	15.06	84.12	0.5349
20210422	15.03	83.41	1.268
20210423	17.24	80.89	1.587
20210424	39.17	59.0	1.541
20210425	39.31	58.79	1.614
20210426	39.55	58.59	1.568
20210427	nan	nan	nan
20210428	nan	nan	nan
20210429	nan	nan	nan
20210430	nan	nan	nan
20210501	nan	nan	nan
20210502	nan	nan	nan
20210503	nan	nan	nan
20210504	nan	nan	nan
20210505	7.773	90.24	1.694
20210506	9.162	87.67	2.879
20210507	9.162	87.67	2.879
20210508	17.75	79.33	2.632
20210509	17.75	79.33	2.63
20210510	17.67	77.79	4.247
20210511	27.42	68.36	3.934
20210512	28.27	67.2	4.228
20210513	nan	nan	nan
20210514	nan	nan	nan
20210515	nan	nan	nan
20210516	nan	nan	nan
20210517	nan	nan	nan
20210518	nan	nan	nan
20210519	nan	nan	nan
20210520	nan	nan	nan
20210521	nan	nan	nan
20210522	nan	nan	nan
20210523	nan	nan	nan
20210524	nan	nan	nan
20210525	nan	nan	nan
20210526	nan	nan	nan
20210527	nan	nan	nan
20210528	nan	nan	nan
20210529	nan	nan	nan
20210530	nan	nan	nan
20210531	nan	nan	nan
20210601	nan	nan	nan
20210602	nan	nan	nan
20210603	2.266	17.22	80.22
20210604	1.624	13.86	84.22
20210605	1.662	12.69	85.35
20210606	1.123	12.33	86.26
20210607	1.123	12.32	86.27
20210608	1.006	8.753	89.95
20210609	0.8328	6.317	92.56
20210610	0.8442	5.57	93.29
20210611	nan	nan	nan
20210612	nan	nan	nan
20210613	nan	nan	nan
20210614	nan	nan	nan
20210615	nan	nan	nan
20210616	nan	nan	nan
20210617	nan	nan	nan
20210618	nan	nan	nan
20210619	nan	nan	nan
20210620	nan	nan	nan
20210621	nan	nan	nan
20210622	nan	nan	nan
20210623	nan	nan	nan
20210624	nan	nan	nan
20210625	nan	nan	nan
20210626	nan	nan	nan
20210627	nan	nan	nan
20210628	nan	nan	nan
20210629	nan	nan	nan
20210630	nan	nan	nan
20210701	nan	nan	nan
20210702	nan	nan	nan
20210703	0.008584	0.001355	99.7
20210704	0.01799	0.001349	99.69
20210705	0.07871	0.001342	99.63
20210706	0.08483	0.001339	99.63
20210707	0.08168	0.001339	99.63
20210708	0.08177	0.2359	99.4
20210709	0.09577	0.2363	99.38
20210710	0.05861	0.0	99.65
20210711	0.122	0.0	99.59
20210712	0.1106	0.0	99.6
20210713	nan	nan	nan
20210714	nan	nan	nan
20210715	nan	nan	nan
20210716	nan	nan	nan
20210717	nan	nan	nan
20210718	nan	nan	nan
20210719	nan	nan	nan
20210720	nan	nan	nan
20210721	nan	nan	nan
20210722	nan	nan	nan
20210723	nan	nan	nan
20210724	nan	nan	nan
20210725	nan	nan	nan
20210726	nan	nan	nan
20210727	nan	nan	nan
20210728	nan	nan	nan
20210729	nan	nan	nan
20210730	nan	nan	nan
20210731	nan	nan	nan
20210801	nan	nan	nan
20210802	nan	nan	nan
20210803	nan	nan	nan
20210804	nan	nan	nan
20210805	nan	nan	nan
20210806	nan	nan	nan
20210807	0.01084	0.02621	99.67
20210808	0.003551	0.02575	99.69
20210809	0.002664	0.0	99.71
20210810	0.007548	0.0	99.71
20210811	0.04	0.4728	99.2
20210812	0.04002	0.4731	99.2
20210813	0.03714	0.4761	99.2
20210814	0.06272	0.1027	99.54
20210815	nan	nan	nan
20210816	nan	nan	nan
20210817	nan	nan	nan
20210818	nan	nan	nan
20210819	nan	nan	nan
20210820	nan	nan	nan
20210821	nan	nan	nan
20210822	nan	nan	nan
20210823	nan	nan	nan
20210824	nan	nan	nan
20210825	nan	nan	nan
20210826	0.004952	0.0	99.71
20210827	0.04638	0.04147	99.63
20210828	0.15	0.04153	99.52
20210829	0.1621	0.04153	99.51
20210830	0.1623	0.04157	99.51
20210831	0.1608	0.1237	99.43
20210901	0.189	1.266	98.26
20210902	nan	nan	nan
20210903	nan	nan	nan
20210904	nan	nan	nan
20210905	nan	nan	nan
20210906	nan	nan	nan
20210907	nan	nan	nan
20210908	nan	nan	nan
20210909	nan	nan	nan
20210910	nan	nan	nan
20210911	nan	nan	nan
20210912	nan	nan	nan
20210913	nan	nan	nan
20210914	nan	nan	nan
20210915	nan	nan	nan
20210916	nan	nan	nan
20210917	nan	nan	nan
20210918	nan	nan	nan
20210919	nan	nan	nan
20210920	nan	nan	nan
20210921	nan	nan	nan
20210922	nan	nan	nan
20210923	nan	nan	nan
20210924	nan	nan	nan
20210925	nan	nan	nan
20210926	nan	nan	nan
20210927	nan	nan	nan
20210928	nan	nan	nan
20210929	nan	nan	nan
20210930	nan	nan	nan
20211001	nan	nan	nan
20211002	nan	nan	nan
20211003	nan	nan	nan
20211004	nan	nan	nan
20211005	nan	nan	nan
20211006	0.02358	1.348	98.33
20211007	nan	nan	nan
20211008	nan	nan	nan
20211009	nan	nan	nan
20211010	nan	nan	nan
20211011	nan	nan	nan
20211012	nan	nan	nan
20211013	nan	nan	nan
20211014	nan	nan	nan
20211015	nan	nan	nan
20211016	nan	nan	nan
20211017	nan	nan	nan
20211018	nan	nan	nan
20211019	47.32	44.67	7.717
20211020	47.15	45.65	6.911
20211021	45.81	46.69	7.212
20211022	46.68	46.29	6.73
20211023	54.55	38.83	6.333
20211024	54.69	38.71	6.311
20211025	56.51	37.26	5.95
20211026	35.28	61.89	2.541
20211027	34.78	62.56	2.362
20211028	20.35	76.07	3.289
20211029	6.276	85.36	8.079
20211030	nan	nan	nan
20211031	1.318	85.27	13.12
20211101	1.234	81.89	16.58
20211102	0.4693	77.69	21.55
20211103	0.3813	77.75	21.57
20211104	nan	nan	nan
20211105	nan	nan	nan
20211106	nan	nan	nan
20211107	nan	nan	nan
20211108	nan	nan	nan
20211109	nan	nan	nan
20211110	nan	nan	nan
20211111	nan	nan	nan
20211112	nan	nan	nan
20211113	nan	nan	nan
20211114	nan	nan	nan
20211115	nan	nan	nan
20211116	nan	nan	nan
20211117	nan	nan	nan
20211118	nan	nan	nan
20211119	nan	nan	nan
20211120	nan	nan	nan
20211121	nan	nan	nan
20211122	nan	nan	nan
20211123	nan	nan	nan
20211124	nan	nan	nan
20211125	nan	nan	nan
20211126	nan	nan	nan
20211127	nan	nan	nan
20211128	nan	nan	nan
20211129	nan	nan	nan
20211130	nan	nan	nan
20211201	nan	nan	nan
20211202	nan	nan	nan
20211203	nan	nan	nan
20211204	nan	nan	nan
20211205	nan	nan	nan
20211206	nan	nan	nan
20211207	nan	nan	nan
20211208	nan	nan	nan
20211209	nan	nan	nan
20211210	nan	nan	nan
20211211	nan	nan	nan
20211212	nan	nan	nan
20211213	nan	nan	nan
20211214	nan	nan	nan
20211215	nan	nan	nan
20211216	nan	nan	nan
20211217	nan	nan	nan
20211218	nan	nan	nan
20211219	nan	nan	nan
20211220	nan	nan	nan
20211221	nan	nan	nan
20211222	nan	nan	nan
20211223	nan	nan	nan
20211224	nan	nan	nan
20211225	nan	nan	nan
20211226	nan	nan	nan
20211227	nan	nan	nan
20211228	nan	nan	nan
20211229	nan	nan	nan
20211230	nan	nan	nan
20211231	nan	nan	nan
20220101	nan	nan	nan
20220102	nan	nan	nan
20220103	nan	nan	nan
20220104	nan	nan	nan
20220105	nan	nan	nan
20220106	nan	nan	nan
20220107	nan	nan	nan
20220108	nan	nan	nan
20220109	nan	nan	nan
20220110	nan	nan	nan
20220111	nan	nan	nan
20220112	nan	nan	nan
20220113	nan	nan	nan
20220114	nan	nan	nan
20220115	nan	nan	nan
20220116	nan	nan	nan
20220117	nan	nan	nan
20220118	nan	nan	nan
20220119	nan	nan	nan
20220120	nan	nan	nan
20220121	nan	nan	nan
20220122	nan	nan	nan
20220123	nan	nan	nan
20220124	nan	nan	nan
20220125	nan	nan	nan
20220126	nan	nan	nan
20220127	nan	nan	nan
20220128	nan	nan	nan
20220129	nan	nan	nan
20220130	nan	nan	nan
20220131	nan	nan	nan
20220201	nan	nan	nan
20220202	nan	nan	nan
20220203	nan	nan	nan
20220204	nan	nan	nan
20220205	nan	nan	nan
20220206	nan	nan	nan
20220207	nan	nan	nan
20220208	nan	nan	nan
20220209	nan	nan	nan
20220210	nan	nan	nan
20220211	nan	nan	nan
20220212	nan	nan	nan
20220213	nan	nan	nan
20220214	nan	nan	nan
20220215	nan	nan	nan
20220216	nan	nan	nan
20220217	nan	nan	nan
20220218	nan	nan	nan
20220219	nan	nan	nan
20220220	nan	nan	nan
20220221	nan	nan	nan
20220222	0.4483	98.86	0.4058
20220223	0.433	98.82	0.4556
20220224	0.1425	99.08	0.4873
20220225	0.5165	98.69	0.5084
20220226	0.5165	98.69	0.5084
20220227	0.9775	97.72	1.016
20220228	0.9783	97.64	1.096
20220301	1.953	96.65	1.101
20220302	nan	nan	nan
20220303	nan	nan	nan
20220304	nan	nan	nan
20220305	nan	nan	nan
20220306	nan	nan	nan
20220307	nan	nan	nan
20220308	nan	nan	nan
20220309	nan	nan	nan
20220310	nan	nan	nan
20220311	nan	nan	nan
20220312	nan	nan	nan
20220313	nan	nan	nan
20220314	2.403	97.27	0.02954
20220315	2.403	97.25	0.05104
20220316	4.119	95.57	0.02209
20220317	4.119	95.57	0.02209
20220318	12.76	86.7	0.2552
20220319	12.73	86.71	0.2789
20220320	9.57	90.05	0.09602
20220321	17.53	82.12	0.07143
20220322	17.48	81.68	0.5595
20220323	nan	nan	nan
20220324	nan	nan	nan
20220325	nan	nan	nan
20220326	nan	nan	nan
20220327	nan	nan	nan
20220328	43.79	55.83	0.09829
20220329	43.78	55.81	0.1262
20220330	43.49	56.1	0.1262
20220331	42.73	56.04	0.9457
20220401	42.68	56.09	0.9462
20220402	42.59	55.79	1.34
20220403	42.6	55.74	1.376
20220404	nan	nan	nan
20220405	nan	nan	nan
20220406	nan	nan	nan
20220407	nan	nan	nan
20220408	nan	nan	nan
20220409	nan	nan	nan
20220410	nan	nan	nan
20220411	nan	nan	nan
20220412	nan	nan	nan
20220413	nan	nan	nan
20220414	nan	nan	nan
20220415	nan	nan	nan
20220416	nan	nan	nan
20220417	nan	nan	nan
20220418	nan	nan	nan
20220419	nan	nan	nan
20220420	nan	nan	nan
20220421	nan	nan	nan
20220422	nan	nan	nan
20220423	nan	nan	nan
20220424	nan	nan	nan
20220425	nan	nan	nan
20220426	nan	nan	nan
20220427	nan	nan	nan
20220428	nan	nan	nan
20220429	nan	nan	nan
20220430	nan	nan	nan
20220501	nan	nan	nan
20220502	nan	nan	nan
20220503	nan	nan	nan
20220504	nan	nan	nan
20220505	nan	nan	nan
20220506	nan	nan	nan
20220507	nan	nan	nan
20220508	nan	nan	nan
20220509	nan	nan	nan
20220510	nan	nan	nan
20220511	nan	nan	nan
20220512	nan	nan	nan
20220513	nan	nan	nan
20220514	nan	nan	nan
20220515	nan	nan	nan
20220516	nan	nan	nan
20220517	nan	nan	nan
20220518	nan	nan	nan
20220519	nan	nan	nan
20220520	nan	nan	nan
20220521	nan	nan	nan
20220522	nan	nan	nan
20220523	9.583	61.73	28.39
20220524	9.978	61.41	28.32
20220525	3.159	59.89	36.66
20220526	3.19	59.56	36.96
20220527	nan	nan	nan
20220528	nan	nan	nan
20220529	nan	nan	nan
20220530	nan	nan	nan
20220531	1.333	34.9	63.48
20220601	nan	nan	nan
20220602	nan	nan	nan
20220603	nan	nan	nan
20220604	nan	nan	nan
20220605	nan	nan	nan
20220606	nan	nan	nan
20220607	nan	nan	nan
20220608	nan	nan	nan
20220609	nan	nan	nan
20220610	nan	nan	nan
20220611	nan	nan	nan
20220612	nan	nan	nan
20220613	nan	nan	nan
20220614	nan	nan	nan
20220615	nan	nan	nan
20220616	nan	nan	nan
20220617	nan	nan	nan
20220618	nan	nan	nan
20220619	nan	nan	nan
20220620	nan	nan	nan
20220621	nan	nan	nan
20220622	nan	nan	nan
20220623	nan	nan	nan
20220624	nan	nan	nan
20220625	nan	nan	nan
20220626	0.1148	0.215	99.38
20220627	0.04515	0.1328	99.53
20220628	0.01242	0.03282	99.67
20220629	0.02219	0.01553	99.68
20220630	0.1862	0.02482	99.5
20220701	0.01152	0.01728	99.69
20220702	0.09754	0.0	99.62
20220703	0.09758	0.0	99.62
20220704	0.06438	0.3734	99.28
20220705	0.04805	0.2616	99.4
20220706	0.1443	0.2618	99.31
20220707	0.1533	0.5807	98.98
20220708	0.1542	0.5842	98.97
20220709	nan	nan	nan
20220710	nan	nan	nan
20220711	nan	nan	nan
20220712	0.168	0.03443	99.5
20220713	0.1658	0.03444	99.5
20220714	0.1679	0.1393	99.4
20220715	0.1679	0.1394	99.4
20220716	nan	nan	nan
20220717	nan	nan	nan
20220718	nan	nan	nan
20220719	nan	nan	nan
20220720	nan	nan	nan
20220721	nan	nan	nan
20220722	nan	nan	nan
20220723	nan	nan	nan
20220724	nan	nan	nan
20220725	nan	nan	nan
20220726	nan	nan	nan
20220727	nan	nan	nan
20220728	nan	nan	nan
20220729	0.04	0.0	99.66
20220730	0.004917	0.0	99.71
20220731	0.1223	0.0	99.59
20220801	0.01465	0.0	99.7
20220802	0.01465	0.0	99.7
20220803	0.009307	0.0	99.71
20220804	0.1103	0.0	99.6
20220805	0.3738	0.0	99.34
20220806	0.06479	0.0	99.65
20220807	0.05711	0.0	99.65
20220808	nan	nan	nan
20220809	nan	nan	nan
20220810	nan	nan	nan
20220811	nan	nan	nan
20220812	nan	nan	nan
20220813	nan	nan	nan
20220814	nan	nan	nan
20220815	nan	nan	nan
20220816	nan	nan	nan
20220817	nan	nan	nan
20220818	nan	nan	nan
20220819	nan	nan	nan
20220820	nan	nan	nan
20220821	nan	nan	nan
20220822	nan	nan	nan
20220823	nan	nan	nan
