Date	WetSnow	DrySnow	BareGround
20140920	nan	nan	nan
20140921	nan	nan	nan
20140922	nan	nan	nan
20140923	nan	nan	nan
20140924	nan	nan	nan
20140925	nan	nan	nan
20140926	nan	nan	nan
20140927	nan	nan	nan
20140928	nan	nan	nan
20140929	nan	nan	nan
20140930	nan	nan	nan
20141001	nan	nan	nan
20141002	nan	nan	nan
20141003	0.3306	0.3604	99.31
20141004	26.0	0.09826	73.9
20141005	27.88	1.678	70.45
20141006	12.35	0.8307	86.82
20141007	11.06	0.8114	88.13
20141008	10.01	0.6238	89.36
20141009	9.334	0.5693	90.1
20141010	7.408	0.4544	92.14
20141011	6.912	0.4008	92.69
20141012	6.293	0.3623	93.34
20141013	6.282	0.3624	93.36
20141014	6.288	0.3627	93.35
20141015	6.165	0.3499	93.48
20141016	5.896	0.3497	93.75
20141017	19.49	8.535	71.97
20141018	19.4	8.445	72.16
20141019	18.84	8.274	72.88
20141020	18.37	8.173	73.46
20141021	18.51	8.264	73.23
20141022	17.28	7.792	74.92
20141023	18.26	8.32	73.42
20141024	17.46	8.1	74.44
20141025	17.49	8.114	74.4
20141026	17.72	8.267	74.01
20141027	17.99	8.3	73.71
20141028	17.39	7.238	75.38
20141029	nan	nan	nan
20141030	nan	nan	nan
20141031	15.25	25.92	58.83
20141101	15.19	25.99	58.82
20141102	14.39	26.98	58.64
20141103	18.29	31.72	49.99
20141104	18.04	32.34	49.62
20141105	17.99	32.15	49.86
20141106	17.99	32.15	49.86
20141107	31.16	26.36	42.48
20141108	31.17	26.35	42.47
20141109	32.54	26.31	41.15
20141110	39.86	24.57	35.57
20141111	nan	nan	nan
20141112	nan	nan	nan
20141113	nan	nan	nan
20141114	nan	nan	nan
20141115	nan	nan	nan
20141116	nan	nan	nan
20141117	nan	nan	nan
20141118	nan	nan	nan
20141119	nan	nan	nan
20141120	nan	nan	nan
20141121	nan	nan	nan
20141122	nan	nan	nan
20141123	nan	nan	nan
20141124	nan	nan	nan
20141125	nan	nan	nan
20141126	nan	nan	nan
20141127	nan	nan	nan
20141128	nan	nan	nan
20141129	nan	nan	nan
20141130	nan	nan	nan
20141201	nan	nan	nan
20141202	nan	nan	nan
20141203	nan	nan	nan
20141204	nan	nan	nan
20141205	nan	nan	nan
20141206	nan	nan	nan
20141207	nan	nan	nan
20141208	nan	nan	nan
20141209	nan	nan	nan
20141210	nan	nan	nan
20141211	nan	nan	nan
20141212	nan	nan	nan
20141213	nan	nan	nan
20141214	nan	nan	nan
20141215	nan	nan	nan
20141216	nan	nan	nan
20141217	nan	nan	nan
20141218	nan	nan	nan
20141219	nan	nan	nan
20141220	nan	nan	nan
20141221	nan	nan	nan
20141222	nan	nan	nan
20141223	nan	nan	nan
20141224	nan	nan	nan
20141225	nan	nan	nan
20141226	nan	nan	nan
20141227	nan	nan	nan
20141228	nan	nan	nan
20141229	nan	nan	nan
20141230	nan	nan	nan
20141231	nan	nan	nan
20150101	nan	nan	nan
20150102	nan	nan	nan
20150103	nan	nan	nan
20150104	nan	nan	nan
20150105	nan	nan	nan
20150106	nan	nan	nan
20150107	nan	nan	nan
20150108	nan	nan	nan
20150109	nan	nan	nan
20150110	nan	nan	nan
20150111	nan	nan	nan
20150112	nan	nan	nan
20150113	nan	nan	nan
20150114	nan	nan	nan
20150115	nan	nan	nan
20150116	nan	nan	nan
20150117	nan	nan	nan
20150118	nan	nan	nan
20150119	nan	nan	nan
20150120	nan	nan	nan
20150121	nan	nan	nan
20150122	nan	nan	nan
20150123	nan	nan	nan
20150124	nan	nan	nan
20150125	nan	nan	nan
20150126	nan	nan	nan
20150127	nan	nan	nan
20150128	nan	nan	nan
20150129	nan	nan	nan
20150130	nan	nan	nan
20150131	nan	nan	nan
20150201	nan	nan	nan
20150202	nan	nan	nan
20150203	nan	nan	nan
20150204	nan	nan	nan
20150205	nan	nan	nan
20150206	nan	nan	nan
20150207	nan	nan	nan
20150208	nan	nan	nan
20150209	nan	nan	nan
20150210	nan	nan	nan
20150211	nan	nan	nan
20150212	nan	nan	nan
20150213	nan	nan	nan
20150214	nan	nan	nan
20150215	nan	nan	nan
20150216	nan	nan	nan
20150217	nan	nan	nan
20150218	nan	nan	nan
20150219	nan	nan	nan
20150220	nan	nan	nan
20150221	nan	nan	nan
20150222	nan	nan	nan
20150223	nan	nan	nan
20150224	nan	nan	nan
20150225	nan	nan	nan
20150226	nan	nan	nan
20150227	nan	nan	nan
20150228	nan	nan	nan
20150301	nan	nan	nan
20150302	nan	nan	nan
20150303	nan	nan	nan
20150304	nan	nan	nan
20150305	0.09807	99.33	0.5705
20150306	0.09397	99.27	0.6326
20150307	0.09404	99.27	0.6331
20150308	0.09394	99.09	0.8146
20150309	0.09346	99.08	0.8264
20150310	0.1152	99.11	0.7724
20150311	0.1154	99.0	0.8798
20150312	0.1348	99.0	0.8609
20150313	0.1191	99.06	0.8233
20150314	3.76	95.55	0.6898
20150315	3.723	94.95	1.325
20150316	3.729	93.91	2.363
20150317	3.721	93.8	2.483
20150318	3.721	93.8	2.483
20150319	4.16	93.85	1.99
20150320	4.128	93.75	2.124
20150321	3.983	94.1	1.915
20150322	3.974	94.11	1.914
20150323	3.974	94.11	1.914
20150324	3.684	94.46	1.857
20150325	3.681	94.46	1.857
20150326	1.681	97.64	0.6793
20150327	1.476	97.98	0.5418
20150328	1.48	97.98	0.5384
20150329	1.456	98.0	0.541
20150330	1.338	98.11	0.5479
20150331	nan	nan	nan
20150401	nan	nan	nan
20150402	nan	nan	nan
20150403	nan	nan	nan
20150404	nan	nan	nan
20150405	nan	nan	nan
20150406	nan	nan	nan
20150407	nan	nan	nan
20150408	nan	nan	nan
20150409	nan	nan	nan
20150410	nan	nan	nan
20150411	nan	nan	nan
20150412	nan	nan	nan
20150413	nan	nan	nan
20150414	nan	nan	nan
20150415	nan	nan	nan
20150416	nan	nan	nan
20150417	nan	nan	nan
20150418	nan	nan	nan
20150419	nan	nan	nan
20150420	nan	nan	nan
20150421	nan	nan	nan
20150422	nan	nan	nan
20150423	nan	nan	nan
20150424	26.74	73.21	0.0495
20150425	26.69	73.2	0.102
20150426	11.34	88.57	0.08616
20150427	11.81	88.1	0.08209
20150428	11.81	88.1	0.08258
20150429	11.79	88.06	0.1516
20150430	11.78	88.02	0.1987
20150501	13.38	86.45	0.1775
20150502	13.36	86.41	0.228
20150503	13.36	86.41	0.228
20150504	13.7	86.1	0.2004
20150505	13.7	86.1	0.2004
20150506	62.45	37.41	0.1422
20150507	62.46	37.34	0.1949
20150508	85.06	14.78	0.1642
20150509	89.63	10.23	0.1449
20150510	89.52	10.09	0.3965
20150511	89.58	9.723	0.6964
20150512	89.6	9.708	0.6951
20150513	82.61	16.78	0.6135
20150514	82.61	16.78	0.6135
20150515	82.68	16.72	0.6055
20150516	72.64	26.49	0.8724
20150517	72.57	26.48	0.9432
20150518	67.12	31.54	1.337
20150519	67.12	31.54	1.337
20150520	68.87	29.78	1.35
20150521	74.92	23.82	1.252
20150522	74.91	23.78	1.311
20150523	74.84	23.73	1.427
20150524	74.83	23.73	1.44
20150525	74.8	23.59	1.606
20150526	73.93	23.15	2.924
20150527	74.02	22.84	3.143
20150528	74.02	22.84	3.141
20150529	74.93	21.63	3.447
20150530	74.78	21.29	3.929
20150531	75.25	20.77	3.981
20150601	65.4	28.96	5.636
20150602	68.16	26.51	5.33
20150603	66.54	25.36	8.097
20150604	66.07	24.32	9.61
20150605	66.01	23.62	10.37
20150606	56.77	28.87	14.36
20150607	56.75	28.78	14.47
20150608	55.63	27.69	16.68
20150609	61.54	22.77	15.7
20150610	61.52	22.7	15.78
20150611	59.96	22.31	17.73
20150612	60.97	20.15	18.88
20150613	60.28	19.86	19.87
20150614	61.89	17.94	20.17
20150615	60.75	17.58	21.67
20150616	60.35	17.47	22.18
20150617	62.14	14.4	23.45
20150618	57.71	15.03	27.26
20150619	58.05	13.31	28.65
20150620	54.5	11.67	33.83
20150621	54.16	11.53	34.31
20150622	52.31	9.582	38.11
20150623	52.67	8.869	38.46
20150624	52.41	8.435	39.16
20150625	51.23	8.999	39.77
20150626	50.54	8.45	41.01
20150627	47.89	7.697	44.42
20150628	46.87	7.448	45.68
20150629	44.49	5.875	49.63
20150630	35.06	14.22	50.72
20150701	29.43	12.63	57.95
20150702	29.4	12.6	58.0
20150703	34.67	10.95	54.37
20150704	34.23	10.9	54.86
20150705	34.18	10.89	54.93
20150706	33.94	10.88	55.18
20150707	34.5	10.57	54.93
20150708	35.22	10.23	54.55
20150709	32.66	9.825	57.52
20150710	28.55	9.136	62.32
20150711	28.07	7.19	64.74
20150712	nan	nan	nan
20150713	16.37	4.699	78.93
20150714	14.08	4.486	81.43
20150715	22.13	4.403	73.47
20150716	22.11	4.401	73.49
20150717	23.12	4.329	72.55
20150718	21.25	4.283	74.47
20150719	20.53	4.752	74.71
20150720	21.74	4.567	73.7
20150721	19.32	3.585	77.09
20150722	16.65	3.558	79.79
20150723	14.27	3.1	82.63
20150724	17.43	3.815	78.75
20150725	17.34	3.701	78.96
20150726	17.07	3.527	79.4
20150727	19.04	3.476	77.48
20150728	13.33	2.771	83.9
20150729	16.17	2.389	81.45
20150730	16.08	2.246	81.67
20150731	15.59	2.257	82.15
20150801	16.39	2.212	81.39
20150802	nan	nan	nan
20150803	nan	nan	nan
20150804	nan	nan	nan
20150805	nan	nan	nan
20150806	nan	nan	nan
20150807	10.05	0.5742	89.38
20150808	nan	nan	nan
20150809	nan	nan	nan
20150810	6.247	0.295	93.46
20150811	6.247	0.295	93.46
20150812	7.581	0.3696	92.05
20150813	9.802	0.7708	89.43
20150814	9.69	0.77	89.54
20150815	3.226	0.7333	96.04
20150816	1.116	0.4686	98.42
20150817	1.514	0.4628	98.02
20150818	0.5586	0.3208	99.12
20150819	0.2799	0.2635	99.46
20150820	2.121	0.3435	97.54
20150821	0.2682	0.157	99.57
20150822	0.1361	0.121	99.74
20150823	0.1359	0.121	99.74
20150824	0.9648	0.3143	98.72
20150825	1.692	0.3766	97.93
20150826	1.028	0.2338	98.74
20150827	1.233	0.2634	98.5
20150828	1.23	0.2635	98.51
20150829	3.244	0.321	96.43
20150830	2.977	0.3152	96.71
20150831	2.749	0.2925	96.96
20150901	5.46	0.3212	94.22
20150902	5.344	0.3275	94.33
20150903	5.358	0.3268	94.31
20150904	5.571	0.3241	94.11
20150905	nan	nan	nan
20150906	nan	nan	nan
20150907	nan	nan	nan
20150908	nan	nan	nan
20150909	nan	nan	nan
20150910	2.248	0.6865	97.07
20150911	0.4951	0.3999	99.1
20150912	0.2553	0.2631	99.48
20150913	1.579	0.4928	97.93
20150914	0.3734	0.2787	99.35
20150915	0.3545	0.2498	99.4
20150916	0.2747	0.2272	99.5
20150917	2.142	0.6729	97.19
20150918	3.338	1.589	95.07
20150919	3.229	1.578	95.19
20150920	3.367	1.575	95.06
20150921	2.16	1.172	96.67
20150922	1.912	1.135	96.95
20150923	3.757	1.05	95.19
20150924	1.741	0.3572	97.9
20150925	5.073	0.4845	94.44
20150926	5.089	0.486	94.42
20150927	7.413	0.5251	92.06
20150928	6.996	0.4613	92.54
20150929	6.613	0.4816	92.9
20150930	8.373	7.383	84.24
20151001	8.3	7.321	84.38
20151002	9.358	7.653	82.99
20151003	9.311	7.514	83.18
20151004	10.74	23.34	65.92
20151005	10.14	60.52	29.34
20151006	10.28	61.65	28.07
20151007	10.05	59.32	30.64
20151008	9.827	57.36	32.81
20151009	9.609	55.62	34.77
20151010	9.367	53.0	37.63
20151011	10.66	69.05	20.29
20151012	19.82	63.06	17.12
20151013	19.8	62.6	17.6
20151014	20.11	62.46	17.43
20151015	20.02	61.21	18.77
20151016	22.29	59.24	18.47
20151017	25.96	51.17	22.88
20151018	25.47	47.69	26.84
20151019	24.14	39.78	36.08
20151020	24.38	38.42	37.2
20151021	27.15	34.33	38.52
20151022	nan	nan	nan
20151023	nan	nan	nan
20151024	nan	nan	nan
20151025	nan	nan	nan
20151026	nan	nan	nan
20151027	nan	nan	nan
20151028	nan	nan	nan
20151029	nan	nan	nan
20151030	nan	nan	nan
20151031	11.67	69.33	19.01
20151101	11.66	69.41	18.93
20151102	11.51	68.56	19.93
20151103	11.21	65.85	22.94
20151104	27.58	55.49	16.93
20151105	27.28	63.68	9.038
20151106	27.28	63.68	9.038
20151107	27.3	63.76	8.938
20151108	27.53	63.51	8.967
20151109	27.75	63.38	8.872
20151110	29.34	62.99	7.67
20151111	30.04	62.25	7.715
20151112	30.45	61.86	7.693
20151113	31.39	61.69	6.916
20151114	nan	nan	nan
20151115	nan	nan	nan
20151116	nan	nan	nan
20151117	nan	nan	nan
20151118	nan	nan	nan
20151119	nan	nan	nan
20151120	nan	nan	nan
20151121	nan	nan	nan
20151122	nan	nan	nan
20151123	nan	nan	nan
20151124	nan	nan	nan
20151125	nan	nan	nan
20151126	nan	nan	nan
20151127	nan	nan	nan
20151128	nan	nan	nan
20151129	nan	nan	nan
20151130	nan	nan	nan
20151201	nan	nan	nan
20151202	nan	nan	nan
20151203	nan	nan	nan
20151204	nan	nan	nan
20151205	nan	nan	nan
20151206	nan	nan	nan
20151207	nan	nan	nan
20151208	nan	nan	nan
20151209	nan	nan	nan
20151210	nan	nan	nan
20151211	nan	nan	nan
20151212	nan	nan	nan
20151213	nan	nan	nan
20151214	nan	nan	nan
20151215	nan	nan	nan
20151216	nan	nan	nan
20151217	nan	nan	nan
20151218	nan	nan	nan
20151219	nan	nan	nan
20151220	nan	nan	nan
20151221	nan	nan	nan
20151222	nan	nan	nan
20151223	nan	nan	nan
20151224	nan	nan	nan
20151225	nan	nan	nan
20151226	nan	nan	nan
20151227	nan	nan	nan
20151228	nan	nan	nan
20151229	nan	nan	nan
20151230	nan	nan	nan
20151231	nan	nan	nan
20160101	nan	nan	nan
20160102	nan	nan	nan
20160103	nan	nan	nan
20160104	nan	nan	nan
20160105	nan	nan	nan
20160106	nan	nan	nan
20160107	nan	nan	nan
20160108	nan	nan	nan
20160109	nan	nan	nan
20160110	nan	nan	nan
20160111	nan	nan	nan
20160112	nan	nan	nan
20160113	nan	nan	nan
20160114	nan	nan	nan
20160115	nan	nan	nan
20160116	nan	nan	nan
20160117	nan	nan	nan
20160118	nan	nan	nan
20160119	nan	nan	nan
20160120	nan	nan	nan
20160121	nan	nan	nan
20160122	nan	nan	nan
20160123	nan	nan	nan
20160124	nan	nan	nan
20160125	nan	nan	nan
20160126	nan	nan	nan
20160127	nan	nan	nan
20160128	nan	nan	nan
20160129	nan	nan	nan
20160130	nan	nan	nan
20160131	nan	nan	nan
20160201	nan	nan	nan
20160202	nan	nan	nan
20160203	nan	nan	nan
20160204	nan	nan	nan
20160205	nan	nan	nan
20160206	nan	nan	nan
20160207	nan	nan	nan
20160208	nan	nan	nan
20160209	nan	nan	nan
20160210	nan	nan	nan
20160211	nan	nan	nan
20160212	nan	nan	nan
20160213	nan	nan	nan
20160214	nan	nan	nan
20160215	nan	nan	nan
20160216	nan	nan	nan
20160217	nan	nan	nan
20160218	nan	nan	nan
20160219	nan	nan	nan
20160220	nan	nan	nan
20160221	nan	nan	nan
20160222	nan	nan	nan
20160223	nan	nan	nan
20160224	nan	nan	nan
20160225	nan	nan	nan
20160226	0.02011	99.42	0.5634
20160227	0.02012	99.25	0.7261
20160228	0.06417	99.32	0.6169
20160229	0.06417	99.32	0.6169
20160301	0.5217	99.36	0.1163
20160302	0.5217	99.36	0.1163
20160303	0.5283	99.36	0.1163
20160304	0.5165	99.37	0.1175
20160305	0.5165	99.34	0.1393
20160306	0.5165	99.34	0.1393
20160307	0.5167	99.34	0.1393
20160308	0.5287	99.33	0.1426
20160309	0.1555	98.87	0.9792
20160310	0.1546	98.83	1.011
20160311	0.2669	99.01	0.7192
20160312	0.266	99.01	0.7207
20160313	0.266	99.01	0.7207
20160314	0.2704	99.01	0.7207
20160315	18.89	80.51	0.5959
20160316	25.63	73.95	0.4273
20160317	25.65	73.92	0.4277
20160318	25.64	73.89	0.463
20160319	25.68	73.85	0.4636
20160320	26.47	73.06	0.4716
20160321	10.9	88.94	0.1572
20160322	11.7	88.14	0.1688
20160323	11.41	88.44	0.1543
20160324	11.48	88.32	0.1999
20160325	9.483	90.39	0.1291
20160326	8.931	90.98	0.09214
20160327	8.722	91.18	0.09332
20160328	7.706	92.09	0.2088
20160329	7.565	92.22	0.2124
20160330	7.513	92.18	0.3108
20160331	7.185	92.41	0.4021
20160401	7.202	92.23	0.5659
20160402	1.152	98.6	0.2467
20160403	1.152	98.6	0.2467
20160404	0.99	98.83	0.1814
20160405	0.9893	98.74	0.2677
20160406	1.81	97.92	0.2704
20160407	1.818	97.91	0.2704
20160408	2.576	97.17	0.2516
20160409	2.695	97.05	0.2516
20160410	2.695	97.05	0.2516
20160411	2.695	97.05	0.2578
20160412	2.695	97.05	0.2578
20160413	2.763	96.98	0.2591
20160414	2.899	96.85	0.2533
20160415	3.208	96.52	0.2736
20160416	nan	nan	nan
20160417	nan	nan	nan
20160418	1.996	97.97	0.02913
20160419	1.959	97.9	0.1372
20160420	4.085	95.79	0.1263
20160421	0.4124	99.43	0.1618
20160422	0.4124	99.42	0.1701
20160423	0.4122	99.42	0.1703
20160424	0.4088	99.4	0.1902
20160425	0.3911	99.27	0.3346
20160426	0.5318	99.12	0.3531
20160427	0.5308	99.12	0.3531
20160428	56.52	43.1	0.3835
20160429	56.16	42.99	0.8519
20160430	77.38	21.94	0.679
20160501	77.08	21.86	1.068
20160502	66.21	32.51	1.279
20160503	64.76	34.04	1.195
20160504	64.76	34.03	1.208
20160505	64.76	34.03	1.208
20160506	64.7	33.98	1.314
20160507	64.7	33.98	1.32
20160508	69.03	29.48	1.49
20160509	69.08	29.31	1.612
20160510	71.38	26.89	1.732
20160511	71.59	26.71	1.696
20160512	72.12	26.33	1.551
20160513	75.99	21.91	2.096
20160514	63.87	32.46	3.667
20160515	64.77	31.6	3.631
20160516	64.78	31.59	3.635
20160517	65.15	30.64	4.209
20160518	64.89	30.26	4.848
20160519	64.31	29.66	6.034
20160520	52.52	39.88	7.595
20160521	52.45	39.93	7.618
20160522	56.97	33.09	9.943
20160523	56.99	32.97	10.04
20160524	56.27	31.68	12.05
20160525	57.82	29.67	12.51
20160526	43.83	36.1	20.07
20160527	42.09	28.39	29.51
20160528	41.79	28.17	30.04
20160529	38.26	25.43	36.31
20160530	34.62	21.41	43.97
20160531	31.03	21.22	47.75
20160601	33.09	19.15	47.76
20160602	29.21	17.48	53.31
20160603	38.6	14.93	46.46
20160604	38.6	14.75	46.65
20160605	43.63	12.96	43.41
20160606	43.37	11.68	44.95
20160607	44.64	9.489	45.87
20160608	45.92	9.16	44.92
20160609	46.59	7.898	45.51
20160610	44.09	7.154	48.75
20160611	42.38	6.358	51.26
20160612	44.56	6.389	49.05
20160613	48.11	5.182	46.71
20160614	48.42	4.641	46.94
20160615	57.87	4.344	37.79
20160616	57.64	4.333	38.02
20160617	58.61	4.179	37.21
20160618	58.55	4.162	37.29
20160619	58.35	4.166	37.48
20160620	58.37	4.168	37.46
20160621	61.39	3.722	34.89
20160622	nan	nan	nan
20160623	nan	nan	nan
20160624	nan	nan	nan
20160625	nan	nan	nan
20160626	nan	nan	nan
20160627	nan	nan	nan
20160628	nan	nan	nan
20160629	16.99	0.6962	82.31
20160630	12.51	0.1965	87.3
20160701	13.3	0.8678	85.83
20160702	12.02	0.836	87.14
20160703	10.43	0.7685	88.81
20160704	8.816	0.8977	90.29
20160705	8.73	0.8987	90.37
20160706	11.95	0.942	87.11
20160707	13.01	1.121	85.87
20160708	11.19	1.031	87.78
20160709	12.8	0.9272	86.27
20160710	11.85	0.8931	87.25
20160711	11.68	1.196	87.12
20160712	6.381	0.4562	93.16
20160713	5.254	0.6174	94.13
20160714	7.804	1.087	91.11
20160715	7.674	0.6397	91.69
20160716	7.646	0.6648	91.69
20160717	7.142	0.6416	92.22
20160718	10.03	0.5994	89.37
20160719	10.15	0.6673	89.18
20160720	8.697	0.5874	90.72
20160721	3.924	0.2592	95.82
20160722	0.235	0.08545	99.68
20160723	1.165	0.4051	98.43
20160724	1.092	0.3198	98.59
20160725	1.962	0.2591	97.78
20160726	2.648	0.3112	97.04
20160727	2.602	0.3112	97.09
20160728	2.595	0.3371	97.07
20160729	2.224	0.3226	97.45
20160730	1.941	0.3421	97.72
20160731	3.023	0.3605	96.62
20160801	3.016	0.3547	96.63
20160802	5.137	0.2687	94.59
20160803	5.27	0.2664	94.46
20160804	3.67	0.787	95.54
20160805	1.544	0.5264	97.93
20160806	3.076	0.6649	96.26
20160807	4.995	0.6241	94.38
20160808	4.981	0.6241	94.39
20160809	5.035	0.6721	94.29
20160810	3.21	0.3417	96.45
20160811	6.206	0.3147	93.48
20160812	6.855	0.3654	92.78
20160813	5.236	0.2972	94.47
20160814	6.853	0.2424	92.9
20160815	5.136	0.1741	94.69
20160816	2.025	0.3423	97.63
20160817	0.2323	0.0865	99.68
20160818	0.4352	0.3256	99.24
20160819	1.308	0.3131	98.38
20160820	0.6811	0.213	99.11
20160821	0.7704	0.2727	98.96
20160822	0.09137	0.04813	99.86
20160823	2.945	0.3	96.76
20160824	2.521	0.3992	97.08
20160825	2.496	0.3992	97.1
20160826	5.457	0.3254	94.22
20160827	5.284	0.3144	94.4
20160828	11.0	0.3797	88.62
20160829	10.48	0.3798	89.14
20160830	10.65	0.5091	88.84
20160831	11.15	0.4788	88.37
20160901	11.15	0.4789	88.37
20160902	11.19	0.5202	88.29
20160903	8.111	0.3264	91.56
20160904	nan	nan	nan
20160905	nan	nan	nan
20160906	nan	nan	nan
20160907	16.86	10.62	72.51
20160908	14.81	9.481	75.71
20160909	14.83	8.964	76.21
20160910	7.187	3.157	89.66
20160911	8.033	3.059	88.91
20160912	8.894	3.386	87.72
20160913	4.333	1.515	94.15
20160914	4.33	1.564	94.11
20160915	4.09	1.491	94.42
20160916	2.247	0.3949	97.36
20160917	1.757	0.4445	97.8
20160918	1.579	0.4115	98.01
20160919	3.266	3.958	92.78
20160920	3.082	3.747	93.17
20160921	2.797	0.8754	96.33
20160922	0.445	0.2209	99.33
20160923	1.877	0.3969	97.73
20160924	3.762	0.371	95.87
20160925	3.753	0.371	95.88
20160926	3.49	0.3985	96.11
20160927	8.118	0.3859	91.5
20160928	8.394	1.321	90.28
20160929	10.06	1.282	88.66
20160930	14.8	2.016	83.18
20161001	17.21	2.457	80.33
20161002	15.7	3.982	80.31
20161003	17.85	15.42	66.74
20161004	15.63	42.79	41.58
20161005	22.06	34.57	43.37
20161006	22.51	34.2	43.29
20161007	21.34	28.06	50.6
20161008	14.23	17.33	68.44
20161009	13.4	5.039	81.56
20161010	5.554	4.329	90.12
20161011	11.17	3.864	84.96
20161012	14.81	3.397	81.8
20161013	15.51	3.265	81.22
20161014	15.53	3.089	81.38
20161015	7.11	3.227	89.66
20161016	17.52	3.077	79.4
20161017	14.6	4.678	80.72
20161018	7.313	8.045	84.64
20161019	12.32	10.01	77.67
20161020	5.24	5.555	89.2
20161021	11.58	9.915	78.5
20161022	5.471	7.81	86.72
20161023	14.93	11.65	73.43
20161024	24.05	11.77	64.18
20161025	22.39	14.81	62.8
20161026	13.57	14.7	71.73
20161027	13.01	17.72	69.28
20161028	23.26	25.97	50.77
20161029	27.11	34.25	38.64
20161030	22.89	43.22	33.9
20161031	31.86	54.01	14.13
20161101	28.46	55.14	16.4
20161102	28.47	55.16	16.37
20161103	23.1	63.76	13.13
20161104	19.67	70.08	10.25
20161105	18.97	68.05	12.98
20161106	25.82	63.62	10.56
20161107	25.84	63.58	10.58
20161108	31.67	59.39	8.938
20161109	32.12	59.24	8.64
20161110	36.35	56.16	7.491
20161111	38.18	54.43	7.389
20161112	39.43	54.34	6.225
20161113	nan	nan	nan
20161114	nan	nan	nan
20161115	nan	nan	nan
20161116	nan	nan	nan
20161117	nan	nan	nan
20161118	nan	nan	nan
20161119	nan	nan	nan
20161120	nan	nan	nan
20161121	nan	nan	nan
20161122	nan	nan	nan
20161123	nan	nan	nan
20161124	nan	nan	nan
20161125	nan	nan	nan
20161126	nan	nan	nan
20161127	nan	nan	nan
20161128	nan	nan	nan
20161129	nan	nan	nan
20161130	nan	nan	nan
20161201	nan	nan	nan
20161202	nan	nan	nan
20161203	nan	nan	nan
20161204	nan	nan	nan
20161205	nan	nan	nan
20161206	nan	nan	nan
20161207	nan	nan	nan
20161208	nan	nan	nan
20161209	nan	nan	nan
20161210	nan	nan	nan
20161211	nan	nan	nan
20161212	nan	nan	nan
20161213	nan	nan	nan
20161214	nan	nan	nan
20161215	nan	nan	nan
20161216	nan	nan	nan
20161217	nan	nan	nan
20161218	nan	nan	nan
20161219	nan	nan	nan
20161220	nan	nan	nan
20161221	nan	nan	nan
20161222	nan	nan	nan
20161223	nan	nan	nan
20161224	nan	nan	nan
20161225	nan	nan	nan
20161226	nan	nan	nan
20161227	nan	nan	nan
20161228	nan	nan	nan
20161229	nan	nan	nan
20161230	nan	nan	nan
20161231	nan	nan	nan
20170101	nan	nan	nan
20170102	nan	nan	nan
20170103	nan	nan	nan
20170104	nan	nan	nan
20170105	nan	nan	nan
20170106	nan	nan	nan
20170107	nan	nan	nan
20170108	nan	nan	nan
20170109	nan	nan	nan
20170110	nan	nan	nan
20170111	nan	nan	nan
20170112	nan	nan	nan
20170113	nan	nan	nan
20170114	nan	nan	nan
20170115	nan	nan	nan
20170116	nan	nan	nan
20170117	nan	nan	nan
20170118	nan	nan	nan
20170119	nan	nan	nan
20170120	nan	nan	nan
20170121	nan	nan	nan
20170122	nan	nan	nan
20170123	nan	nan	nan
20170124	nan	nan	nan
20170125	nan	nan	nan
20170126	nan	nan	nan
20170127	nan	nan	nan
20170128	nan	nan	nan
20170129	nan	nan	nan
20170130	nan	nan	nan
20170131	nan	nan	nan
20170201	nan	nan	nan
20170202	nan	nan	nan
20170203	nan	nan	nan
20170204	nan	nan	nan
20170205	nan	nan	nan
20170206	nan	nan	nan
20170207	1.974	97.59	0.4367
20170208	2.423	96.77	0.806
20170209	2.438	97.28	0.2832
20170210	2.438	97.28	0.2835
20170211	1.886	97.85	0.259
20170212	7.741	92.01	0.2493
20170213	46.62	53.14	0.2426
20170214	44.98	54.6	0.4247
20170215	45.0	54.59	0.4078
20170216	45.2	54.39	0.4096
20170217	44.51	55.08	0.4046
20170218	nan	nan	nan
20170219	36.46	63.16	0.3793
20170220	nan	nan	nan
20170221	nan	nan	nan
20170222	4.451	94.94	0.6049
20170223	nan	nan	nan
20170224	nan	nan	nan
20170225	0.567	98.22	1.211
20170226	0.345	98.32	1.332
20170227	0.1041	99.51	0.3898
20170228	0.06679	99.58	0.3562
20170301	0.05031	99.59	0.3612
20170302	0.04206	99.64	0.3189
20170303	0.02475	99.51	0.4627
20170304	0.04201	99.33	0.6283
20170305	0.04052	99.41	0.5465
20170306	0.004216	99.74	0.2604
20170307	0.01617	99.73	0.2547
20170308	0.009902	99.83	0.1592
20170309	0.02903	99.83	0.141
20170310	0.03433	99.55	0.413
20170311	0.0202	99.62	0.3641
20170312	0.04204	99.55	0.4111
20170313	0.04335	99.55	0.4046
20170314	nan	nan	nan
20170315	nan	nan	nan
20170316	nan	nan	nan
20170317	nan	nan	nan
20170318	nan	nan	nan
20170319	nan	nan	nan
20170320	nan	nan	nan
20170321	nan	nan	nan
20170322	nan	nan	nan
20170323	nan	nan	nan
20170324	nan	nan	nan
20170325	nan	nan	nan
20170326	nan	nan	nan
20170327	nan	nan	nan
20170328	nan	nan	nan
20170329	nan	nan	nan
20170330	nan	nan	nan
20170331	nan	nan	nan
20170401	nan	nan	nan
20170402	nan	nan	nan
20170403	nan	nan	nan
20170404	nan	nan	nan
20170405	37.51	62.4	0.0898
20170406	37.47	62.41	0.1189
20170407	nan	nan	nan
20170408	10.52	89.45	0.02795
20170409	12.02	87.95	0.02841
20170410	12.14	87.83	0.02835
20170411	11.48	88.49	0.0286
20170412	9.564	90.44	0.0
20170413	4.331	95.67	0.0
20170414	2.973	97.03	0.0
20170415	nan	nan	nan
20170416	nan	nan	nan
20170417	nan	nan	nan
20170418	nan	nan	nan
20170419	nan	nan	nan
20170420	nan	nan	nan
20170421	nan	nan	nan
20170422	nan	nan	nan
20170423	0.2546	99.75	0.0
20170424	nan	nan	nan
20170425	1.511	98.49	0.0
20170426	3.628	96.37	0.0
20170427	3.108	96.89	0.0
20170428	0.2836	99.72	0.0
20170429	0.5622	99.44	0.0
20170430	0.6098	99.39	0.0
20170501	0.944	99.06	0.0
20170502	1.048	98.95	0.0
20170503	2.622	97.38	0.0
20170504	2.723	97.28	0.0
20170505	72.33	27.66	0.009772
20170506	82.17	17.82	0.01094
20170507	82.59	17.4	0.01087
20170508	81.15	18.84	0.01078
20170509	68.61	31.38	0.01057
20170510	73.58	26.41	0.0114
20170511	48.91	51.09	0.004208
20170512	37.59	62.41	0.0006085
20170513	22.96	77.04	0.006233
20170514	13.81	86.17	0.01707
20170515	24.22	75.74	0.03566
20170516	15.55	84.43	0.02345
20170517	25.56	74.42	0.02052
20170518	38.46	61.49	0.0425
20170519	83.91	16.05	0.0403
20170520	88.28	11.69	0.03297
20170521	90.84	9.132	0.03151
20170522	90.58	9.384	0.03746
20170523	88.92	10.99	0.0994
20170524	87.13	12.78	0.09818
20170525	87.14	12.76	0.1074
20170526	85.59	14.29	0.1249
20170527	79.2	20.49	0.3123
20170528	83.36	16.37	0.2674
20170529	82.38	17.39	0.2237
20170530	83.11	16.7	0.1851
20170531	82.49	17.35	0.1565
20170601	84.44	15.41	0.1459
20170602	80.85	19.0	0.1452
20170603	44.54	55.2	0.2576
20170604	58.72	41.04	0.2389
20170605	56.25	43.5	0.2442
20170606	79.68	20.09	0.2305
20170607	63.49	36.03	0.4791
20170608	66.94	30.49	2.573
20170609	67.28	27.39	5.32
20170610	61.68	28.43	9.885
20170611	59.69	29.35	10.96
20170612	50.63	37.08	12.3
20170613	54.88	30.96	14.16
20170614	57.78	26.03	16.19
20170615	59.16	23.97	16.87
20170616	60.67	21.88	17.44
20170617	56.79	22.34	20.88
20170618	60.68	18.35	20.98
20170619	62.35	15.22	22.42
20170620	nan	nan	nan
20170621	nan	nan	nan
20170622	nan	nan	nan
20170623	nan	nan	nan
20170624	nan	nan	nan
20170625	nan	nan	nan
20170626	nan	nan	nan
20170627	nan	nan	nan
20170628	nan	nan	nan
20170629	nan	nan	nan
20170630	nan	nan	nan
20170701	nan	nan	nan
20170702	45.39	4.04	50.57
20170703	nan	nan	nan
20170704	nan	nan	nan
20170705	nan	nan	nan
20170706	nan	nan	nan
20170707	nan	nan	nan
20170708	nan	nan	nan
20170709	nan	nan	nan
20170710	nan	nan	nan
20170711	nan	nan	nan
20170712	nan	nan	nan
20170713	nan	nan	nan
20170714	nan	nan	nan
20170715	nan	nan	nan
20170716	nan	nan	nan
20170717	nan	nan	nan
20170718	nan	nan	nan
20170719	nan	nan	nan
20170720	nan	nan	nan
20170721	nan	nan	nan
20170722	nan	nan	nan
20170723	16.23	0.8812	82.89
20170724	17.22	0.7651	82.02
20170725	9.303	0.4884	90.21
20170726	11.39	0.3385	88.27
20170727	12.18	0.3131	87.51
20170728	10.1	0.2712	89.62
20170729	6.957	0.2308	92.81
20170730	10.48	0.5179	89.01
20170731	14.52	0.3357	85.14
20170801	16.27	0.3258	83.41
20170802	16.27	0.4122	83.32
20170803	17.2	0.3347	82.46
20170804	14.73	0.6755	84.59
20170805	nan	nan	nan
20170806	nan	nan	nan
20170807	nan	nan	nan
20170808	14.3	2.621	83.08
20170809	14.23	2.477	83.3
20170810	14.13	3.189	82.68
20170811	11.48	2.06	86.46
20170812	12.4	2.193	85.4
20170813	12.77	1.618	85.61
20170814	13.32	1.259	85.42
20170815	nan	nan	nan
20170816	9.227	0.8929	89.88
20170817	12.16	0.6395	87.2
20170818	12.11	0.6362	87.25
20170819	11.64	0.4815	87.88
20170820	13.35	0.5983	86.05
20170821	13.64	0.4271	85.94
20170822	nan	nan	nan
20170823	nan	nan	nan
20170824	nan	nan	nan
20170825	nan	nan	nan
20170826	nan	nan	nan
20170827	nan	nan	nan
20170828	nan	nan	nan
20170829	nan	nan	nan
20170830	nan	nan	nan
20170831	nan	nan	nan
20170901	nan	nan	nan
20170902	nan	nan	nan
20170903	nan	nan	nan
20170904	4.36	0.4822	95.16
20170905	5.667	0.3	94.03
20170906	6.856	0.3001	92.84
20170907	3.487	0.4636	96.05
20170908	6.378	0.2859	93.34
20170909	6.232	0.2941	93.47
20170910	10.99	0.9101	88.1
20170911	10.81	1.479	87.71
20170912	13.02	6.849	80.13
20170913	13.38	6.847	79.77
20170914	nan	nan	nan
20170915	nan	nan	nan
20170916	nan	nan	nan
20170917	nan	nan	nan
20170918	nan	nan	nan
20170919	nan	nan	nan
20170920	nan	nan	nan
20170921	nan	nan	nan
20170922	13.05	0.6798	86.27
20170923	12.49	2.014	85.49
20170924	7.919	0.3957	91.69
20170925	9.563	0.298	90.14
20170926	5.731	0.3506	93.92
20170927	2.05	0.3167	97.63
20170928	1.786	0.6184	97.6
20170929	2.641	0.3683	96.99
20170930	2.649	0.4433	96.91
20171001	1.814	0.5159	97.67
20171002	3.431	0.4063	96.16
20171003	3.5	2.624	93.88
20171004	11.92	2.197	85.88
20171005	11.67	2.135	86.2
20171006	16.06	1.957	81.99
20171007	17.38	2.422	80.2
20171008	nan	nan	nan
20171009	nan	nan	nan
20171010	8.645	10.62	80.74
20171011	14.31	13.66	72.03
20171012	16.59	18.42	64.99
20171013	6.856	31.24	61.9
20171014	12.01	33.76	54.22
20171015	10.44	40.51	49.06
20171016	22.72	36.69	40.59
20171017	19.61	57.72	22.67
20171018	30.14	52.03	17.83
20171019	33.65	53.11	13.24
20171020	16.89	81.17	1.934
20171021	16.6	81.39	2.008
20171022	8.059	90.54	1.404
20171023	19.39	79.79	0.82
20171024	15.62	83.38	1.0
20171025	11.08	87.65	1.265
20171026	16.18	82.12	1.705
20171027	16.25	82.08	1.676
20171028	22.92	75.43	1.646
20171029	16.74	81.12	2.139
20171030	14.33	83.47	2.196
20171031	11.6	86.13	2.267
20171101	8.186	89.98	1.833
20171102	7.656	89.68	2.661
20171103	13.54	84.32	2.146
20171104	22.57	73.95	3.476
20171105	20.47	76.89	2.636
20171106	15.55	82.14	2.31
20171107	16.87	80.89	2.242
20171108	17.96	79.75	2.289
20171109	22.37	75.68	1.949
20171110	nan	nan	nan
20171111	nan	nan	nan
20171112	nan	nan	nan
20171113	nan	nan	nan
20171114	nan	nan	nan
20171115	nan	nan	nan
20171116	nan	nan	nan
20171117	nan	nan	nan
20171118	nan	nan	nan
20171119	nan	nan	nan
20171120	nan	nan	nan
20171121	nan	nan	nan
20171122	nan	nan	nan
20171123	nan	nan	nan
20171124	nan	nan	nan
20171125	nan	nan	nan
20171126	nan	nan	nan
20171127	nan	nan	nan
20171128	nan	nan	nan
20171129	nan	nan	nan
20171130	nan	nan	nan
20171201	nan	nan	nan
20171202	nan	nan	nan
20171203	nan	nan	nan
20171204	nan	nan	nan
20171205	nan	nan	nan
20171206	nan	nan	nan
20171207	nan	nan	nan
20171208	nan	nan	nan
20171209	nan	nan	nan
20171210	nan	nan	nan
20171211	nan	nan	nan
20171212	nan	nan	nan
20171213	nan	nan	nan
20171214	nan	nan	nan
20171215	nan	nan	nan
20171216	nan	nan	nan
20171217	nan	nan	nan
20171218	nan	nan	nan
20171219	nan	nan	nan
20171220	nan	nan	nan
20171221	nan	nan	nan
20171222	nan	nan	nan
20171223	nan	nan	nan
20171224	nan	nan	nan
20171225	nan	nan	nan
20171226	nan	nan	nan
20171227	nan	nan	nan
20171228	nan	nan	nan
20171229	nan	nan	nan
20171230	nan	nan	nan
20171231	nan	nan	nan
20180101	nan	nan	nan
20180102	nan	nan	nan
20180103	nan	nan	nan
20180104	nan	nan	nan
20180105	nan	nan	nan
20180106	nan	nan	nan
20180107	nan	nan	nan
20180108	nan	nan	nan
20180109	nan	nan	nan
20180110	nan	nan	nan
20180111	nan	nan	nan
20180112	nan	nan	nan
20180113	nan	nan	nan
20180114	nan	nan	nan
20180115	nan	nan	nan
20180116	nan	nan	nan
20180117	nan	nan	nan
20180118	nan	nan	nan
20180119	nan	nan	nan
20180120	nan	nan	nan
20180121	nan	nan	nan
20180122	nan	nan	nan
20180123	nan	nan	nan
20180124	nan	nan	nan
20180125	nan	nan	nan
20180126	nan	nan	nan
20180127	nan	nan	nan
20180128	nan	nan	nan
20180129	nan	nan	nan
20180130	nan	nan	nan
20180131	nan	nan	nan
20180201	nan	nan	nan
20180202	nan	nan	nan
20180203	nan	nan	nan
20180204	nan	nan	nan
20180205	nan	nan	nan
20180206	nan	nan	nan
20180207	nan	nan	nan
20180208	nan	nan	nan
20180209	1.346	98.04	0.6174
20180210	1.244	98.23	0.5218
20180211	0.55	96.76	2.691
20180212	0.433	96.02	3.548
20180213	1.297	96.41	2.296
20180214	0.6392	94.4	4.958
20180215	1.71	94.06	4.231
20180216	3.08	95.65	1.268
20180217	0.1928	99.46	0.3516
20180218	0.2398	99.54	0.2204
20180219	0.4843	98.13	1.39
20180220	4.171	95.57	0.2544
20180221	1.077	98.81	0.1092
20180222	0.07313	99.82	0.1054
20180223	1.277	98.51	0.2114
20180224	1.142	98.71	0.1448
20180225	3.822	96.03	0.1486
20180226	3.072	95.76	1.164
20180227	3.312	96.38	0.3044
20180228	4.522	95.23	0.2445
20180301	4.479	95.29	0.2346
20180302	4.497	95.28	0.2238
20180303	4.561	95.18	0.259
20180304	5.519	94.28	0.2016
20180305	4.27	95.59	0.1423
20180306	1.827	98.1	0.06884
20180307	2.363	97.52	0.1126
20180308	2.213	97.7	0.09044
20180309	4.532	95.47	0.001825
20180310	4.467	95.53	0.0002607
20180311	3.545	96.46	0.0
20180312	3.426	96.5	0.07581
20180313	2.778	97.15	0.0717
20180314	2.586	97.36	0.05278
20180315	0.5893	99.4	0.007699
20180316	5.867	94.13	0.00147
20180317	6.305	93.69	0.001471
20180318	5.387	94.56	0.05566
20180319	4.934	95.01	0.0601
20180320	4.291	95.65	0.05451
20180321	4.298	95.62	0.08156
20180322	3.872	96.05	0.08225
20180323	2.727	97.26	0.01361
20180324	3.163	96.84	0.0002484
20180325	3.164	96.84	0.0002488
20180326	3.094	96.91	0.0002491
20180327	2.438	97.48	0.08307
20180328	4.507	95.43	0.0656
20180329	3.978	95.86	0.1618
20180330	4.107	95.67	0.2207
20180331	nan	nan	nan
20180401	nan	nan	nan
20180402	1.869	98.03	0.09886
20180403	0.5865	99.39	0.0261
20180404	1.676	98.3	0.02561
20180405	2.301	97.67	0.0253
20180406	2.305	97.67	0.02535
20180407	2.079	97.9	0.02585
20180408	0.4169	99.56	0.02482
20180409	1.582	98.39	0.02956
20180410	2.183	97.77	0.04255
20180411	nan	nan	nan
20180412	0.6471	99.34	0.01461
20180413	1.149	98.84	0.01403
20180414	12.52	87.48	0.003429
20180415	13.86	86.14	0.003429
20180416	32.26	67.74	0.0
20180417	16.62	83.38	0.0
20180418	9.67	90.3	0.02906
20180419	14.47	85.5	0.02906
20180420	68.91	31.07	0.02442
20180421	80.25	19.73	0.01783
20180422	79.91	20.08	0.01417
20180423	72.26	27.71	0.0337
20180424	76.06	23.92	0.02296
20180425	86.18	13.81	0.0126
20180426	79.52	20.46	0.02133
20180427	79.34	20.63	0.02186
20180428	82.61	17.37	0.01334
20180429	85.4	14.6	0.004279
20180430	86.89	13.11	0.001469
20180501	66.35	33.03	0.6204
20180502	64.91	34.65	0.433
20180503	71.11	28.42	0.4641
20180504	73.71	25.88	0.408
20180505	69.93	29.63	0.4452
20180506	83.98	15.63	0.3971
20180507	84.08	15.52	0.3969
20180508	70.52	28.99	0.4938
20180509	60.62	38.34	1.042
20180510	65.52	31.79	2.689
20180511	63.96	32.59	3.452
20180512	62.05	34.14	3.806
20180513	60.87	34.48	4.65
20180514	43.17	46.28	10.55
20180515	46.29	41.64	12.07
20180516	46.54	35.27	18.2
20180517	37.1	37.93	24.97
20180518	46.99	26.56	26.45
20180519	46.52	25.76	27.72
20180520	49.22	23.05	27.72
20180521	51.04	21.0	27.96
20180522	53.23	19.15	27.61
20180523	59.67	16.04	24.28
20180524	nan	nan	nan
20180525	nan	nan	nan
20180526	nan	nan	nan
20180527	nan	nan	nan
20180528	nan	nan	nan
20180529	nan	nan	nan
20180530	nan	nan	nan
20180531	nan	nan	nan
20180601	33.66	6.499	59.84
20180602	34.02	5.357	60.62
20180603	38.19	4.421	57.39
20180604	47.19	2.33	50.48
20180605	46.47	5.189	48.34
20180606	48.06	5.035	46.91
20180607	52.56	4.558	42.89
20180608	nan	nan	nan
20180609	nan	nan	nan
20180610	nan	nan	nan
20180611	nan	nan	nan
20180612	nan	nan	nan
20180613	nan	nan	nan
20180614	nan	nan	nan
20180615	nan	nan	nan
20180616	nan	nan	nan
20180617	29.17	3.759	67.07
20180618	28.83	3.73	67.44
20180619	29.43	3.689	66.88
20180620	29.34	7.913	62.75
20180621	29.99	8.382	61.63
20180622	29.6	8.235	62.16
20180623	29.11	8.235	62.66
20180624	nan	nan	nan
20180625	nan	nan	nan
20180626	nan	nan	nan
20180627	nan	nan	nan
20180628	nan	nan	nan
20180629	nan	nan	nan
20180630	nan	nan	nan
20180701	13.47	3.479	83.05
20180702	10.16	1.791	88.05
20180703	11.71	1.554	86.73
20180704	12.92	1.456	85.63
20180705	13.8	1.055	85.15
20180706	13.7	1.094	85.21
20180707	13.69	1.097	85.22
20180708	10.68	0.6251	88.69
20180709	11.98	0.529	87.49
20180710	8.226	0.4509	91.32
20180711	4.367	0.4595	95.17
20180712	3.047	0.4229	96.53
20180713	2.287	0.359	97.35
20180714	3.408	0.2567	96.34
20180715	4.653	0.3195	95.03
20180716	3.754	0.3605	95.89
20180717	2.612	0.2476	97.14
20180718	1.141	0.1338	98.73
20180719	2.914	0.2892	96.8
20180720	2.276	0.2058	97.52
20180721	3.077	0.2852	96.64
20180722	4.923	0.2446	94.83
20180723	5.187	0.2849	94.53
20180724	5.142	0.2662	94.59
20180725	5.723	0.3216	93.96
20180726	4.57	0.27	95.16
20180727	3.672	0.2952	96.03
20180728	0.8012	0.4046	98.79
20180729	1.3	0.3149	98.39
20180730	1.235	0.3501	98.41
20180731	0.8765	0.3581	98.77
20180801	0.5644	0.06511	99.37
20180802	3.345	0.09551	96.56
20180803	5.323	0.2731	94.4
20180804	5.177	0.2939	94.53
20180805	4.506	0.2668	95.23
20180806	4.883	0.316	94.8
20180807	6.212	0.2261	93.56
20180808	6.747	0.2863	92.97
20180809	6.849	0.5719	92.58
20180810	8.312	0.4608	91.23
20180811	7.773	0.7258	91.5
20180812	9.194	0.7447	90.06
20180813	9.295	0.9983	89.71
20180814	10.37	1.237	88.4
20180815	nan	nan	nan
20180816	nan	nan	nan
20180817	nan	nan	nan
20180818	nan	nan	nan
20180819	7.995	0.677	91.33
20180820	9.05	1.952	89.0
20180821	8.039	3.103	88.86
20180822	7.51	1.633	90.86
20180823	6.169	1.616	92.22
20180824	7.832	1.516	90.65
20180825	8.25	1.579	90.17
20180826	6.895	0.8733	92.23
20180827	7.976	0.8723	91.15
20180828	2.856	0.5441	96.6
20180829	3.098	0.4448	96.46
20180830	5.538	0.4464	94.02
20180831	6.481	0.2162	93.3
20180901	6.078	0.3364	93.59
20180902	6.642	0.4361	92.92
20180903	7.198	3.446	89.36
20180904	4.932	2.577	92.49
20180905	3.475	0.3664	96.16
20180906	1.255	0.06874	98.68
20180907	3.076	0.3041	96.62
20180908	4.683	0.262	95.06
20180909	1.809	0.3297	97.86
20180910	0.9149	0.2002	98.88
20180911	2.126	1.074	96.8
20180912	5.121	0.6461	94.23
20180913	7.12	0.6919	92.19
20180914	7.226	1.682	91.09
20180915	10.03	1.602	88.37
20180916	12.92	2.78	84.3
20180917	12.84	2.577	84.59
20180918	13.59	2.486	83.92
20180919	15.23	13.37	71.39
20180920	14.37	10.59	75.04
20180921	13.04	8.034	78.93
20180922	7.043	5.992	86.96
20180923	10.91	5.752	83.34
20180924	16.69	5.691	77.62
20180925	20.59	7.479	71.93
20180926	21.1	6.593	72.31
20180927	30.06	22.47	47.47
20180928	26.42	38.59	34.99
20180929	nan	nan	nan
20180930	nan	nan	nan
20181001	48.81	41.48	9.712
20181002	48.83	41.53	9.638
20181003	35.88	57.59	6.528
20181004	33.54	58.8	7.653
20181005	33.53	61.2	5.274
20181006	34.1	61.06	4.845
20181007	31.38	64.21	4.402
20181008	26.77	68.9	4.33
20181009	24.17	71.83	3.995
20181010	nan	nan	nan
20181011	63.35	34.2	2.454
20181012	44.88	50.75	4.374
20181013	53.76	42.16	4.077
20181014	55.79	39.99	4.221
20181015	44.53	42.21	13.26
20181016	38.5	28.87	32.63
20181017	33.7	27.58	38.72
20181018	33.53	24.44	42.03
20181019	32.12	32.89	35.0
20181020	29.65	38.9	31.44
20181021	31.08	43.91	25.01
20181022	28.6	46.65	24.75
20181023	34.37	46.75	18.88
20181024	9.087	73.49	17.42
20181025	32.26	57.78	9.96
20181026	38.37	53.68	7.952
20181027	23.64	69.72	6.637
20181028	24.46	66.83	8.707
20181029	17.18	76.08	6.736
20181030	39.37	57.98	2.642
20181031	45.27	52.63	2.101
20181101	27.65	69.64	2.705
20181102	36.09	61.55	2.355
20181103	32.03	64.86	3.102
20181104	57.09	40.94	1.97
20181105	50.16	47.11	2.729
20181106	45.38	50.97	3.643
20181107	49.17	46.46	4.37
20181108	53.82	41.8	4.38
20181109	53.64	41.96	4.401
20181110	nan	nan	nan
20181111	nan	nan	nan
20181112	nan	nan	nan
20181113	nan	nan	nan
20181114	nan	nan	nan
20181115	nan	nan	nan
20181116	nan	nan	nan
20181117	nan	nan	nan
20181118	nan	nan	nan
20181119	nan	nan	nan
20181120	nan	nan	nan
20181121	nan	nan	nan
20181122	nan	nan	nan
20181123	nan	nan	nan
20181124	nan	nan	nan
20181125	nan	nan	nan
20181126	nan	nan	nan
20181127	nan	nan	nan
20181128	nan	nan	nan
20181129	nan	nan	nan
20181130	nan	nan	nan
20181201	nan	nan	nan
20181202	nan	nan	nan
20181203	nan	nan	nan
20181204	nan	nan	nan
20181205	nan	nan	nan
20181206	nan	nan	nan
20181207	nan	nan	nan
20181208	nan	nan	nan
20181209	nan	nan	nan
20181210	nan	nan	nan
20181211	nan	nan	nan
20181212	nan	nan	nan
20181213	nan	nan	nan
20181214	nan	nan	nan
20181215	nan	nan	nan
20181216	nan	nan	nan
20181217	nan	nan	nan
20181218	nan	nan	nan
20181219	nan	nan	nan
20181220	nan	nan	nan
20181221	nan	nan	nan
20181222	nan	nan	nan
20181223	nan	nan	nan
20181224	nan	nan	nan
20181225	nan	nan	nan
20181226	nan	nan	nan
20181227	nan	nan	nan
20181228	nan	nan	nan
20181229	nan	nan	nan
20181230	nan	nan	nan
20181231	nan	nan	nan
20190101	nan	nan	nan
20190102	nan	nan	nan
20190103	nan	nan	nan
20190104	nan	nan	nan
20190105	nan	nan	nan
20190106	nan	nan	nan
20190107	nan	nan	nan
20190108	nan	nan	nan
20190109	nan	nan	nan
20190110	nan	nan	nan
20190111	nan	nan	nan
20190112	nan	nan	nan
20190113	nan	nan	nan
20190114	nan	nan	nan
20190115	nan	nan	nan
20190116	nan	nan	nan
20190117	nan	nan	nan
20190118	nan	nan	nan
20190119	nan	nan	nan
20190120	nan	nan	nan
20190121	nan	nan	nan
20190122	nan	nan	nan
20190123	nan	nan	nan
20190124	nan	nan	nan
20190125	nan	nan	nan
20190126	nan	nan	nan
20190127	nan	nan	nan
20190128	nan	nan	nan
20190129	nan	nan	nan
20190130	nan	nan	nan
20190131	nan	nan	nan
20190201	nan	nan	nan
20190202	nan	nan	nan
20190203	nan	nan	nan
20190204	nan	nan	nan
20190205	nan	nan	nan
20190206	nan	nan	nan
20190207	7.118	90.23	2.654
20190208	17.36	81.34	1.294
20190209	5.996	93.39	0.6187
20190210	17.45	81.92	0.6271
20190211	20.53	78.87	0.6016
20190212	14.85	83.94	1.203
20190213	12.49	85.97	1.548
20190214	9.691	88.01	2.304
20190215	8.831	89.17	1.999
20190216	11.29	86.62	2.087
20190217	3.657	94.01	2.334
20190218	4.329	93.42	2.25
20190219	4.214	93.7	2.088
20190220	8.774	88.55	2.675
20190221	4.331	93.48	2.193
20190222	22.72	75.7	1.584
20190223	54.4	44.67	0.9397
20190224	67.59	32.05	0.358
20190225	70.0	29.32	0.6815
20190226	74.09	25.41	0.5018
20190227	72.5	27.06	0.4379
20190228	66.4	32.9	0.6947
20190301	62.5	36.86	0.641
20190302	56.91	42.62	0.4685
20190303	46.84	52.77	0.3867
20190304	45.62	54.13	0.2579
20190305	45.28	54.46	0.2603
20190306	44.46	55.27	0.2716
20190307	32.38	67.41	0.2015
20190308	29.49	70.41	0.1021
20190309	nan	nan	nan
20190310	nan	nan	nan
20190311	7.26	92.7	0.04219
20190312	7.294	92.48	0.2293
20190313	6.885	92.88	0.2305
20190314	5.506	94.2	0.2952
20190315	5.123	94.52	0.3548
20190316	5.036	94.6	0.3621
20190317	3.289	96.53	0.1849
20190318	2.612	97.19	0.1991
20190319	2.433	97.51	0.06155
20190320	2.159	97.74	0.09941
20190321	nan	nan	nan
20190322	1.296	98.49	0.2113
20190323	1.113	98.54	0.3476
20190324	nan	nan	nan
20190325	nan	nan	nan
20190326	nan	nan	nan
20190327	nan	nan	nan
20190328	nan	nan	nan
20190329	nan	nan	nan
20190330	nan	nan	nan
20190331	nan	nan	nan
20190401	nan	nan	nan
20190402	nan	nan	nan
20190403	nan	nan	nan
20190404	nan	nan	nan
20190405	0.2728	99.72	0.00657
20190406	0.02845	99.97	0.0
20190407	0.1508	99.85	0.0
20190408	0.1562	99.84	0.0
20190409	0.3187	99.68	0.0
20190410	0.2932	99.71	0.0
20190411	0.3456	99.65	0.0
20190412	0.4194	99.58	0.0
20190413	0.466	99.53	0.0
20190414	1.688	98.31	0.0
20190415	11.92	88.08	0.0
20190416	8.101	91.9	0.0
20190417	6.526	93.47	0.0
20190418	6.523	93.47	0.006978
20190419	8.074	91.92	0.006973
20190420	18.63	81.37	0.006932
20190421	83.01	16.98	0.008287
20190422	68.94	31.05	0.001986
20190423	81.97	17.93	0.1047
20190424	86.0	13.9	0.09512
20190425	71.12	28.58	0.292
20190426	21.86	0.005129	78.13
20190427	72.11	3.629	24.26
20190428	73.97	24.0	2.029
20190429	75.74	22.45	1.808
20190430	76.23	21.89	1.875
20190501	83.34	15.1	1.567
20190502	83.23	15.21	1.566
20190503	83.96	15.2	0.8393
20190504	80.41	18.97	0.6198
20190505	76.24	23.31	0.4454
20190506	83.36	16.42	0.2225
20190507	82.26	17.54	0.1953
20190508	82.47	17.34	0.1934
20190509	63.41	36.35	0.2362
20190510	79.35	20.43	0.2235
20190511	77.55	21.97	0.478
20190512	78.82	20.72	0.4539
20190513	81.94	17.63	0.4227
20190514	81.5	17.89	0.6111
20190515	80.31	18.63	1.064
20190516	85.31	13.59	1.1
20190517	75.18	22.78	2.032
20190518	75.86	19.86	4.286
20190519	66.32	28.4	5.282
20190520	66.66	27.47	5.87
20190521	63.02	30.92	6.061
20190522	65.57	27.91	6.521
20190523	67.77	25.05	7.179
20190524	69.19	23.51	7.297
20190525	72.69	20.16	7.145
20190526	nan	nan	nan
20190527	76.93	16.72	6.351
20190528	76.74	17.0	6.258
20190529	nan	nan	nan
20190530	nan	nan	nan
20190531	nan	nan	nan
20190601	nan	nan	nan
20190602	nan	nan	nan
20190603	nan	nan	nan
20190604	nan	nan	nan
20190605	nan	nan	nan
20190606	64.03	15.1	20.87
20190607	61.3	14.92	23.78
20190608	62.08	13.49	24.43
20190609	61.65	13.54	24.81
20190610	nan	nan	nan
20190611	nan	nan	nan
20190612	nan	nan	nan
20190613	8.204	0.00635	91.79
20190614	25.35	2.074	72.57
20190615	28.03	1.704	70.26
20190616	31.87	1.053	67.07
20190617	30.49	1.926	67.59
20190618	32.35	1.426	66.23
20190619	32.31	1.43	66.26
20190620	35.17	2.354	62.48
20190621	36.02	2.303	61.67
20190622	38.03	1.885	60.08
20190623	nan	nan	nan
20190624	nan	nan	nan
20190625	nan	nan	nan
20190626	nan	nan	nan
20190627	nan	nan	nan
20190628	nan	nan	nan
20190629	nan	nan	nan
20190630	nan	nan	nan
20190701	nan	nan	nan
20190702	nan	nan	nan
20190703	nan	nan	nan
20190704	28.83	0.06435	71.11
20190705	32.37	0.3831	67.25
20190706	32.57	0.4034	67.03
20190707	31.57	0.3543	68.08
20190708	22.68	2.472	74.84
20190709	18.09	1.688	80.22
20190710	21.11	1.288	77.6
20190711	19.46	1.309	79.23
20190712	17.21	1.058	81.73
20190713	10.11	0.9386	88.95
20190714	13.23	0.8564	85.91
20190715	13.61	0.3815	86.01
20190716	18.99	0.2738	80.74
20190717	21.97	0.2564	77.77
20190718	19.34	0.7676	79.89
20190719	11.86	0.4632	87.68
20190720	10.42	0.683	88.9
20190721	11.82	0.5724	87.6
20190722	11.55	0.576	87.87
20190723	10.37	0.7079	88.92
20190724	10.21	0.7088	89.08
20190725	9.385	0.5973	90.02
20190726	2.316	0.2137	97.47
20190727	0.281	0.03899	99.68
20190728	0.1303	0.01739	99.85
20190729	0.08177	0.004407	99.91
20190730	0.04185	0.0	99.96
20190731	0.03571	0.0	99.96
20190801	1.695	0.3936	97.91
20190802	2.842	0.176	96.98
20190803	4.309	0.312	95.38
20190804	3.476	0.4072	96.12
20190805	4.938	0.2201	94.84
20190806	2.223	0.1546	97.62
20190807	3.71	0.2402	96.05
20190808	3.649	0.2202	96.13
20190809	5.301	0.2256	94.47
20190810	9.279	0.1338	90.59
20190811	9.42	0.1703	90.41
20190812	7.098	0.159	92.74
20190813	nan	nan	nan
20190814	nan	nan	nan
20190815	nan	nan	nan
20190816	nan	nan	nan
20190817	10.47	0.8854	88.64
20190818	9.642	1.765	88.59
20190819	10.62	1.829	87.55
20190820	9.876	1.707	88.42
20190821	7.58	2.202	90.22
20190822	10.29	2.055	87.66
20190823	9.815	1.887	88.3
20190824	10.14	1.553	88.31
20190825	nan	nan	nan
20190826	12.68	1.254	86.06
20190827	13.54	1.235	85.23
20190828	3.47	0.4623	96.07
20190829	5.261	0.3826	94.36
20190830	5.383	0.39	94.23
20190831	6.1	0.4866	93.41
20190901	2.809	0.2176	96.97
20190902	6.568	0.3332	93.1
20190903	9.619	0.2722	90.11
20190904	8.093	1.729	90.18
20190905	8.58	1.69	89.73
20190906	11.33	1.556	87.12
20190907	11.94	1.874	86.19
20190908	15.18	1.584	83.24
20190909	7.18	1.515	91.31
20190910	7.175	1.042	91.78
20190911	4.836	0.5458	94.62
20190912	8.695	0.8145	90.49
20190913	9.2	1.814	88.99
20190914	11.86	4.367	83.77
20190915	18.23	3.953	77.81
20190916	10.55	4.217	85.24
20190917	11.41	4.028	84.57
20190918	18.15	13.46	68.4
20190919	22.17	29.44	48.4
20190920	24.76	31.47	43.76
20190921	22.01	47.77	30.22
20190922	22.19	49.79	28.02
20190923	nan	nan	nan
20190924	15.1	66.36	18.54
20190925	23.4	58.12	18.48
20190926	22.97	34.83	42.21
20190927	23.38	16.67	59.95
20190928	14.28	11.82	73.9
20190929	15.62	11.74	72.63
20190930	17.02	12.13	70.85
20191001	24.04	13.34	62.62
20191002	26.0	22.35	51.65
20191003	25.9	22.11	51.99
20191004	22.09	44.69	33.21
20191005	nan	nan	nan
20191006	nan	nan	nan
20191007	nan	nan	nan
20191008	29.51	61.91	8.573
20191009	nan	nan	nan
20191010	18.55	74.44	7.013
20191011	15.97	72.88	11.15
20191012	13.63	77.05	9.318
20191013	16.91	74.85	8.239
20191014	23.32	73.22	3.459
20191015	13.3	83.78	2.917
20191016	24.1	73.18	2.724
20191017	16.41	76.76	6.836
20191018	21.83	73.1	5.065
20191019	7.867	87.49	4.645
20191020	26.06	71.74	2.194
20191021	36.42	61.89	1.689
20191022	35.34	63.04	1.624
20191023	32.57	65.29	2.149
20191024	33.57	64.81	1.618
20191025	38.19	60.9	0.9081
20191026	21.83	46.97	31.2
20191027	7.455	72.37	20.18
20191028	21.05	71.71	7.237
20191029	18.84	75.25	5.91
20191030	20.94	78.29	0.7642
20191031	15.4	83.57	1.037
20191101	18.15	80.85	0.9955
20191102	20.75	78.14	1.11
20191103	10.72	88.73	0.5558
20191104	10.92	88.35	0.729
20191105	7.656	91.4	0.9478
20191106	11.41	87.68	0.9014
20191107	12.37	86.88	0.7534
20191108	12.29	86.97	0.7491
20191109	17.61	81.77	0.6174
20191110	nan	nan	nan
20191111	nan	nan	nan
20191112	nan	nan	nan
20191113	nan	nan	nan
20191114	nan	nan	nan
20191115	nan	nan	nan
20191116	nan	nan	nan
20191117	nan	nan	nan
20191118	nan	nan	nan
20191119	nan	nan	nan
20191120	nan	nan	nan
20191121	nan	nan	nan
20191122	nan	nan	nan
20191123	nan	nan	nan
20191124	nan	nan	nan
20191125	nan	nan	nan
20191126	nan	nan	nan
20191127	nan	nan	nan
20191128	nan	nan	nan
20191129	nan	nan	nan
20191130	nan	nan	nan
20191201	nan	nan	nan
20191202	nan	nan	nan
20191203	nan	nan	nan
20191204	nan	nan	nan
20191205	nan	nan	nan
20191206	nan	nan	nan
20191207	nan	nan	nan
20191208	nan	nan	nan
20191209	nan	nan	nan
20191210	nan	nan	nan
20191211	nan	nan	nan
20191212	nan	nan	nan
20191213	nan	nan	nan
20191214	nan	nan	nan
20191215	nan	nan	nan
20191216	nan	nan	nan
20191217	nan	nan	nan
20191218	nan	nan	nan
20191219	nan	nan	nan
20191220	nan	nan	nan
20191221	nan	nan	nan
20191222	nan	nan	nan
20191223	nan	nan	nan
20191224	nan	nan	nan
20191225	nan	nan	nan
20191226	nan	nan	nan
20191227	nan	nan	nan
20191228	nan	nan	nan
20191229	nan	nan	nan
20191230	nan	nan	nan
20191231	nan	nan	nan
20200101	nan	nan	nan
20200102	nan	nan	nan
20200103	nan	nan	nan
20200104	nan	nan	nan
20200105	nan	nan	nan
20200106	nan	nan	nan
20200107	nan	nan	nan
20200108	nan	nan	nan
20200109	nan	nan	nan
20200110	nan	nan	nan
20200111	nan	nan	nan
20200112	nan	nan	nan
20200113	nan	nan	nan
20200114	nan	nan	nan
20200115	nan	nan	nan
20200116	nan	nan	nan
20200117	nan	nan	nan
20200118	nan	nan	nan
20200119	nan	nan	nan
20200120	nan	nan	nan
20200121	nan	nan	nan
20200122	nan	nan	nan
20200123	nan	nan	nan
20200124	nan	nan	nan
20200125	nan	nan	nan
20200126	nan	nan	nan
20200127	nan	nan	nan
20200128	nan	nan	nan
20200129	nan	nan	nan
20200130	nan	nan	nan
20200131	nan	nan	nan
20200201	nan	nan	nan
20200202	nan	nan	nan
20200203	nan	nan	nan
20200204	nan	nan	nan
20200205	nan	nan	nan
20200206	nan	nan	nan
20200207	nan	nan	nan
20200208	nan	nan	nan
20200209	nan	nan	nan
20200210	nan	nan	nan
20200211	nan	nan	nan
20200212	nan	nan	nan
20200213	0.234	98.8	0.9664
20200214	nan	nan	nan
20200215	nan	nan	nan
20200216	nan	nan	nan
20200217	0.1214	98.32	1.555
20200218	0.1264	97.58	2.291
20200219	0.08667	96.78	3.137
20200220	0.09539	96.68	3.229
20200221	0.04778	97.24	2.708
20200222	0.06371	97.83	2.11
20200223	0.03727	97.22	2.742
20200224	0.04012	97.61	2.348
20200225	0.04743	97.33	2.618
20200226	0.05029	97.73	2.222
20200227	0.09087	97.7	2.212
20200228	nan	nan	nan
20200229	nan	nan	nan
20200301	nan	nan	nan
20200302	nan	nan	nan
20200303	nan	nan	nan
20200304	0.1706	99.22	0.6112
20200305	0.6258	98.77	0.6087
20200306	0.5349	98.79	0.6728
20200307	0.4584	98.87	0.6742
20200308	0.4326	99.19	0.3729
20200309	0.4555	99.18	0.3664
20200310	0.3147	99.3	0.3836
20200311	nan	nan	nan
20200312	nan	nan	nan
20200313	nan	nan	nan
20200314	nan	nan	nan
20200315	nan	nan	nan
20200316	nan	nan	nan
20200317	nan	nan	nan
20200318	nan	nan	nan
20200319	nan	nan	nan
20200320	nan	nan	nan
20200321	nan	nan	nan
20200322	nan	nan	nan
20200323	nan	nan	nan
20200324	nan	nan	nan
20200325	nan	nan	nan
20200326	nan	nan	nan
20200327	nan	nan	nan
20200328	nan	nan	nan
20200329	nan	nan	nan
20200330	nan	nan	nan
20200331	nan	nan	nan
20200401	nan	nan	nan
20200402	nan	nan	nan
20200403	0.07368	99.9	0.02889
20200404	0.05459	99.91	0.03287
20200405	0.1681	99.8	0.02807
20200406	0.3084	99.66	0.02832
20200407	0.3717	99.6	0.02857
20200408	nan	nan	nan
20200409	nan	nan	nan
20200410	nan	nan	nan
20200411	nan	nan	nan
20200412	nan	nan	nan
20200413	nan	nan	nan
20200414	nan	nan	nan
20200415	nan	nan	nan
20200416	nan	nan	nan
20200417	nan	nan	nan
20200418	nan	nan	nan
20200419	nan	nan	nan
20200420	nan	nan	nan
20200421	34.85	65.15	0.0
20200422	35.64	64.36	0.0
20200423	37.61	62.39	0.0
20200424	24.11	75.89	0.0
20200425	24.63	75.37	0.0
20200426	24.57	75.42	0.006611
20200427	25.06	74.93	0.005133
20200428	14.27	85.73	0.0
20200429	9.438	90.56	0.0
20200430	9.821	90.18	0.0
20200501	10.44	89.56	0.0
20200502	9.973	90.03	0.0
20200503	27.58	72.42	0.0
20200504	38.52	61.48	0.0
20200505	39.73	60.27	0.0
20200506	nan	nan	nan
20200507	nan	nan	nan
20200508	nan	nan	nan
20200509	nan	nan	nan
20200510	12.12	87.88	0.0
20200511	12.22	87.78	0.0
20200512	13.69	86.31	0.0
20200513	7.665	92.33	0.002577
20200514	7.119	92.88	0.001281
20200515	7.266	92.73	0.001281
20200516	9.524	90.48	0.0
20200517	9.791	90.21	0.0
20200518	5.986	93.99	0.02249
20200519	7.493	92.51	0.0
20200520	7.515	92.48	0.0
20200521	71.04	28.96	0.0
20200522	62.28	37.69	0.02296
20200523	90.99	9.01	0.002442
20200524	93.2	6.797	0.0
20200525	86.71	13.29	0.002687
20200526	87.05	12.95	0.002687
20200527	88.29	11.63	0.07351
20200528	90.43	9.516	0.05617
20200529	91.02	8.922	0.05617
20200530	87.53	12.42	0.04741
20200531	88.68	11.24	0.08031
20200601	79.72	20.02	0.2656
20200602	84.09	15.72	0.1923
20200603	76.66	22.91	0.429
20200604	79.5	20.11	0.3914
20200605	75.83	23.3	0.8706
20200606	76.32	22.8	0.8758
20200607	72.78	23.72	3.502
20200608	69.22	25.13	5.65
20200609	70.42	23.97	5.609
20200610	62.56	30.61	6.829
20200611	62.68	29.48	7.841
20200612	63.76	25.98	10.27
20200613	54.06	23.91	22.03
20200614	56.03	23.1	20.87
20200615	56.51	22.26	21.23
20200616	49.73	25.62	24.65
20200617	49.0	16.49	34.5
20200618	44.23	20.4	35.37
20200619	43.51	18.67	37.82
20200620	36.41	18.37	45.22
20200621	35.59	13.39	51.02
20200622	36.24	11.13	52.63
20200623	34.03	10.96	55.0
20200624	37.31	9.952	52.74
20200625	37.14	8.708	54.15
20200626	39.21	6.601	54.18
20200627	31.46	8.636	59.91
20200628	31.29	6.241	62.47
20200629	32.24	4.719	63.04
20200630	34.51	3.958	61.53
20200701	34.91	6.058	59.03
20200702	39.78	6.032	54.19
20200703	35.42	3.202	61.38
20200704	39.17	2.671	58.15
20200705	40.94	2.173	56.89
20200706	39.4	2.15	58.45
20200707	39.03	2.137	58.83
20200708	39.99	1.948	58.06
20200709	39.31	1.709	58.98
20200710	41.07	1.359	57.57
20200711	40.85	1.303	57.84
20200712	41.2	1.272	57.53
20200713	nan	nan	nan
20200714	nan	nan	nan
20200715	nan	nan	nan
20200716	nan	nan	nan
20200717	nan	nan	nan
20200718	15.57	0.4032	84.03
20200719	15.23	0.4001	84.37
20200720	15.13	0.403	84.47
20200721	nan	nan	nan
20200722	nan	nan	nan
20200723	nan	nan	nan
20200724	nan	nan	nan
20200725	nan	nan	nan
20200726	nan	nan	nan
20200727	nan	nan	nan
20200728	nan	nan	nan
20200729	nan	nan	nan
20200730	4.775	0.09918	95.13
20200731	1.869	0.03959	98.09
20200801	4.906	0.3937	94.7
20200802	4.201	0.2603	95.54
20200803	4.302	0.184	95.51
20200804	5.338	0.2991	94.36
20200805	9.326	0.3024	90.37
20200806	2.817	0.2192	96.96
20200807	4.255	0.3621	95.38
20200808	3.517	0.2723	96.21
20200809	8.238	0.2529	91.51
20200810	9.135	0.2986	90.57
20200811	11.55	0.2899	88.16
20200812	8.78	0.2377	90.98
20200813	10.9	0.2476	88.85
20200814	11.16	0.6289	88.21
20200815	10.72	0.7646	88.52
20200816	17.5	0.548	81.95
20200817	17.84	0.6425	81.52
20200818	nan	nan	nan
20200819	7.198	0.7746	92.03
20200820	8.106	0.7881	91.11
20200821	7.302	0.3931	92.31
20200822	7.636	0.4162	91.95
20200823	9.056	2.724	88.22
20200824	8.87	2.701	88.43
20200825	9.423	1.802	88.78
20200826	nan	nan	nan
20200827	11.06	1.302	87.64
20200828	nan	nan	nan
20200829	nan	nan	nan
20200830	nan	nan	nan
20200831	nan	nan	nan
20200901	nan	nan	nan
20200902	nan	nan	nan
20200903	3.99	0.5378	95.47
20200904	6.598	0.4423	92.96
20200905	5.901	0.4133	93.69
20200906	9.423	0.3936	90.18
20200907	7.633	0.3311	92.04
20200908	7.735	0.3879	91.88
20200909	10.7	0.3937	88.91
20200910	nan	nan	nan
20200911	nan	nan	nan
20200912	nan	nan	nan
20200913	12.77	0.8813	86.35
20200914	nan	nan	nan
20200915	nan	nan	nan
20200916	nan	nan	nan
20200917	nan	nan	nan
20200918	nan	nan	nan
20200919	26.8	22.48	50.71
20200920	31.78	24.3	43.92
20200921	30.81	32.14	37.05
20200922	30.21	27.83	41.96
20200923	30.71	29.05	40.24
20200924	26.55	19.89	53.56
20200925	26.54	19.24	54.21
20200926	31.16	17.77	51.06
20200927	12.87	32.03	55.1
20200928	28.51	17.81	53.68
20200929	24.1	14.16	61.74
20200930	27.24	12.77	59.98
20201001	18.14	7.546	74.32
20201002	17.13	5.143	77.73
20201003	16.57	4.084	79.34
20201004	14.39	5.924	79.68
20201005	7.191	2.616	90.19
20201006	11.33	4.192	84.48
20201007	11.98	7.721	80.3
20201008	12.91	11.82	75.27
20201009	12.84	13.04	74.12
20201010	13.01	15.9	71.09
20201011	12.94	14.37	72.69
20201012	nan	nan	nan
20201013	nan	nan	nan
20201014	21.01	33.44	45.55
20201015	24.38	38.78	36.83
20201016	24.93	43.9	31.17
20201017	nan	nan	nan
20201018	19.62	68.54	11.84
20201019	18.09	74.5	7.408
20201020	8.371	91.22	0.4057
20201021	5.828	93.28	0.8871
20201022	15.04	84.13	0.8228
20201023	14.91	84.31	0.774
20201024	18.77	80.49	0.736
20201025	16.11	82.94	0.956
20201026	16.81	82.26	0.9347
20201027	nan	nan	nan
20201028	nan	nan	nan
20201029	nan	nan	nan
20201030	nan	nan	nan
20201031	nan	nan	nan
20201101	nan	nan	nan
20201102	nan	nan	nan
20201103	nan	nan	nan
20201104	nan	nan	nan
20201105	nan	nan	nan
20201106	nan	nan	nan
20201107	nan	nan	nan
20201108	nan	nan	nan
20201109	nan	nan	nan
20201110	nan	nan	nan
20201111	nan	nan	nan
20201112	nan	nan	nan
20201113	nan	nan	nan
20201114	nan	nan	nan
20201115	nan	nan	nan
20201116	nan	nan	nan
20201117	nan	nan	nan
20201118	nan	nan	nan
20201119	nan	nan	nan
20201120	nan	nan	nan
20201121	nan	nan	nan
20201122	nan	nan	nan
20201123	nan	nan	nan
20201124	nan	nan	nan
20201125	nan	nan	nan
20201126	nan	nan	nan
20201127	nan	nan	nan
20201128	nan	nan	nan
20201129	nan	nan	nan
20201130	nan	nan	nan
20201201	nan	nan	nan
20201202	nan	nan	nan
20201203	nan	nan	nan
20201204	nan	nan	nan
20201205	nan	nan	nan
20201206	nan	nan	nan
20201207	nan	nan	nan
20201208	nan	nan	nan
20201209	nan	nan	nan
20201210	nan	nan	nan
20201211	nan	nan	nan
20201212	nan	nan	nan
20201213	nan	nan	nan
20201214	nan	nan	nan
20201215	nan	nan	nan
20201216	nan	nan	nan
20201217	nan	nan	nan
20201218	nan	nan	nan
20201219	nan	nan	nan
20201220	nan	nan	nan
20201221	nan	nan	nan
20201222	nan	nan	nan
20201223	nan	nan	nan
20201224	nan	nan	nan
20201225	nan	nan	nan
20201226	nan	nan	nan
20201227	nan	nan	nan
20201228	nan	nan	nan
20201229	nan	nan	nan
20201230	nan	nan	nan
20201231	nan	nan	nan
20210101	nan	nan	nan
20210102	nan	nan	nan
20210103	nan	nan	nan
20210104	nan	nan	nan
20210105	nan	nan	nan
20210106	nan	nan	nan
20210107	nan	nan	nan
20210108	nan	nan	nan
20210109	nan	nan	nan
20210110	nan	nan	nan
20210111	nan	nan	nan
20210112	nan	nan	nan
20210113	nan	nan	nan
20210114	nan	nan	nan
20210115	nan	nan	nan
20210116	nan	nan	nan
20210117	nan	nan	nan
20210118	nan	nan	nan
20210119	nan	nan	nan
20210120	nan	nan	nan
20210121	nan	nan	nan
20210122	nan	nan	nan
20210123	nan	nan	nan
20210124	nan	nan	nan
20210125	nan	nan	nan
20210126	nan	nan	nan
20210127	nan	nan	nan
20210128	nan	nan	nan
20210129	nan	nan	nan
20210130	nan	nan	nan
20210131	nan	nan	nan
20210201	nan	nan	nan
20210202	nan	nan	nan
20210203	nan	nan	nan
20210204	nan	nan	nan
20210205	nan	nan	nan
20210206	nan	nan	nan
20210207	nan	nan	nan
20210208	nan	nan	nan
20210209	nan	nan	nan
20210210	nan	nan	nan
20210211	nan	nan	nan
20210212	nan	nan	nan
20210213	nan	nan	nan
20210214	nan	nan	nan
20210215	nan	nan	nan
20210216	nan	nan	nan
20210217	2.044	97.45	0.504
20210218	0.5876	99.2	0.2122
20210219	3.283	96.52	0.1982
20210220	3.255	96.43	0.319
20210221	6.741	92.2	1.055
20210222	7.031	91.89	1.074
20210223	5.052	94.21	0.7394
20210224	5.129	93.43	1.445
20210225	nan	nan	nan
20210226	nan	nan	nan
20210227	nan	nan	nan
20210228	nan	nan	nan
20210301	nan	nan	nan
20210302	nan	nan	nan
20210303	nan	nan	nan
20210304	nan	nan	nan
20210305	nan	nan	nan
20210306	nan	nan	nan
20210307	nan	nan	nan
20210308	nan	nan	nan
20210309	nan	nan	nan
20210310	nan	nan	nan
20210311	nan	nan	nan
20210312	nan	nan	nan
20210313	nan	nan	nan
20210314	nan	nan	nan
20210315	nan	nan	nan
20210316	nan	nan	nan
20210317	nan	nan	nan
20210318	nan	nan	nan
20210319	nan	nan	nan
20210320	nan	nan	nan
20210321	nan	nan	nan
20210322	nan	nan	nan
20210323	nan	nan	nan
20210324	nan	nan	nan
20210325	nan	nan	nan
20210326	nan	nan	nan
20210327	nan	nan	nan
20210328	nan	nan	nan
20210329	nan	nan	nan
20210330	nan	nan	nan
20210331	nan	nan	nan
20210401	nan	nan	nan
20210402	nan	nan	nan
20210403	nan	nan	nan
20210404	nan	nan	nan
20210405	nan	nan	nan
20210406	nan	nan	nan
20210407	nan	nan	nan
20210408	nan	nan	nan
20210409	nan	nan	nan
20210410	0.4104	99.53	0.06384
20210411	0.3979	99.54	0.06302
20210412	0.4326	99.5	0.07061
20210413	0.4273	99.5	0.07062
20210414	0.437	99.49	0.07075
20210415	0.4371	99.49	0.07077
20210416	0.373	99.56	0.07096
20210417	nan	nan	nan
20210418	4.451	95.44	0.105
20210419	5.106	94.79	0.1044
20210420	5.106	94.79	0.1044
20210421	5.106	94.79	0.1044
20210422	5.106	94.78	0.1122
20210423	5.296	94.59	0.1129
20210424	17.55	82.39	0.06245
20210425	17.56	82.35	0.0877
20210426	17.59	82.33	0.08156
20210427	nan	nan	nan
20210428	nan	nan	nan
20210429	nan	nan	nan
20210430	nan	nan	nan
20210501	nan	nan	nan
20210502	nan	nan	nan
20210503	nan	nan	nan
20210504	nan	nan	nan
20210505	7.291	92.71	0.0
20210506	5.47	94.51	0.02023
20210507	5.47	94.51	0.02023
20210508	7.913	92.07	0.01295
20210509	7.913	92.07	0.01295
20210510	7.901	92.06	0.04315
20210511	67.7	32.29	0.008853
20210512	68.25	31.74	0.01505
20210513	74.01	25.97	0.01455
20210514	77.09	22.9	0.01374
20210515	77.29	22.7	0.01378
20210516	77.32	22.56	0.118
20210517	86.77	13.01	0.2195
20210518	nan	nan	nan
20210519	79.92	19.75	0.3327
20210520	80.29	19.39	0.3194
20210521	80.39	19.3	0.3115
20210522	80.39	19.3	0.3115
20210523	79.98	19.18	0.8382
20210524	79.98	19.18	0.8382
20210525	78.02	21.33	0.6466
20210526	nan	nan	nan
20210527	nan	nan	nan
20210528	nan	nan	nan
20210529	nan	nan	nan
20210530	64.08	30.2	5.721
20210531	64.08	30.2	5.721
20210601	62.6	28.78	8.618
20210602	58.89	21.61	19.5
20210603	48.38	30.77	20.84
20210604	47.94	28.6	23.46
20210605	49.18	27.07	23.74
20210606	44.66	28.26	27.08
20210607	44.65	28.23	27.12
20210608	44.15	25.66	30.2
20210609	42.83	23.99	33.18
20210610	42.11	21.87	36.02
20210611	42.72	21.37	35.91
20210612	44.97	17.11	37.92
20210613	nan	nan	nan
20210614	nan	nan	nan
20210615	nan	nan	nan
20210616	nan	nan	nan
20210617	nan	nan	nan
20210618	nan	nan	nan
20210619	nan	nan	nan
20210620	nan	nan	nan
20210621	nan	nan	nan
20210622	nan	nan	nan
20210623	nan	nan	nan
20210624	nan	nan	nan
20210625	nan	nan	nan
20210626	nan	nan	nan
20210627	nan	nan	nan
20210628	nan	nan	nan
20210629	nan	nan	nan
20210630	nan	nan	nan
20210701	nan	nan	nan
20210702	12.88	0.7485	86.37
20210703	8.842	0.6448	90.51
20210704	6.342	0.8076	92.85
20210705	7.308	0.3812	92.31
20210706	8.424	0.3193	91.26
20210707	8.372	0.5276	91.1
20210708	8.796	0.5264	90.68
20210709	11.1	0.4196	88.48
20210710	6.32	0.3416	93.34
20210711	7.241	0.3217	92.44
20210712	8.275	0.3532	91.37
20210713	10.07	0.2225	89.71
20210714	2.719	0.1286	97.15
20210715	7.2	0.3192	92.48
20210716	8.684	0.2942	91.02
20210717	9.815	0.498	89.69
20210718	10.25	0.6649	89.09
20210719	10.49	0.8092	88.7
20210720	12.13	0.7227	87.14
20210721	nan	nan	nan
20210722	nan	nan	nan
20210723	nan	nan	nan
20210724	nan	nan	nan
20210725	nan	nan	nan
20210726	7.583	0.5839	91.83
20210727	2.638	0.335	97.03
20210728	1.146	0.09564	98.76
20210729	1.768	0.2415	97.99
20210730	2.753	0.2427	97.0
20210731	4.301	0.189	95.51
20210801	nan	nan	nan
20210802	nan	nan	nan
20210803	nan	nan	nan
20210804	nan	nan	nan
20210805	nan	nan	nan
20210806	5.977	0.1881	93.83
20210807	1.253	0.03104	98.72
20210808	0.187	0.004663	99.81
20210809	0.1489	0.004669	99.85
20210810	0.2648	0.003202	99.73
20210811	3.433	1.362	95.21
20210812	3.404	1.363	95.23
20210813	3.159	1.231	95.61
20210814	4.481	1.137	94.38
20210815	nan	nan	nan
20210816	nan	nan	nan
20210817	nan	nan	nan
20210818	nan	nan	nan
20210819	nan	nan	nan
20210820	nan	nan	nan
20210821	nan	nan	nan
20210822	nan	nan	nan
20210823	nan	nan	nan
20210824	nan	nan	nan
20210825	nan	nan	nan
20210826	0.641	0.01719	99.34
20210827	0.2612	0.006179	99.73
20210828	2.473	0.2349	97.29
20210829	2.751	0.2361	97.01
20210830	2.756	0.2365	97.01
20210831	3.159	0.7053	96.14
20210901	20.14	1.775	78.08
20210902	22.03	7.756	70.21
20210903	nan	nan	nan
20210904	nan	nan	nan
20210905	nan	nan	nan
20210906	nan	nan	nan
20210907	nan	nan	nan
20210908	nan	nan	nan
20210909	nan	nan	nan
20210910	nan	nan	nan
20210911	13.69	5.241	81.06
20210912	11.82	5.057	83.13
20210913	18.11	4.416	77.47
20210914	21.6	8.381	70.02
20210915	18.22	20.44	61.34
20210916	15.58	20.43	63.99
20210917	16.43	20.84	62.72
20210918	11.75	12.65	75.61
20210919	15.54	7.568	76.89
20210920	11.6	7.5	80.9
20210921	11.2	7.255	81.54
20210922	13.12	9.709	77.17
20210923	16.95	8.696	74.35
20210924	17.13	8.615	74.25
20210925	28.65	6.256	65.09
20210926	29.71	6.76	63.53
20210927	nan	nan	nan
20210928	nan	nan	nan
20210929	nan	nan	nan
20210930	9.843	1.462	88.7
20211001	0.0	0.0	100.0
20211002	0.0	0.0	100.0
20211003	0.0	0.0	100.0
20211004	nan	nan	nan
20211005	8.061	1.214	90.73
20211006	6.293	1.09	92.62
20211007	nan	nan	nan
20211008	nan	nan	nan
20211009	nan	nan	nan
20211010	nan	nan	nan
20211011	nan	nan	nan
20211012	nan	nan	nan
20211013	nan	nan	nan
20211014	nan	nan	nan
20211015	nan	nan	nan
20211016	nan	nan	nan
20211017	nan	nan	nan
20211018	nan	nan	nan
20211019	8.768	90.52	0.7165
20211020	8.589	91.07	0.3436
20211021	9.526	90.21	0.2644
20211022	12.25	87.51	0.2356
20211023	6.862	92.39	0.744
20211024	6.985	92.27	0.7417
20211025	7.754	91.53	0.7198
20211026	7.233	92.18	0.5853
20211027	8.219	91.18	0.5981
20211028	4.912	93.07	2.017
20211029	10.56	84.1	5.346
20211030	11.34	83.01	5.647
20211031	11.36	83.99	4.645
20211101	10.26	85.16	4.582
20211102	11.82	82.96	5.221
20211103	11.77	83.0	5.233
20211104	14.98	80.04	4.98
20211105	nan	nan	nan
20211106	nan	nan	nan
20211107	nan	nan	nan
20211108	nan	nan	nan
20211109	nan	nan	nan
20211110	nan	nan	nan
20211111	nan	nan	nan
20211112	nan	nan	nan
20211113	nan	nan	nan
20211114	nan	nan	nan
20211115	nan	nan	nan
20211116	nan	nan	nan
20211117	nan	nan	nan
20211118	nan	nan	nan
20211119	nan	nan	nan
20211120	nan	nan	nan
20211121	nan	nan	nan
20211122	nan	nan	nan
20211123	nan	nan	nan
20211124	nan	nan	nan
20211125	nan	nan	nan
20211126	nan	nan	nan
20211127	nan	nan	nan
20211128	nan	nan	nan
20211129	nan	nan	nan
20211130	nan	nan	nan
20211201	nan	nan	nan
20211202	nan	nan	nan
20211203	nan	nan	nan
20211204	nan	nan	nan
20211205	nan	nan	nan
20211206	nan	nan	nan
20211207	nan	nan	nan
20211208	nan	nan	nan
20211209	nan	nan	nan
20211210	nan	nan	nan
20211211	nan	nan	nan
20211212	nan	nan	nan
20211213	nan	nan	nan
20211214	nan	nan	nan
20211215	nan	nan	nan
20211216	nan	nan	nan
20211217	nan	nan	nan
20211218	nan	nan	nan
20211219	nan	nan	nan
20211220	nan	nan	nan
20211221	nan	nan	nan
20211222	nan	nan	nan
20211223	nan	nan	nan
20211224	nan	nan	nan
20211225	nan	nan	nan
20211226	nan	nan	nan
20211227	nan	nan	nan
20211228	nan	nan	nan
20211229	nan	nan	nan
20211230	nan	nan	nan
20211231	nan	nan	nan
20220101	nan	nan	nan
20220102	nan	nan	nan
20220103	nan	nan	nan
20220104	nan	nan	nan
20220105	nan	nan	nan
20220106	nan	nan	nan
20220107	nan	nan	nan
20220108	nan	nan	nan
20220109	nan	nan	nan
20220110	nan	nan	nan
20220111	nan	nan	nan
20220112	nan	nan	nan
20220113	nan	nan	nan
20220114	nan	nan	nan
20220115	nan	nan	nan
20220116	nan	nan	nan
20220117	nan	nan	nan
20220118	nan	nan	nan
20220119	nan	nan	nan
20220120	nan	nan	nan
20220121	nan	nan	nan
20220122	nan	nan	nan
20220123	nan	nan	nan
20220124	nan	nan	nan
20220125	nan	nan	nan
20220126	nan	nan	nan
20220127	nan	nan	nan
20220128	nan	nan	nan
20220129	nan	nan	nan
20220130	nan	nan	nan
20220131	nan	nan	nan
20220201	nan	nan	nan
20220202	nan	nan	nan
20220203	nan	nan	nan
20220204	nan	nan	nan
20220205	nan	nan	nan
20220206	nan	nan	nan
20220207	nan	nan	nan
20220208	nan	nan	nan
20220209	nan	nan	nan
20220210	nan	nan	nan
20220211	nan	nan	nan
20220212	nan	nan	nan
20220213	nan	nan	nan
20220214	nan	nan	nan
20220215	nan	nan	nan
20220216	nan	nan	nan
20220217	nan	nan	nan
20220218	nan	nan	nan
20220219	nan	nan	nan
20220220	nan	nan	nan
20220221	nan	nan	nan
20220222	nan	nan	nan
20220223	nan	nan	nan
20220224	0.02011	99.12	0.8588
20220225	0.03995	99.12	0.8387
20220226	0.03995	99.12	0.8387
20220227	1.205	97.53	1.264
20220228	1.215	97.81	0.9711
20220301	nan	nan	nan
20220302	nan	nan	nan
20220303	nan	nan	nan
20220304	nan	nan	nan
20220305	nan	nan	nan
20220306	nan	nan	nan
20220307	nan	nan	nan
20220308	nan	nan	nan
20220309	nan	nan	nan
20220310	nan	nan	nan
20220311	nan	nan	nan
20220312	nan	nan	nan
20220313	nan	nan	nan
20220314	nan	nan	nan
20220315	nan	nan	nan
20220316	0.9068	99.09	0.0
20220317	0.9068	99.09	0.0
20220318	1.517	98.28	0.1993
20220319	1.517	98.27	0.211
20220320	23.78	76.16	0.05276
20220321	33.33	66.58	0.09061
20220322	33.16	66.33	0.5107
20220323	33.76	65.72	0.5218
20220324	33.76	65.72	0.5219
20220325	35.78	63.75	0.4744
20220326	21.75	77.83	0.4203
20220327	nan	nan	nan
20220328	7.182	92.68	0.1401
20220329	7.113	92.8	0.08805
20220330	7.025	92.89	0.08318
20220331	6.808	93.06	0.1297
20220401	6.369	93.51	0.1249
20220402	6.278	93.55	0.1718
20220403	5.981	93.87	0.1455
20220404	nan	nan	nan
20220405	nan	nan	nan
20220406	nan	nan	nan
20220407	nan	nan	nan
20220408	nan	nan	nan
20220409	nan	nan	nan
20220410	nan	nan	nan
20220411	nan	nan	nan
20220412	nan	nan	nan
20220413	nan	nan	nan
20220414	nan	nan	nan
20220415	nan	nan	nan
20220416	nan	nan	nan
20220417	nan	nan	nan
20220418	nan	nan	nan
20220419	nan	nan	nan
20220420	nan	nan	nan
20220421	nan	nan	nan
20220422	nan	nan	nan
20220423	77.64	22.35	0.007709
20220424	77.65	22.34	0.007709
20220425	77.65	22.34	0.007709
20220426	78.74	21.26	0.0002534
20220427	78.87	21.13	0.0
20220428	75.45	24.55	0.0
20220429	75.45	24.55	0.0
20220430	nan	nan	nan
20220501	nan	nan	nan
20220502	nan	nan	nan
20220503	nan	nan	nan
20220504	nan	nan	nan
20220505	nan	nan	nan
20220506	nan	nan	nan
20220507	nan	nan	nan
20220508	nan	nan	nan
20220509	nan	nan	nan
20220510	nan	nan	nan
20220511	nan	nan	nan
20220512	nan	nan	nan
20220513	nan	nan	nan
20220514	nan	nan	nan
20220515	79.98	20.01	0.01512
20220516	79.98	20.01	0.01512
20220517	82.49	17.5	0.01072
20220518	82.47	17.5	0.02447
20220519	43.21	56.66	0.1297
20220520	41.14	58.69	0.1684
20220521	41.14	58.69	0.1684
20220522	49.55	50.02	0.4268
20220523	49.39	49.68	0.9346
20220524	74.35	24.87	0.776
20220525	57.96	40.75	1.289
20220526	58.01	40.71	1.28
20220527	68.12	30.65	1.232
20220528	68.1	30.62	1.285
20220529	71.77	26.8	1.429
20220530	71.09	23.79	5.121
20220531	51.0	42.88	6.12
20220601	62.77	31.2	6.026
20220602	61.04	29.77	9.191
20220603	60.66	29.75	9.586
20220604	60.24	28.77	10.99
20220605	58.44	28.61	12.95
20220606	46.08	37.35	16.57
20220607	48.65	33.94	17.41
20220608	56.85	24.75	18.4
20220609	57.5	21.68	20.82
20220610	47.86	28.54	23.6
20220611	47.95	28.48	23.57
20220612	48.36	27.49	24.15
20220613	nan	nan	nan
20220614	nan	nan	nan
20220615	nan	nan	nan
20220616	nan	nan	nan
20220617	nan	nan	nan
20220618	nan	nan	nan
20220619	nan	nan	nan
20220620	nan	nan	nan
20220621	nan	nan	nan
20220622	nan	nan	nan
20220623	nan	nan	nan
20220624	nan	nan	nan
20220625	30.87	7.636	61.5
20220626	26.75	6.918	66.33
20220627	22.49	6.133	71.38
20220628	13.94	3.936	82.13
20220629	16.89	3.494	79.61
20220630	14.34	3.208	82.45
20220701	9.761	2.007	88.23
20220702	9.34	0.9366	89.72
20220703	8.739	0.5981	90.66
20220704	10.23	1.023	88.75
20220705	8.993	0.8379	90.17
20220706	9.805	0.8698	89.32
20220707	11.07	0.5186	88.41
20220708	11.15	0.5103	88.34
20220709	nan	nan	nan
20220710	nan	nan	nan
20220711	nan	nan	nan
20220712	4.493	0.2452	95.26
20220713	4.44	0.2252	95.33
20220714	6.907	0.6141	92.48
20220715	6.913	0.6147	92.47
20220716	8.355	0.7768	90.87
20220717	8.377	0.7789	90.84
20220718	8.808	0.9928	90.2
20220719	nan	nan	nan
20220720	nan	nan	nan
20220721	nan	nan	nan
20220722	nan	nan	nan
20220723	nan	nan	nan
20220724	nan	nan	nan
20220725	nan	nan	nan
20220726	nan	nan	nan
20220727	nan	nan	nan
20220728	nan	nan	nan
20220729	2.068	0.1105	97.82
20220730	0.5134	0.03424	99.45
20220731	1.929	0.0251	98.05
20220801	0.7498	0.00787	99.24
20220802	0.8088	0.007874	99.18
20220803	0.6161	0.007865	99.38
20220804	1.861	0.1595	97.98
20220805	3.028	0.1574	96.81
20220806	0.4602	0.05	99.49
20220807	0.445	0.05002	99.5
20220808	0.4562	0.05129	99.49
20220809	3.935	0.2477	95.82
20220810	3.98	0.2509	95.77
20220811	4.371	0.7785	94.85
20220812	5.988	0.649	93.36
20220813	nan	nan	nan
20220814	nan	nan	nan
20220815	nan	nan	nan
20220816	nan	nan	nan
20220817	nan	nan	nan
20220818	1.851	0.3518	97.8
20220819	3.979	0.3708	95.65
20220820	3.985	0.3714	95.64
20220821	nan	nan	nan
20220822	3.778	0.3736	95.85
20220823	nan	nan	nan
