Date	WetSnow	DrySnow	BareGround
20140920	nan	nan	nan
20140921	nan	nan	nan
20140922	nan	nan	nan
20140923	nan	nan	nan
20140924	nan	nan	nan
20140925	nan	nan	nan
20140926	nan	nan	nan
20140927	nan	nan	nan
20140928	0.0	0.01864	99.98
20140929	0.0	0.01864	99.98
20140930	0.0	0.0	100.0
20141001	0.0	0.0	100.0
20141002	0.0	0.0	100.0
20141003	0.0	0.0	100.0
20141004	0.2742	0.0	99.73
20141005	0.2647	0.1385	99.6
20141006	0.002881	0.0605	99.94
20141007	0.002878	0.06044	99.94
20141008	0.002878	0.03813	99.96
20141009	0.002878	0.02518	99.97
20141010	0.0007194	0.01655	99.98
20141011	0.0007193	0.006474	99.99
20141012	0.0	0.0	100.0
20141013	0.0	0.0	100.0
20141014	0.0	0.0	100.0
20141015	0.0	0.0	100.0
20141016	0.0	0.0	100.0
20141017	1.698	2.045	96.26
20141018	1.647	1.943	96.41
20141019	0.9946	1.612	97.39
20141020	0.7704	1.328	97.9
20141021	0.733	1.306	97.96
20141022	0.5586	1.067	98.37
20141023	0.5669	1.082	98.35
20141024	0.5582	1.064	98.38
20141025	0.5596	1.067	98.37
20141026	0.5621	1.072	98.37
20141027	0.5655	1.078	98.36
20141028	0.5623	0.7774	98.66
20141029	0.5481	0.7805	98.67
20141030	nan	nan	nan
20141031	0.5263	4.107	95.37
20141101	0.5297	4.134	95.34
20141102	nan	nan	nan
20141103	nan	nan	nan
20141104	nan	nan	nan
20141105	nan	nan	nan
20141106	nan	nan	nan
20141107	72.16	3.008	24.83
20141108	72.19	3.009	24.8
20141109	72.28	3.013	24.71
20141110	nan	nan	nan
20141111	nan	nan	nan
20141112	nan	nan	nan
20141113	nan	nan	nan
20141114	nan	nan	nan
20141115	nan	nan	nan
20141116	nan	nan	nan
20141117	nan	nan	nan
20141118	nan	nan	nan
20141119	nan	nan	nan
20141120	nan	nan	nan
20141121	nan	nan	nan
20141122	nan	nan	nan
20141123	nan	nan	nan
20141124	nan	nan	nan
20141125	nan	nan	nan
20141126	nan	nan	nan
20141127	nan	nan	nan
20141128	nan	nan	nan
20141129	nan	nan	nan
20141130	nan	nan	nan
20141201	nan	nan	nan
20141202	nan	nan	nan
20141203	nan	nan	nan
20141204	nan	nan	nan
20141205	nan	nan	nan
20141206	nan	nan	nan
20141207	nan	nan	nan
20141208	nan	nan	nan
20141209	nan	nan	nan
20141210	nan	nan	nan
20141211	nan	nan	nan
20141212	nan	nan	nan
20141213	nan	nan	nan
20141214	nan	nan	nan
20141215	nan	nan	nan
20141216	nan	nan	nan
20141217	nan	nan	nan
20141218	nan	nan	nan
20141219	nan	nan	nan
20141220	nan	nan	nan
20141221	nan	nan	nan
20141222	nan	nan	nan
20141223	nan	nan	nan
20141224	nan	nan	nan
20141225	nan	nan	nan
20141226	nan	nan	nan
20141227	nan	nan	nan
20141228	nan	nan	nan
20141229	nan	nan	nan
20141230	nan	nan	nan
20141231	nan	nan	nan
20150101	nan	nan	nan
20150102	nan	nan	nan
20150103	nan	nan	nan
20150104	nan	nan	nan
20150105	nan	nan	nan
20150106	nan	nan	nan
20150107	nan	nan	nan
20150108	nan	nan	nan
20150109	nan	nan	nan
20150110	nan	nan	nan
20150111	nan	nan	nan
20150112	nan	nan	nan
20150113	nan	nan	nan
20150114	nan	nan	nan
20150115	nan	nan	nan
20150116	nan	nan	nan
20150117	nan	nan	nan
20150118	nan	nan	nan
20150119	nan	nan	nan
20150120	nan	nan	nan
20150121	nan	nan	nan
20150122	nan	nan	nan
20150123	nan	nan	nan
20150124	nan	nan	nan
20150125	nan	nan	nan
20150126	nan	nan	nan
20150127	nan	nan	nan
20150128	nan	nan	nan
20150129	nan	nan	nan
20150130	nan	nan	nan
20150131	nan	nan	nan
20150201	nan	nan	nan
20150202	nan	nan	nan
20150203	nan	nan	nan
20150204	nan	nan	nan
20150205	nan	nan	nan
20150206	nan	nan	nan
20150207	nan	nan	nan
20150208	nan	nan	nan
20150209	nan	nan	nan
20150210	nan	nan	nan
20150211	nan	nan	nan
20150212	nan	nan	nan
20150213	nan	nan	nan
20150214	nan	nan	nan
20150215	nan	nan	nan
20150216	nan	nan	nan
20150217	nan	nan	nan
20150218	nan	nan	nan
20150219	nan	nan	nan
20150220	nan	nan	nan
20150221	nan	nan	nan
20150222	nan	nan	nan
20150223	nan	nan	nan
20150224	nan	nan	nan
20150225	nan	nan	nan
20150226	nan	nan	nan
20150227	nan	nan	nan
20150228	nan	nan	nan
20150301	nan	nan	nan
20150302	nan	nan	nan
20150303	nan	nan	nan
20150304	nan	nan	nan
20150305	3.413	93.51	3.074
20150306	3.413	93.51	3.076
20150307	3.413	93.51	3.076
20150308	3.359	92.49	4.148
20150309	3.36	92.43	4.214
20150310	8.25	88.18	3.573
20150311	8.252	88.11	3.641
20150312	7.275	88.56	4.164
20150313	7.293	88.53	4.174
20150314	14.3	81.81	3.895
20150315	14.01	79.6	6.39
20150316	13.67	77.99	8.343
20150317	13.66	77.99	8.354
20150318	13.66	77.99	8.354
20150319	43.93	50.98	5.085
20150320	43.39	50.07	6.542
20150321	46.89	47.73	5.374
20150322	49.65	45.1	5.25
20150323	49.65	45.08	5.27
20150324	42.58	52.32	5.1
20150325	42.58	52.32	5.1
20150326	32.59	64.96	2.451
20150327	32.65	64.87	2.471
20150328	32.54	64.7	2.766
20150329	32.54	64.69	2.767
20150330	32.15	65.07	2.779
20150331	32.12	65.06	2.817
20150401	nan	nan	nan
20150402	nan	nan	nan
20150403	nan	nan	nan
20150404	nan	nan	nan
20150405	nan	nan	nan
20150406	nan	nan	nan
20150407	nan	nan	nan
20150408	nan	nan	nan
20150409	nan	nan	nan
20150410	nan	nan	nan
20150411	nan	nan	nan
20150412	nan	nan	nan
20150413	nan	nan	nan
20150414	nan	nan	nan
20150415	10.9	89.08	0.01838
20150416	10.9	89.08	0.01838
20150417	10.9	89.08	0.01838
20150418	10.41	89.57	0.01849
20150419	10.41	89.28	0.3084
20150420	10.41	89.2	0.3817
20150421	9.831	89.77	0.4035
20150422	30.08	69.51	0.4102
20150423	30.35	68.67	0.9797
20150424	21.36	77.24	1.407
20150425	21.26	76.78	1.963
20150426	11.28	87.58	1.14
20150427	11.79	87.29	0.9164
20150428	11.79	87.29	0.9164
20150429	11.77	86.04	2.191
20150430	11.77	85.38	2.853
20150501	12.77	83.87	3.361
20150502	12.74	83.0	4.254
20150503	12.74	83.0	4.254
20150504	20.01	75.98	4.015
20150505	20.0	75.98	4.016
20150506	23.33	72.67	3.998
20150507	23.37	72.46	4.166
20150508	21.27	74.41	4.318
20150509	22.2	73.48	4.318
20150510	21.84	65.01	13.15
20150511	nan	nan	nan
20150512	nan	nan	nan
20150513	nan	nan	nan
20150514	nan	nan	nan
20150515	nan	nan	nan
20150516	9.956	59.63	30.42
20150517	9.902	58.58	31.51
20150518	5.347	60.0	34.65
20150519	5.33	59.99	34.68
20150520	4.971	60.18	34.84
20150521	6.946	58.16	34.89
20150522	6.928	57.85	35.22
20150523	6.904	56.86	36.23
20150524	6.905	56.59	36.51
20150525	6.905	56.48	36.62
20150526	6.69	47.64	45.67
20150527	6.737	46.12	47.15
20150528	6.758	46.01	47.23
20150529	nan	nan	nan
20150530	nan	nan	nan
20150531	nan	nan	nan
20150601	nan	nan	nan
20150602	nan	nan	nan
20150603	nan	nan	nan
20150604	nan	nan	nan
20150605	nan	nan	nan
20150606	nan	nan	nan
20150607	nan	nan	nan
20150608	nan	nan	nan
20150609	nan	nan	nan
20150610	nan	nan	nan
20150611	nan	nan	nan
20150612	nan	nan	nan
20150613	nan	nan	nan
20150614	nan	nan	nan
20150615	nan	nan	nan
20150616	nan	nan	nan
20150617	nan	nan	nan
20150618	nan	nan	nan
20150619	nan	nan	nan
20150620	nan	nan	nan
20150621	nan	nan	nan
20150622	nan	nan	nan
20150623	nan	nan	nan
20150624	nan	nan	nan
20150625	nan	nan	nan
20150626	nan	nan	nan
20150627	nan	nan	nan
20150628	nan	nan	nan
20150629	nan	nan	nan
20150630	nan	nan	nan
20150701	nan	nan	nan
20150702	nan	nan	nan
20150703	nan	nan	nan
20150704	nan	nan	nan
20150705	nan	nan	nan
20150706	nan	nan	nan
20150707	nan	nan	nan
20150708	nan	nan	nan
20150709	0.08687	1.631	98.28
20150710	0.07159	1.591	98.34
20150711	0.07242	1.13	98.8
20150712	nan	nan	nan
20150713	0.04162	0.3717	99.59
20150714	0.0298	0.2936	99.68
20150715	0.05589	0.4101	99.53
20150716	0.05588	0.4101	99.53
20150717	0.05951	0.4101	99.53
20150718	0.03335	0.3821	99.58
20150719	0.03404	0.5534	99.41
20150720	0.0355	0.5304	99.43
20150721	0.02175	0.3182	99.66
20150722	0.02025	0.2184	99.76
20150723	0.01808	0.2025	99.78
20150724	0.05069	0.1875	99.76
20150725	0.03125	0.1737	99.8
20150726	0.03155	0.1321	99.84
20150727	0.0477	0.1321	99.82
20150728	0.03637	0.1062	99.86
20150729	0.05345	0.08713	99.86
20150730	0.05376	0.05818	99.89
20150731	0.05376	0.05818	99.89
20150801	0.05799	0.0595	99.88
20150802	nan	nan	nan
20150803	nan	nan	nan
20150804	nan	nan	nan
20150805	nan	nan	nan
20150806	nan	nan	nan
20150807	nan	nan	nan
20150808	nan	nan	nan
20150809	nan	nan	nan
20150810	nan	nan	nan
20150811	nan	nan	nan
20150812	0.07651	0.2243	99.7
20150813	0.08612	0.5482	99.37
20150814	0.08458	0.5479	99.37
20150815	0.1586	0.04038	99.8
20150816	0.001441	0.01585	99.98
20150817	0.04753	0.0108	99.94
20150818	0.002161	0.0	100.0
20150819	0.002159	0.0	100.0
20150820	0.07845	0.0	99.92
20150821	0.002878	0.0	100.0
20150822	0.002878	0.0	100.0
20150823	0.0007195	0.0	100.0
20150824	0.05542	0.0	99.94
20150825	0.06549	0.0	99.93
20150826	0.02447	0.0	99.98
20150827	0.1828	0.0	99.82
20150828	0.1821	0.0	99.82
20150829	0.1418	0.01008	99.85
20150830	0.1267	0.01008	99.86
20150831	0.1268	0.01008	99.86
20150901	0.1391	0.01009	99.85
20150902	0.1392	0.0101	99.85
20150903	0.1362	0.0	99.86
20150904	0.1361	0.0	99.86
20150905	nan	nan	nan
20150906	nan	nan	nan
20150907	nan	nan	nan
20150908	nan	nan	nan
20150909	nan	nan	nan
20150910	0.05879	0.0479	99.89
20150911	0.001442	0.02668	99.97
20150912	0.001442	0.008651	99.99
20150913	0.08066	0.006482	99.91
20150914	0.0007205	0.006484	99.99
20150915	0.0007204	0.006484	99.99
20150916	0.0007202	0.006482	99.99
20150917	0.05329	0.009361	99.94
20150918	0.06986	0.2261	99.7
20150919	0.06986	0.2261	99.7
20150920	0.1908	0.2261	99.58
20150921	0.0396	0.2218	99.74
20150922	0.03602	0.134	99.83
20150923	0.04396	0.09872	99.86
20150924	0.007209	0.0	99.99
20150925	0.1933	0.0	99.81
20150926	0.1934	0.0	99.81
20150927	0.2376	0.0	99.76
20150928	0.2299	0.0	99.77
20150929	0.2588	0.00506	99.74
20150930	0.1847	2.03	97.79
20151001	0.1811	2.014	97.8
20151002	0.2767	2.056	97.67
20151003	0.237	1.674	98.09
20151004	0.2542	12.55	87.19
20151005	0.09667	62.5	37.41
20151006	0.04859	54.38	45.57
20151007	0.03225	48.92	51.05
20151008	0.02262	41.31	58.67
20151009	0.02112	36.35	63.63
20151010	0.01894	32.14	67.84
20151011	0.09281	35.82	64.09
20151012	0.08998	56.89	43.02
20151013	0.07552	56.83	43.09
20151014	0.1727	56.95	42.87
20151015	0.1729	56.71	43.12
20151016	0.187	57.2	42.62
20151017	0.184	57.05	42.77
20151018	0.1835	55.76	44.05
20151019	0.1679	51.36	48.47
20151020	nan	nan	nan
20151021	nan	nan	nan
20151022	nan	nan	nan
20151023	nan	nan	nan
20151024	nan	nan	nan
20151025	nan	nan	nan
20151026	nan	nan	nan
20151027	nan	nan	nan
20151028	nan	nan	nan
20151029	nan	nan	nan
20151030	nan	nan	nan
20151031	nan	nan	nan
20151101	nan	nan	nan
20151102	nan	nan	nan
20151103	nan	nan	nan
20151104	nan	nan	nan
20151105	nan	nan	nan
20151106	nan	nan	nan
20151107	nan	nan	nan
20151108	nan	nan	nan
20151109	nan	nan	nan
20151110	nan	nan	nan
20151111	nan	nan	nan
20151112	nan	nan	nan
20151113	nan	nan	nan
20151114	nan	nan	nan
20151115	nan	nan	nan
20151116	nan	nan	nan
20151117	nan	nan	nan
20151118	nan	nan	nan
20151119	nan	nan	nan
20151120	nan	nan	nan
20151121	nan	nan	nan
20151122	nan	nan	nan
20151123	nan	nan	nan
20151124	nan	nan	nan
20151125	nan	nan	nan
20151126	nan	nan	nan
20151127	nan	nan	nan
20151128	nan	nan	nan
20151129	nan	nan	nan
20151130	nan	nan	nan
20151201	nan	nan	nan
20151202	nan	nan	nan
20151203	nan	nan	nan
20151204	nan	nan	nan
20151205	nan	nan	nan
20151206	nan	nan	nan
20151207	nan	nan	nan
20151208	nan	nan	nan
20151209	nan	nan	nan
20151210	nan	nan	nan
20151211	nan	nan	nan
20151212	nan	nan	nan
20151213	nan	nan	nan
20151214	nan	nan	nan
20151215	nan	nan	nan
20151216	nan	nan	nan
20151217	nan	nan	nan
20151218	nan	nan	nan
20151219	nan	nan	nan
20151220	nan	nan	nan
20151221	nan	nan	nan
20151222	nan	nan	nan
20151223	nan	nan	nan
20151224	nan	nan	nan
20151225	nan	nan	nan
20151226	nan	nan	nan
20151227	nan	nan	nan
20151228	nan	nan	nan
20151229	nan	nan	nan
20151230	nan	nan	nan
20151231	nan	nan	nan
20160101	nan	nan	nan
20160102	nan	nan	nan
20160103	nan	nan	nan
20160104	nan	nan	nan
20160105	nan	nan	nan
20160106	nan	nan	nan
20160107	nan	nan	nan
20160108	nan	nan	nan
20160109	nan	nan	nan
20160110	nan	nan	nan
20160111	nan	nan	nan
20160112	nan	nan	nan
20160113	nan	nan	nan
20160114	nan	nan	nan
20160115	nan	nan	nan
20160116	nan	nan	nan
20160117	nan	nan	nan
20160118	nan	nan	nan
20160119	nan	nan	nan
20160120	nan	nan	nan
20160121	nan	nan	nan
20160122	nan	nan	nan
20160123	nan	nan	nan
20160124	nan	nan	nan
20160125	nan	nan	nan
20160126	nan	nan	nan
20160127	nan	nan	nan
20160128	nan	nan	nan
20160129	nan	nan	nan
20160130	nan	nan	nan
20160131	nan	nan	nan
20160201	nan	nan	nan
20160202	nan	nan	nan
20160203	nan	nan	nan
20160204	nan	nan	nan
20160205	nan	nan	nan
20160206	nan	nan	nan
20160207	nan	nan	nan
20160208	nan	nan	nan
20160209	nan	nan	nan
20160210	nan	nan	nan
20160211	nan	nan	nan
20160212	nan	nan	nan
20160213	nan	nan	nan
20160214	nan	nan	nan
20160215	nan	nan	nan
20160216	nan	nan	nan
20160217	nan	nan	nan
20160218	nan	nan	nan
20160219	nan	nan	nan
20160220	nan	nan	nan
20160221	nan	nan	nan
20160222	nan	nan	nan
20160223	nan	nan	nan
20160224	nan	nan	nan
20160225	nan	nan	nan
20160226	0.08167	99.7	0.2222
20160227	0.07793	98.41	1.512
20160228	4.379	94.48	1.139
20160229	4.379	94.44	1.176
20160301	3.132	96.73	0.1348
20160302	3.132	96.73	0.1348
20160303	3.17	96.69	0.1348
20160304	1.806	96.36	1.835
20160305	1.806	95.99	2.201
20160306	1.806	95.99	2.201
20160307	1.806	95.99	2.201
20160308	1.812	95.98	2.209
20160309	0.03454	96.49	3.476
20160310	0.03454	96.47	3.495
20160311	3.903	93.41	2.683
20160312	3.909	93.4	2.686
20160313	3.909	93.4	2.686
20160314	3.897	93.33	2.777
20160315	6.246	90.6	3.151
20160316	20.04	77.05	2.905
20160317	20.03	76.9	3.063
20160318	20.02	76.85	3.136
20160319	20.02	76.76	3.225
20160320	20.37	76.35	3.279
20160321	65.32	34.34	0.3484
20160322	66.3	33.45	0.2531
20160323	68.48	31.32	0.1992
20160324	68.0	31.12	0.8811
20160325	56.15	43.32	0.5322
20160326	56.15	43.32	0.5323
20160327	56.3	43.17	0.5296
20160328	43.54	55.76	0.7041
20160329	43.53	55.76	0.7042
20160330	43.07	55.27	1.663
20160331	42.83	55.05	2.124
20160401	42.34	54.32	3.342
20160402	10.23	88.75	1.021
20160403	10.23	88.75	1.021
20160404	1.505	97.66	0.8357
20160405	1.501	97.4	1.103
20160406	1.725	97.08	1.2
20160407	1.725	97.08	1.2
20160408	2.557	96.25	1.197
20160409	3.487	95.32	1.197
20160410	3.487	95.32	1.197
20160411	3.488	95.28	1.233
20160412	3.49	95.28	1.234
20160413	3.509	94.99	1.503
20160414	23.72	75.15	1.135
20160415	nan	nan	nan
20160416	nan	nan	nan
20160417	nan	nan	nan
20160418	2.096	96.97	0.9308
20160419	2.023	95.53	2.444
20160420	2.705	94.61	2.681
20160421	0.4395	97.66	1.899
20160422	0.4395	97.55	2.007
20160423	0.4395	97.29	2.275
20160424	0.4392	96.15	3.406
20160425	0.4173	94.76	4.823
20160426	0.6481	95.11	4.244
20160427	0.6481	95.11	4.244
20160428	9.047	78.44	12.51
20160429	8.989	77.23	13.78
20160430	7.339	71.02	21.64
20160501	7.304	67.59	25.11
20160502	5.733	64.91	29.35
20160503	7.1	63.25	29.65
20160504	7.09	63.26	29.65
20160505	7.09	63.26	29.65
20160506	7.089	62.45	30.46
20160507	7.093	62.36	30.55
20160508	6.872	61.49	31.64
20160509	6.934	60.86	32.21
20160510	6.527	60.21	33.27
20160511	6.618	59.95	33.43
20160512	6.465	58.81	34.72
20160513	nan	nan	nan
20160514	nan	nan	nan
20160515	nan	nan	nan
20160516	nan	nan	nan
20160517	nan	nan	nan
20160518	nan	nan	nan
20160519	nan	nan	nan
20160520	nan	nan	nan
20160521	nan	nan	nan
20160522	nan	nan	nan
20160523	nan	nan	nan
20160524	nan	nan	nan
20160525	nan	nan	nan
20160526	nan	nan	nan
20160527	0.4401	9.367	90.19
20160528	0.4299	9.147	90.42
20160529	0.3714	7.118	92.51
20160530	0.3211	4.969	94.71
20160531	0.1814	3.9	95.92
20160601	0.2383	3.832	95.93
20160602	0.1571	2.952	96.89
20160603	0.2119	3.751	96.04
20160604	0.2119	3.643	96.15
20160605	0.2487	3.64	96.11
20160606	0.2056	3.112	96.68
20160607	0.1882	2.378	97.43
20160608	0.2081	2.425	97.37
20160609	0.2092	2.078	97.71
20160610	0.1691	1.705	98.13
20160611	0.1491	1.154	98.7
20160612	0.1626	1.33	98.51
20160613	nan	nan	nan
20160614	nan	nan	nan
20160615	nan	nan	nan
20160616	nan	nan	nan
20160617	nan	nan	nan
20160618	nan	nan	nan
20160619	nan	nan	nan
20160620	nan	nan	nan
20160621	nan	nan	nan
20160622	nan	nan	nan
20160623	nan	nan	nan
20160624	nan	nan	nan
20160625	nan	nan	nan
20160626	nan	nan	nan
20160627	0.0	0.03067	99.97
20160628	0.0	0.03067	99.97
20160629	0.005836	0.03064	99.96
20160630	0.002909	0.02036	99.98
20160701	0.02035	0.03489	99.94
20160702	0.005071	0.02463	99.97
20160703	0.002893	0.02459	99.97
20160704	0.001446	0.03977	99.96
20160705	0.001446	0.03977	99.96
20160706	0.01157	0.03978	99.95
20160707	0.01893	3.551	96.43
20160708	0.01259	3.611	96.38
20160709	0.04663	3.61	96.34
20160710	0.04738	3.668	96.28
20160711	nan	nan	nan
20160712	0.001466	1.148	98.85
20160713	0.02186	0.8405	99.14
20160714	nan	nan	nan
20160715	nan	nan	nan
20160716	nan	nan	nan
20160717	nan	nan	nan
20160718	nan	nan	nan
20160719	nan	nan	nan
20160720	nan	nan	nan
20160721	0.044	0.006492	99.95
20160722	0.0	0.006483	99.99
20160723	0.02378	0.02451	99.95
20160724	0.002162	0.02451	99.97
20160725	0.05046	0.01802	99.93
20160726	0.05257	0.006482	99.94
20160727	0.05182	0.006477	99.94
20160728	0.05182	0.006477	99.94
20160729	0.03742	0.006477	99.96
20160730	0.02735	0.0	99.97
20160731	0.0511	0.0	99.95
20160801	0.05112	0.0	99.95
20160802	0.05427	0.0	99.95
20160803	0.04837	0.0	99.95
20160804	0.07673	0.02046	99.9
20160805	0.03323	0.00939	99.96
20160806	0.05602	0.009458	99.93
20160807	0.08306	0.009471	99.91
20160808	0.08306	0.009471	99.91
20160809	0.0832	0.009488	99.91
20160810	0.02934	0.00978	99.96
20160811	nan	nan	nan
20160812	nan	nan	nan
20160813	0.03379	0.0	99.97
20160814	0.09162	0.0	99.91
20160815	0.01233	0.0	99.99
20160816	0.06213	0.0	99.94
20160817	0.001441	0.0	100.0
20160818	0.0425	0.0	99.96
20160819	0.05114	0.0	99.95
20160820	0.01873	0.0	99.98
20160821	0.01801	0.0	99.98
20160822	0.001439	0.0	100.0
20160823	0.04892	0.0	99.95
20160824	0.1907	0.0	99.81
20160825	0.1906	0.0	99.81
20160826	0.2288	0.0	99.77
20160827	0.2281	0.0	99.77
20160828	0.254	0.0626	99.68
20160829	0.2527	0.06262	99.68
20160830	0.2851	0.2023	99.51
20160831	0.296	0.2023	99.5
20160901	0.2961	0.2025	99.5
20160902	0.2967	0.2029	99.5
20160903	0.1314	0.05702	99.81
20160904	nan	nan	nan
20160905	nan	nan	nan
20160906	nan	nan	nan
20160907	nan	nan	nan
20160908	nan	nan	nan
20160909	nan	nan	nan
20160910	0.03163	0.1861	99.78
20160911	0.04115	0.1859	99.77
20160912	0.05063	0.3441	99.61
20160913	0.02125	0.1942	99.78
20160914	0.02132	0.1948	99.78
20160915	0.01395	0.1924	99.79
20160916	0.04174	0.05613	99.9
20160917	0.1036	0.02014	99.88
20160918	0.1022	0.0	99.9
20160919	0.1367	8.896	90.97
20160920	0.06332	8.394	91.54
20160921	0.08562	0.8979	99.02
20160922	0.04604	0.1547	99.8
20160923	0.06259	0.01799	99.92
20160924	0.1151	0.0	99.88
20160925	0.1151	0.0	99.88
20160926	0.1015	0.0	99.9
20160927	0.2022	0.001444	99.8
20160928	0.2053	0.1641	99.63
20160929	0.3075	0.1642	99.53
20160930	0.3364	1.418	98.25
20161001	0.3085	2.104	97.59
20161002	0.1202	2.468	97.41
20161003	0.1418	7.64	92.22
20161004	0.3608	12.46	87.18
20161005	0.6237	13.56	85.82
20161006	0.6251	13.63	85.74
20161007	0.6033	12.57	86.83
20161008	0.5336	6.445	93.02
20161009	0.5343	1.774	97.69
20161010	0.4748	1.372	98.15
20161011	11.29	1.354	87.36
20161012	10.98	1.234	87.79
20161013	11.05	1.241	87.71
20161014	11.03	1.14	87.83
20161015	3.345	0.4093	96.25
20161016	9.185	0.2454	90.57
20161017	27.72	0.5687	71.71
20161018	23.31	0.6498	76.04
20161019	13.46	0.6638	85.88
20161020	0.8951	0.201	98.9
20161021	9.881	1.143	88.98
20161022	3.715	0.6806	95.6
20161023	16.46	1.123	82.42
20161024	30.31	1.659	68.03
20161025	31.63	4.191	64.18
20161026	10.46	1.744	87.8
20161027	11.55	2.839	85.61
20161028	9.6	4.875	85.52
20161029	36.33	4.123	59.55
20161030	31.32	10.53	58.14
20161031	36.47	20.28	43.25
20161101	27.38	18.71	53.92
20161102	25.81	18.34	55.85
20161103	34.63	23.22	42.15
20161104	42.26	28.62	29.12
20161105	30.03	22.0	47.97
20161106	82.78	7.98	9.242
20161107	82.79	7.954	9.253
20161108	90.75	4.84	4.409
20161109	91.17	4.844	3.989
20161110	92.05	4.445	3.51
20161111	94.05	3.123	2.827
20161112	94.69	2.944	2.368
20161113	94.86	2.885	2.252
20161114	95.43	2.483	2.084
20161115	96.15	1.94	1.913
20161116	nan	nan	nan
20161117	nan	nan	nan
20161118	nan	nan	nan
20161119	nan	nan	nan
20161120	nan	nan	nan
20161121	nan	nan	nan
20161122	nan	nan	nan
20161123	nan	nan	nan
20161124	nan	nan	nan
20161125	nan	nan	nan
20161126	nan	nan	nan
20161127	nan	nan	nan
20161128	nan	nan	nan
20161129	nan	nan	nan
20161130	nan	nan	nan
20161201	nan	nan	nan
20161202	nan	nan	nan
20161203	nan	nan	nan
20161204	nan	nan	nan
20161205	nan	nan	nan
20161206	nan	nan	nan
20161207	nan	nan	nan
20161208	nan	nan	nan
20161209	nan	nan	nan
20161210	nan	nan	nan
20161211	nan	nan	nan
20161212	nan	nan	nan
20161213	nan	nan	nan
20161214	nan	nan	nan
20161215	nan	nan	nan
20161216	nan	nan	nan
20161217	nan	nan	nan
20161218	nan	nan	nan
20161219	nan	nan	nan
20161220	nan	nan	nan
20161221	nan	nan	nan
20161222	nan	nan	nan
20161223	nan	nan	nan
20161224	nan	nan	nan
20161225	nan	nan	nan
20161226	nan	nan	nan
20161227	nan	nan	nan
20161228	nan	nan	nan
20161229	nan	nan	nan
20161230	nan	nan	nan
20161231	nan	nan	nan
20170101	nan	nan	nan
20170102	nan	nan	nan
20170103	nan	nan	nan
20170104	nan	nan	nan
20170105	nan	nan	nan
20170106	nan	nan	nan
20170107	nan	nan	nan
20170108	nan	nan	nan
20170109	nan	nan	nan
20170110	nan	nan	nan
20170111	nan	nan	nan
20170112	nan	nan	nan
20170113	nan	nan	nan
20170114	nan	nan	nan
20170115	nan	nan	nan
20170116	nan	nan	nan
20170117	nan	nan	nan
20170118	nan	nan	nan
20170119	nan	nan	nan
20170120	nan	nan	nan
20170121	nan	nan	nan
20170122	nan	nan	nan
20170123	nan	nan	nan
20170124	nan	nan	nan
20170125	nan	nan	nan
20170126	nan	nan	nan
20170127	nan	nan	nan
20170128	nan	nan	nan
20170129	nan	nan	nan
20170130	nan	nan	nan
20170131	nan	nan	nan
20170201	nan	nan	nan
20170202	nan	nan	nan
20170203	nan	nan	nan
20170204	nan	nan	nan
20170205	nan	nan	nan
20170206	19.24	80.2	0.5643
20170207	2.583	97.1	0.3149
20170208	2.261	97.37	0.3702
20170209	2.676	96.58	0.7464
20170210	2.658	96.51	0.8358
20170211	1.308	97.62	1.069
20170212	2.804	96.13	1.069
20170213	7.322	91.58	1.098
20170214	35.55	63.31	1.136
20170215	35.8	63.06	1.145
20170216	35.89	62.96	1.149
20170217	nan	nan	nan
20170218	nan	nan	nan
20170219	67.5	32.31	0.1926
20170220	61.02	38.78	0.1908
20170221	61.56	38.27	0.1709
20170222	50.5	49.09	0.4138
20170223	51.27	48.31	0.414
20170224	51.3	48.29	0.4144
20170225	nan	nan	nan
20170226	nan	nan	nan
20170227	2.235	97.47	0.2903
20170228	1.131	98.74	0.1335
20170301	0.469	99.22	0.3129
20170302	0.7586	99.03	0.2136
20170303	0.2846	99.15	0.5685
20170304	0.6498	98.55	0.7957
20170305	0.5819	98.94	0.4779
20170306	0.7003	99.2	0.09669
20170307	0.7015	99.18	0.1152
20170308	0.4543	99.37	0.1712
20170309	0.5169	99.33	0.1547
20170310	0.562	98.8	0.6344
20170311	0.5613	98.82	0.6172
20170312	0.561	98.72	0.7206
20170313	0.5284	98.74	0.7277
20170314	nan	nan	nan
20170315	nan	nan	nan
20170316	nan	nan	nan
20170317	nan	nan	nan
20170318	nan	nan	nan
20170319	nan	nan	nan
20170320	nan	nan	nan
20170321	nan	nan	nan
20170322	nan	nan	nan
20170323	nan	nan	nan
20170324	nan	nan	nan
20170325	nan	nan	nan
20170326	nan	nan	nan
20170327	nan	nan	nan
20170328	nan	nan	nan
20170329	nan	nan	nan
20170330	nan	nan	nan
20170331	nan	nan	nan
20170401	nan	nan	nan
20170402	nan	nan	nan
20170403	nan	nan	nan
20170404	nan	nan	nan
20170405	nan	nan	nan
20170406	nan	nan	nan
20170407	54.49	45.29	0.2196
20170408	16.47	83.53	0.0
20170409	26.53	73.47	0.0
20170410	25.97	74.03	0.0
20170411	28.27	71.73	0.0
20170412	26.41	73.55	0.03629
20170413	9.59	90.41	0.0
20170414	5.283	94.7	0.01807
20170415	8.069	91.91	0.01878
20170416	7.627	92.35	0.01879
20170417	3.389	96.61	0.0
20170418	3.343	96.66	0.0
20170419	3.322	96.68	0.0
20170420	nan	nan	nan
20170421	nan	nan	nan
20170422	nan	nan	nan
20170423	0.4563	99.54	0.0
20170424	nan	nan	nan
20170425	0.6487	99.35	0.0
20170426	1.105	98.9	0.0
20170427	1.167	98.83	0.0
20170428	0.2337	99.75	0.01798
20170429	0.3294	99.65	0.01798
20170430	0.3912	99.59	0.01798
20170501	1.526	98.46	0.01798
20170502	2.475	97.51	0.01798
20170503	13.68	86.28	0.03596
20170504	17.13	82.83	0.03596
20170505	22.99	76.97	0.03599
20170506	nan	nan	nan
20170507	nan	nan	nan
20170508	nan	nan	nan
20170509	nan	nan	nan
20170510	nan	nan	nan
20170511	nan	nan	nan
20170512	nan	nan	nan
20170513	17.5	82.14	0.3606
20170514	7.691	91.73	0.5844
20170515	21.84	77.3	0.8566
20170516	20.16	78.98	0.8567
20170517	23.62	75.52	0.8567
20170518	23.35	74.79	1.867
20170519	25.6	72.46	1.936
20170520	28.15	70.03	1.825
20170521	32.24	66.04	1.717
20170522	nan	nan	nan
20170523	nan	nan	nan
20170524	nan	nan	nan
20170525	nan	nan	nan
20170526	nan	nan	nan
20170527	nan	nan	nan
20170528	nan	nan	nan
20170529	nan	nan	nan
20170530	nan	nan	nan
20170531	nan	nan	nan
20170601	nan	nan	nan
20170602	nan	nan	nan
20170603	nan	nan	nan
20170604	nan	nan	nan
20170605	nan	nan	nan
20170606	nan	nan	nan
20170607	nan	nan	nan
20170608	5.698	51.29	43.01
20170609	5.428	46.1	48.47
20170610	3.82	40.52	55.66
20170611	3.306	38.13	58.56
20170612	nan	nan	nan
20170613	2.63	30.39	66.98
20170614	nan	nan	nan
20170615	nan	nan	nan
20170616	nan	nan	nan
20170617	nan	nan	nan
20170618	nan	nan	nan
20170619	nan	nan	nan
20170620	nan	nan	nan
20170621	nan	nan	nan
20170622	nan	nan	nan
20170623	nan	nan	nan
20170624	nan	nan	nan
20170625	nan	nan	nan
20170626	nan	nan	nan
20170627	nan	nan	nan
20170628	nan	nan	nan
20170629	nan	nan	nan
20170630	nan	nan	nan
20170701	nan	nan	nan
20170702	nan	nan	nan
20170703	nan	nan	nan
20170704	nan	nan	nan
20170705	nan	nan	nan
20170706	nan	nan	nan
20170707	nan	nan	nan
20170708	nan	nan	nan
20170709	nan	nan	nan
20170710	nan	nan	nan
20170711	nan	nan	nan
20170712	nan	nan	nan
20170713	nan	nan	nan
20170714	nan	nan	nan
20170715	nan	nan	nan
20170716	nan	nan	nan
20170717	nan	nan	nan
20170718	nan	nan	nan
20170719	nan	nan	nan
20170720	nan	nan	nan
20170721	nan	nan	nan
20170722	nan	nan	nan
20170723	0.06051	0.05687	99.88
20170724	0.125	0.0567	99.82
20170725	0.07026	0.0	99.93
20170726	0.2403	0.0007236	99.76
20170727	0.2689	0.000723	99.73
20170728	0.1127	0.0007224	99.89
20170729	0.05996	0.0007224	99.94
20170730	0.07882	0.07448	99.85
20170731	0.2324	0.07457	99.69
20170801	0.3185	0.074	99.61
20170802	0.308	0.07408	99.62
20170803	0.2772	0.0746	99.65
20170804	0.1918	0.0	99.81
20170805	nan	nan	nan
20170806	nan	nan	nan
20170807	nan	nan	nan
20170808	0.2275	1.23	98.54
20170809	0.2312	1.23	98.54
20170810	0.2315	1.591	98.18
20170811	0.2151	0.7228	99.06
20170812	0.3482	1.709	97.94
20170813	nan	nan	nan
20170814	nan	nan	nan
20170815	nan	nan	nan
20170816	nan	nan	nan
20170817	nan	nan	nan
20170818	nan	nan	nan
20170819	nan	nan	nan
20170820	nan	nan	nan
20170821	nan	nan	nan
20170822	nan	nan	nan
20170823	nan	nan	nan
20170824	nan	nan	nan
20170825	nan	nan	nan
20170826	nan	nan	nan
20170827	nan	nan	nan
20170828	nan	nan	nan
20170829	nan	nan	nan
20170830	nan	nan	nan
20170831	nan	nan	nan
20170901	nan	nan	nan
20170902	nan	nan	nan
20170903	nan	nan	nan
20170904	0.2124	0.01323	99.77
20170905	0.4111	0.0	99.59
20170906	0.5459	0.0	99.45
20170907	0.2824	0.0	99.72
20170908	0.4828	0.0	99.52
20170909	0.4689	0.0	99.53
20170910	0.4876	0.2739	99.24
20170911	0.4813	0.2789	99.24
20170912	0.6926	3.02	96.29
20170913	0.6791	3.022	96.3
20170914	nan	nan	nan
20170915	nan	nan	nan
20170916	nan	nan	nan
20170917	nan	nan	nan
20170918	nan	nan	nan
20170919	nan	nan	nan
20170920	nan	nan	nan
20170921	nan	nan	nan
20170922	1.96	0.05161	97.99
20170923	1.959	0.6941	97.35
20170924	0.4821	0.03883	99.48
20170925	0.5343	0.09172	99.37
20170926	0.376	0.09181	99.53
20170927	0.05804	0.06312	99.88
20170928	0.148	0.0624	99.79
20170929	0.3868	0.045	99.57
20170930	3.173	0.03622	96.79
20171001	0.2883	0.0	99.71
20171002	0.2844	0.0	99.72
20171003	0.2846	0.612	99.1
20171004	0.3881	0.5847	99.03
20171005	0.352	0.3981	99.25
20171006	0.962	0.4147	98.62
20171007	0.8771	0.6236	98.5
20171008	nan	nan	nan
20171009	nan	nan	nan
20171010	nan	nan	nan
20171011	nan	nan	nan
20171012	nan	nan	nan
20171013	nan	nan	nan
20171014	nan	nan	nan
20171015	nan	nan	nan
20171016	nan	nan	nan
20171017	nan	nan	nan
20171018	nan	nan	nan
20171019	nan	nan	nan
20171020	nan	nan	nan
20171021	nan	nan	nan
20171022	nan	nan	nan
20171023	72.79	19.53	7.683
20171024	74.08	18.93	6.992
20171025	49.84	35.25	14.91
20171026	38.51	34.78	26.71
20171027	38.29	35.09	26.63
20171028	20.85	53.04	26.11
20171029	13.34	65.08	21.59
20171030	33.98	62.08	3.938
20171031	15.41	82.77	1.822
20171101	32.47	67.14	0.3877
20171102	30.83	67.41	1.758
20171103	27.77	70.06	2.162
20171104	13.82	82.35	3.839
20171105	12.86	83.92	3.223
20171106	11.9	85.7	2.4
20171107	12.24	85.31	2.456
20171108	nan	nan	nan
20171109	nan	nan	nan
20171110	nan	nan	nan
20171111	nan	nan	nan
20171112	nan	nan	nan
20171113	nan	nan	nan
20171114	nan	nan	nan
20171115	nan	nan	nan
20171116	nan	nan	nan
20171117	nan	nan	nan
20171118	nan	nan	nan
20171119	nan	nan	nan
20171120	nan	nan	nan
20171121	nan	nan	nan
20171122	nan	nan	nan
20171123	nan	nan	nan
20171124	nan	nan	nan
20171125	nan	nan	nan
20171126	nan	nan	nan
20171127	nan	nan	nan
20171128	nan	nan	nan
20171129	nan	nan	nan
20171130	nan	nan	nan
20171201	nan	nan	nan
20171202	nan	nan	nan
20171203	nan	nan	nan
20171204	nan	nan	nan
20171205	nan	nan	nan
20171206	nan	nan	nan
20171207	nan	nan	nan
20171208	nan	nan	nan
20171209	nan	nan	nan
20171210	nan	nan	nan
20171211	nan	nan	nan
20171212	nan	nan	nan
20171213	nan	nan	nan
20171214	nan	nan	nan
20171215	nan	nan	nan
20171216	nan	nan	nan
20171217	nan	nan	nan
20171218	nan	nan	nan
20171219	nan	nan	nan
20171220	nan	nan	nan
20171221	nan	nan	nan
20171222	nan	nan	nan
20171223	nan	nan	nan
20171224	nan	nan	nan
20171225	nan	nan	nan
20171226	nan	nan	nan
20171227	nan	nan	nan
20171228	nan	nan	nan
20171229	nan	nan	nan
20171230	nan	nan	nan
20171231	nan	nan	nan
20180101	nan	nan	nan
20180102	nan	nan	nan
20180103	nan	nan	nan
20180104	nan	nan	nan
20180105	nan	nan	nan
20180106	nan	nan	nan
20180107	nan	nan	nan
20180108	nan	nan	nan
20180109	nan	nan	nan
20180110	nan	nan	nan
20180111	nan	nan	nan
20180112	nan	nan	nan
20180113	nan	nan	nan
20180114	nan	nan	nan
20180115	nan	nan	nan
20180116	nan	nan	nan
20180117	nan	nan	nan
20180118	nan	nan	nan
20180119	nan	nan	nan
20180120	nan	nan	nan
20180121	nan	nan	nan
20180122	nan	nan	nan
20180123	nan	nan	nan
20180124	nan	nan	nan
20180125	nan	nan	nan
20180126	nan	nan	nan
20180127	nan	nan	nan
20180128	nan	nan	nan
20180129	nan	nan	nan
20180130	nan	nan	nan
20180131	nan	nan	nan
20180201	nan	nan	nan
20180202	nan	nan	nan
20180203	nan	nan	nan
20180204	nan	nan	nan
20180205	nan	nan	nan
20180206	nan	nan	nan
20180207	nan	nan	nan
20180208	nan	nan	nan
20180209	nan	nan	nan
20180210	nan	nan	nan
20180211	2.58	93.96	3.459
20180212	2.481	91.9	5.615
20180213	18.3	79.22	2.482
20180214	4.444	89.79	5.762
20180215	13.73	82.04	4.23
20180216	27.07	72.48	0.4569
20180217	12.23	86.96	0.8091
20180218	15.39	83.51	1.091
20180219	24.86	72.58	2.561
20180220	34.43	65.45	0.1295
20180221	22.16	77.51	0.3244
20180222	5.205	94.63	0.1597
20180223	27.58	72.16	0.2603
20180224	24.99	74.64	0.3668
20180225	41.0	58.82	0.1848
20180226	21.4	76.9	1.695
20180227	28.21	71.77	0.0187
20180228	31.8	68.2	0.0
20180301	31.68	68.32	0.0
20180302	31.76	68.24	0.0
20180303	31.66	68.23	0.1094
20180304	36.73	62.71	0.5608
20180305	23.59	75.09	1.313
20180306	8.973	90.89	0.1402
20180307	35.55	64.23	0.2172
20180308	32.01	67.76	0.2271
20180309	45.65	54.32	0.0246
20180310	31.9	68.09	0.009407
20180311	28.86	70.95	0.1918
20180312	30.42	69.54	0.03759
20180313	28.19	71.53	0.2779
20180314	28.39	71.24	0.3688
20180315	22.28	77.67	0.04751
20180316	33.18	66.78	0.03956
20180317	36.23	63.75	0.01942
20180318	31.74	68.13	0.1302
20180319	33.57	66.3	0.1302
20180320	31.46	68.41	0.1303
20180321	30.26	69.48	0.267
20180322	30.15	69.48	0.3752
20180323	17.99	81.93	0.08287
20180324	34.08	65.92	0.004317
20180325	34.6	65.4	0.004318
20180326	35.08	64.92	0.004318
20180327	30.49	69.19	0.3195
20180328	26.91	72.62	0.4779
20180329	25.48	73.9	0.6169
20180330	23.87	75.49	0.6346
20180331	nan	nan	nan
20180401	nan	nan	nan
20180402	nan	nan	nan
20180403	0.06069	99.92	0.01445
20180404	0.8393	99.15	0.0144
20180405	1.073	98.84	0.08635
20180406	1.541	98.37	0.08635
20180407	1.607	98.18	0.2108
20180408	0.159	99.72	0.1259
20180409	0.1805	99.5	0.3222
20180410	nan	nan	nan
20180411	nan	nan	nan
20180412	nan	nan	nan
20180413	nan	nan	nan
20180414	4.775	95.22	0.0
20180415	4.834	95.17	0.0
20180416	13.03	86.97	0.0
20180417	8.012	91.89	0.1021
20180418	3.491	96.34	0.1654
20180419	7.82	92.01	0.1654
20180420	15.8	84.04	0.1654
20180421	26.82	73.02	0.1654
20180422	38.5	61.33	0.1654
20180423	24.31	74.72	0.9716
20180424	28.76	70.36	0.8781
20180425	nan	nan	nan
20180426	nan	nan	nan
20180427	nan	nan	nan
20180428	nan	nan	nan
20180429	nan	nan	nan
20180430	nan	nan	nan
20180501	nan	nan	nan
20180502	nan	nan	nan
20180503	nan	nan	nan
20180504	nan	nan	nan
20180505	nan	nan	nan
20180506	nan	nan	nan
20180507	nan	nan	nan
20180508	nan	nan	nan
20180509	2.895	51.42	45.68
20180510	3.013	39.91	57.07
20180511	2.715	34.48	62.81
20180512	2.021	30.49	67.49
20180513	2.063	29.99	67.95
20180514	0.7102	19.9	79.39
20180515	0.5853	15.39	84.03
20180516	0.7697	11.44	87.79
20180517	0.5993	9.252	90.15
20180518	0.5464	7.619	91.83
20180519	0.4219	6.937	92.64
20180520	0.4971	6.904	92.6
20180521	0.4967	6.207	93.3
20180522	nan	nan	nan
20180523	nan	nan	nan
20180524	nan	nan	nan
20180525	nan	nan	nan
20180526	nan	nan	nan
20180527	nan	nan	nan
20180528	nan	nan	nan
20180529	nan	nan	nan
20180530	nan	nan	nan
20180531	nan	nan	nan
20180601	0.1105	0.2097	99.68
20180602	0.1263	0.1535	99.72
20180603	0.1956	1.615	98.19
20180604	0.2879	2.842	96.87
20180605	0.2767	4.893	94.83
20180606	0.2938	4.452	95.25
20180607	nan	nan	nan
20180608	nan	nan	nan
20180609	nan	nan	nan
20180610	nan	nan	nan
20180611	nan	nan	nan
20180612	nan	nan	nan
20180613	nan	nan	nan
20180614	nan	nan	nan
20180615	nan	nan	nan
20180616	nan	nan	nan
20180617	nan	nan	nan
20180618	nan	nan	nan
20180619	nan	nan	nan
20180620	nan	nan	nan
20180621	nan	nan	nan
20180622	nan	nan	nan
20180623	nan	nan	nan
20180624	nan	nan	nan
20180625	nan	nan	nan
20180626	nan	nan	nan
20180627	nan	nan	nan
20180628	nan	nan	nan
20180629	nan	nan	nan
20180630	nan	nan	nan
20180701	0.03646	0.189	99.77
20180702	0.02035	0.03706	99.94
20180703	0.0937	0.03704	99.87
20180704	0.09516	0.03705	99.87
20180705	0.1072	0.01521	99.88
20180706	0.1072	0.01521	99.88
20180707	0.1074	0.01524	99.88
20180708	0.03939	0.01459	99.95
20180709	0.1273	0.01507	99.86
20180710	0.1241	0.0	99.88
20180711	0.02973	0.0	99.97
20180712	0.005817	0.0	99.99
20180713	0.0007226	0.0	100.0
20180714	0.06069	0.0	99.94
20180715	0.2422	0.0	99.76
20180716	0.1453	0.0	99.85
20180717	0.04618	0.0	99.95
20180718	0.01371	0.0	99.99
20180719	0.007934	0.03246	99.96
20180720	0.01014	0.03259	99.96
20180721	0.07732	0.0	99.92
20180722	0.08667	0.0	99.91
20180723	0.07082	0.0	99.93
20180724	0.07099	0.0	99.93
20180725	0.06999	0.0	99.93
20180726	nan	nan	nan
20180727	0.08691	0.0	99.91
20180728	0.009449	0.0	99.99
20180729	0.04113	0.0	99.96
20180730	0.04114	0.0	99.96
20180731	0.01298	0.0	99.99
20180801	0.002882	0.0	100.0
20180802	0.114	0.0	99.89
20180803	0.1972	0.0	99.8
20180804	0.1889	0.0	99.81
20180805	0.1294	0.0	99.87
20180806	0.1543	0.0	99.85
20180807	0.2299	0.0	99.77
20180808	nan	nan	nan
20180809	nan	nan	nan
20180810	nan	nan	nan
20180811	nan	nan	nan
20180812	nan	nan	nan
20180813	nan	nan	nan
20180814	nan	nan	nan
20180815	nan	nan	nan
20180816	nan	nan	nan
20180817	nan	nan	nan
20180818	nan	nan	nan
20180819	nan	nan	nan
20180820	nan	nan	nan
20180821	nan	nan	nan
20180822	nan	nan	nan
20180823	nan	nan	nan
20180824	0.08698	2.417	97.5
20180825	nan	nan	nan
20180826	nan	nan	nan
20180827	nan	nan	nan
20180828	0.06034	0.002181	99.94
20180829	0.06063	0.002192	99.94
20180830	0.07827	0.2794	99.64
20180831	0.2343	0.2321	99.53
20180901	0.4845	0.01091	99.5
20180902	0.4875	0.01093	99.5
20180903	0.4548	4.2	95.35
20180904	0.3705	3.557	96.07
20180905	0.1167	0.01458	99.87
20180906	0.0514	0.0	99.95
20180907	0.1491	0.0	99.85
20180908	0.164	0.0	99.84
20180909	0.03897	0.0	99.96
20180910	0.008653	0.0	99.99
20180911	0.01442	0.2278	99.76
20180912	0.1623	0.1659	99.67
20180913	0.2205	0.1424	99.64
20180914	0.2142	0.72	99.07
20180915	0.1342	0.6957	99.17
20180916	0.1356	1.518	98.35
20180917	0.151	0.2295	99.62
20180918	nan	nan	nan
20180919	nan	nan	nan
20180920	nan	nan	nan
20180921	nan	nan	nan
20180922	0.02965	1.033	98.94
20180923	0.03038	1.027	98.94
20180924	nan	nan	nan
20180925	nan	nan	nan
20180926	nan	nan	nan
20180927	0.5266	18.1	81.37
20180928	0.4602	17.93	81.61
20180929	nan	nan	nan
20180930	nan	nan	nan
20181001	nan	nan	nan
20181002	nan	nan	nan
20181003	nan	nan	nan
20181004	nan	nan	nan
20181005	nan	nan	nan
20181006	nan	nan	nan
20181007	nan	nan	nan
20181008	nan	nan	nan
20181009	nan	nan	nan
20181010	nan	nan	nan
20181011	nan	nan	nan
20181012	nan	nan	nan
20181013	nan	nan	nan
20181014	nan	nan	nan
20181015	nan	nan	nan
20181016	nan	nan	nan
20181017	nan	nan	nan
20181018	0.2242	19.65	80.12
20181019	nan	nan	nan
20181020	nan	nan	nan
20181021	nan	nan	nan
20181022	nan	nan	nan
20181023	11.05	26.64	62.31
20181024	18.94	40.64	40.42
20181025	70.94	12.96	16.1
20181026	87.12	7.394	5.485
20181027	76.95	14.23	8.816
20181028	64.89	12.04	23.08
20181029	57.7	18.59	23.71
20181030	80.33	13.69	5.981
20181031	90.46	7.206	2.336
20181101	40.65	50.02	9.336
20181102	41.02	49.67	9.31
20181103	35.18	46.08	18.74
20181104	35.24	46.06	18.71
20181105	21.84	58.71	19.46
20181106	18.98	61.25	19.77
20181107	nan	nan	nan
20181108	nan	nan	nan
20181109	nan	nan	nan
20181110	nan	nan	nan
20181111	nan	nan	nan
20181112	nan	nan	nan
20181113	nan	nan	nan
20181114	nan	nan	nan
20181115	nan	nan	nan
20181116	nan	nan	nan
20181117	nan	nan	nan
20181118	nan	nan	nan
20181119	nan	nan	nan
20181120	nan	nan	nan
20181121	nan	nan	nan
20181122	nan	nan	nan
20181123	nan	nan	nan
20181124	nan	nan	nan
20181125	nan	nan	nan
20181126	nan	nan	nan
20181127	nan	nan	nan
20181128	nan	nan	nan
20181129	nan	nan	nan
20181130	nan	nan	nan
20181201	nan	nan	nan
20181202	nan	nan	nan
20181203	nan	nan	nan
20181204	nan	nan	nan
20181205	nan	nan	nan
20181206	nan	nan	nan
20181207	nan	nan	nan
20181208	nan	nan	nan
20181209	nan	nan	nan
20181210	nan	nan	nan
20181211	nan	nan	nan
20181212	nan	nan	nan
20181213	nan	nan	nan
20181214	nan	nan	nan
20181215	nan	nan	nan
20181216	nan	nan	nan
20181217	nan	nan	nan
20181218	nan	nan	nan
20181219	nan	nan	nan
20181220	nan	nan	nan
20181221	nan	nan	nan
20181222	nan	nan	nan
20181223	nan	nan	nan
20181224	nan	nan	nan
20181225	nan	nan	nan
20181226	nan	nan	nan
20181227	nan	nan	nan
20181228	nan	nan	nan
20181229	nan	nan	nan
20181230	nan	nan	nan
20181231	nan	nan	nan
20190101	nan	nan	nan
20190102	nan	nan	nan
20190103	nan	nan	nan
20190104	nan	nan	nan
20190105	nan	nan	nan
20190106	nan	nan	nan
20190107	nan	nan	nan
20190108	nan	nan	nan
20190109	nan	nan	nan
20190110	nan	nan	nan
20190111	nan	nan	nan
20190112	nan	nan	nan
20190113	nan	nan	nan
20190114	nan	nan	nan
20190115	nan	nan	nan
20190116	nan	nan	nan
20190117	nan	nan	nan
20190118	nan	nan	nan
20190119	nan	nan	nan
20190120	nan	nan	nan
20190121	nan	nan	nan
20190122	nan	nan	nan
20190123	nan	nan	nan
20190124	nan	nan	nan
20190125	nan	nan	nan
20190126	nan	nan	nan
20190127	nan	nan	nan
20190128	nan	nan	nan
20190129	nan	nan	nan
20190130	nan	nan	nan
20190131	nan	nan	nan
20190201	nan	nan	nan
20190202	nan	nan	nan
20190203	nan	nan	nan
20190204	nan	nan	nan
20190205	nan	nan	nan
20190206	nan	nan	nan
20190207	nan	nan	nan
20190208	nan	nan	nan
20190209	21.62	77.96	0.4272
20190210	39.06	60.66	0.2758
20190211	50.01	49.82	0.1665
20190212	41.72	57.36	0.9159
20190213	38.41	60.59	0.9958
20190214	35.38	63.38	1.244
20190215	30.09	68.67	1.245
20190216	28.82	69.87	1.31
20190217	20.03	79.09	0.8798
20190218	45.86	53.63	0.5169
20190219	46.12	53.36	0.5145
20190220	40.29	59.17	0.5395
20190221	22.28	77.1	0.6283
20190222	nan	nan	nan
20190223	nan	nan	nan
20190224	nan	nan	nan
20190225	nan	nan	nan
20190226	41.78	56.84	1.38
20190227	nan	nan	nan
20190228	nan	nan	nan
20190301	nan	nan	nan
20190302	70.22	29.37	0.4027
20190303	60.21	39.22	0.5692
20190304	61.72	37.67	0.6119
20190305	61.7	37.68	0.6121
20190306	61.5	37.88	0.6131
20190307	30.25	69.54	0.2056
20190308	26.21	73.61	0.1721
20190309	nan	nan	nan
20190310	nan	nan	nan
20190311	4.127	95.86	0.01128
20190312	4.374	95.21	0.4115
20190313	4.169	95.42	0.4126
20190314	3.422	95.73	0.8501
20190315	3.16	95.99	0.853
20190316	3.061	96.02	0.9233
20190317	2.048	97.61	0.3433
20190318	nan	nan	nan
20190319	nan	nan	nan
20190320	nan	nan	nan
20190321	nan	nan	nan
20190322	nan	nan	nan
20190323	nan	nan	nan
20190324	nan	nan	nan
20190325	nan	nan	nan
20190326	nan	nan	nan
20190327	nan	nan	nan
20190328	nan	nan	nan
20190329	nan	nan	nan
20190330	nan	nan	nan
20190331	nan	nan	nan
20190401	nan	nan	nan
20190402	nan	nan	nan
20190403	nan	nan	nan
20190404	nan	nan	nan
20190405	39.24	60.76	0.0
20190406	12.73	87.27	0.0
20190407	13.67	86.33	0.0
20190408	11.65	88.05	0.3044
20190409	2.486	97.48	0.03598
20190410	0.5878	99.41	0.0
20190411	1.131	98.87	0.0
20190412	1.141	98.86	0.0
20190413	1.315	98.68	0.0
20190414	5.284	94.7	0.01824
20190415	16.47	83.51	0.01824
20190416	16.92	83.06	0.01808
20190417	nan	nan	nan
20190418	nan	nan	nan
20190419	nan	nan	nan
20190420	nan	nan	nan
20190421	nan	nan	nan
20190422	31.92	68.04	0.03788
20190423	35.9	63.93	0.166
20190424	43.54	56.3	0.1658
20190425	15.56	83.88	0.5583
20190426	3.232	0.0	96.77
20190427	13.57	56.15	30.29
20190428	14.16	78.23	7.614
20190429	28.23	64.11	7.657
20190430	28.52	63.81	7.67
20190501	36.76	55.69	7.549
20190502	36.41	55.63	7.964
20190503	46.83	49.04	4.13
20190504	42.82	54.08	3.104
20190505	nan	nan	nan
20190506	nan	nan	nan
20190507	nan	nan	nan
20190508	nan	nan	nan
20190509	nan	nan	nan
20190510	nan	nan	nan
20190511	nan	nan	nan
20190512	nan	nan	nan
20190513	nan	nan	nan
20190514	nan	nan	nan
20190515	nan	nan	nan
20190516	nan	nan	nan
20190517	nan	nan	nan
20190518	nan	nan	nan
20190519	nan	nan	nan
20190520	nan	nan	nan
20190521	nan	nan	nan
20190522	nan	nan	nan
20190523	6.499	33.91	59.59
20190524	nan	nan	nan
20190525	nan	nan	nan
20190526	nan	nan	nan
20190527	nan	nan	nan
20190528	nan	nan	nan
20190529	nan	nan	nan
20190530	nan	nan	nan
20190531	nan	nan	nan
20190601	nan	nan	nan
20190602	nan	nan	nan
20190603	nan	nan	nan
20190604	nan	nan	nan
20190605	nan	nan	nan
20190606	nan	nan	nan
20190607	nan	nan	nan
20190608	nan	nan	nan
20190609	nan	nan	nan
20190610	nan	nan	nan
20190611	nan	nan	nan
20190612	nan	nan	nan
20190613	0.0	0.0	100.0
20190614	0.03596	0.0489	99.92
20190615	0.06041	0.06185	99.88
20190616	0.251	0.06617	99.68
20190617	0.1388	0.07839	99.78
20190618	0.1654	1.059	98.78
20190619	0.1654	1.059	98.78
20190620	0.1289	0.5186	99.35
20190621	0.1368	0.5048	99.36
20190622	0.1775	0.502	99.32
20190623	nan	nan	nan
20190624	nan	nan	nan
20190625	nan	nan	nan
20190626	nan	nan	nan
20190627	nan	nan	nan
20190628	nan	nan	nan
20190629	nan	nan	nan
20190630	nan	nan	nan
20190701	nan	nan	nan
20190702	nan	nan	nan
20190703	0.0	0.0	100.0
20190704	0.2146	0.0	99.79
20190705	0.3615	0.008166	99.63
20190706	0.362	0.008176	99.63
20190707	0.2	0.007407	99.79
20190708	0.1029	0.04888	99.85
20190709	0.1384	0.02914	99.83
20190710	0.3091	0.02965	99.66
20190711	0.2301	0.04894	99.72
20190712	0.1197	0.02249	99.86
20190713	0.02097	0.02242	99.96
20190714	0.1049	0.02242	99.87
20190715	0.1413	0.01232	99.85
20190716	0.506	0.01238	99.48
20190717	0.6191	0.0124	99.37
20190718	0.1922	0.06601	99.74
20190719	0.03406	0.04783	99.92
20190720	0.04083	0.05642	99.9
20190721	0.1811	0.04767	99.77
20190722	0.2488	0.02407	99.73
20190723	0.1694	0.04362	99.79
20190724	0.165	0.04362	99.79
20190725	0.1663	0.01774	99.82
20190726	0.02679	0.006517	99.97
20190727	0.002886	0.006493	99.99
20190728	0.001441	0.006487	99.99
20190729	0.0	0.006488	99.99
20190730	0.0	0.0	100.0
20190731	0.0	0.0	100.0
20190801	0.04245	0.03166	99.93
20190802	0.2339	0.0108	99.76
20190803	0.3887	0.02015	99.59
20190804	0.1569	0.0	99.84
20190805	0.3152	0.04534	99.64
20190806	0.06769	0.01224	99.92
20190807	0.2399	0.01224	99.75
20190808	0.1984	0.03175	99.77
20190809	0.4891	0.03324	99.48
20190810	0.4431	0.01955	99.54
20190811	0.4472	0.01963	99.53
20190812	0.117	0.01999	99.86
20190813	nan	nan	nan
20190814	0.2111	2.03	97.76
20190815	0.2481	2.037	97.71
20190816	0.24	2.044	97.72
20190817	0.08889	0.1425	99.77
20190818	0.07043	0.2832	99.65
20190819	0.1058	0.2916	99.6
20190820	nan	nan	nan
20190821	0.2051	1.963	97.83
20190822	0.3548	1.963	97.68
20190823	0.2479	1.35	98.4
20190824	nan	nan	nan
20190825	nan	nan	nan
20190826	nan	nan	nan
20190827	nan	nan	nan
20190828	nan	nan	nan
20190829	nan	nan	nan
20190830	nan	nan	nan
20190831	0.1744	0.5488	99.28
20190901	0.03142	0.06649	99.9
20190902	0.265	0.1212	99.61
20190903	0.2708	0.1931	99.54
20190904	0.1896	1.943	97.87
20190905	0.1962	1.943	97.86
20190906	0.2051	1.96	97.83
20190907	0.3693	1.194	98.44
20190908	nan	nan	nan
20190909	0.1239	0.2043	99.67
20190910	0.2438	0.1922	99.56
20190911	0.08869	0.0	99.91
20190912	0.1988	0.07391	99.73
20190913	0.1802	2.397	97.42
20190914	0.3175	6.027	93.66
20190915	0.487	6.046	93.47
20190916	nan	nan	nan
20190917	nan	nan	nan
20190918	nan	nan	nan
20190919	nan	nan	nan
20190920	nan	nan	nan
20190921	nan	nan	nan
20190922	nan	nan	nan
20190923	nan	nan	nan
20190924	nan	nan	nan
20190925	nan	nan	nan
20190926	nan	nan	nan
20190927	0.6325	5.934	93.43
20190928	2.416	3.359	94.23
20190929	2.412	3.318	94.27
20190930	2.455	3.455	94.09
20191001	2.233	3.995	93.77
20191002	1.629	11.71	86.66
20191003	1.63	11.35	87.02
20191004	0.9869	16.65	82.37
20191005	nan	nan	nan
20191006	nan	nan	nan
20191007	nan	nan	nan
20191008	nan	nan	nan
20191009	nan	nan	nan
20191010	21.82	24.68	53.5
20191011	nan	nan	nan
20191012	28.94	19.16	51.9
20191013	24.71	21.79	53.5
20191014	88.15	6.09	5.758
20191015	81.16	13.76	5.075
20191016	91.06	4.657	4.278
20191017	46.59	7.462	45.95
20191018	53.73	8.876	37.4
20191019	53.79	24.68	21.53
20191020	93.99	3.728	2.283
20191021	95.78	2.733	1.488
20191022	86.71	11.75	1.537
20191023	77.87	19.59	2.541
20191024	76.92	20.72	2.351
20191025	45.97	52.75	1.271
20191026	9.203	73.78	17.02
20191027	30.54	64.69	4.763
20191028	78.68	20.42	0.9033
20191029	74.49	24.02	1.495
20191030	90.38	9.559	0.05682
20191031	75.54	23.99	0.4689
20191101	80.79	18.9	0.3121
20191102	86.55	13.26	0.182
20191103	26.37	73.6	0.02589
20191104	32.17	67.42	0.4035
20191105	53.27	46.02	0.7107
20191106	73.69	25.96	0.3526
20191107	81.13	18.65	0.2213
20191108	81.23	18.55	0.2213
20191109	92.02	7.914	0.06725
20191110	93.2	6.735	0.06806
20191111	97.18	2.808	0.01315
20191112	99.16	0.8389	0.0
20191113	99.28	0.7246	0.0
20191114	100.0	0.0	0.0
20191115	100.0	0.0	0.0
20191116	100.0	0.0	0.0
20191117	100.0	0.0	0.0
20191118	nan	nan	nan
20191119	nan	nan	nan
20191120	nan	nan	nan
20191121	nan	nan	nan
20191122	nan	nan	nan
20191123	nan	nan	nan
20191124	nan	nan	nan
20191125	nan	nan	nan
20191126	nan	nan	nan
20191127	nan	nan	nan
20191128	nan	nan	nan
20191129	nan	nan	nan
20191130	nan	nan	nan
20191201	nan	nan	nan
20191202	nan	nan	nan
20191203	nan	nan	nan
20191204	nan	nan	nan
20191205	nan	nan	nan
20191206	nan	nan	nan
20191207	nan	nan	nan
20191208	nan	nan	nan
20191209	nan	nan	nan
20191210	nan	nan	nan
20191211	nan	nan	nan
20191212	nan	nan	nan
20191213	nan	nan	nan
20191214	nan	nan	nan
20191215	nan	nan	nan
20191216	nan	nan	nan
20191217	nan	nan	nan
20191218	nan	nan	nan
20191219	nan	nan	nan
20191220	nan	nan	nan
20191221	nan	nan	nan
20191222	nan	nan	nan
20191223	nan	nan	nan
20191224	nan	nan	nan
20191225	nan	nan	nan
20191226	nan	nan	nan
20191227	nan	nan	nan
20191228	nan	nan	nan
20191229	nan	nan	nan
20191230	nan	nan	nan
20191231	nan	nan	nan
20200101	nan	nan	nan
20200102	nan	nan	nan
20200103	nan	nan	nan
20200104	nan	nan	nan
20200105	nan	nan	nan
20200106	nan	nan	nan
20200107	nan	nan	nan
20200108	nan	nan	nan
20200109	nan	nan	nan
20200110	nan	nan	nan
20200111	nan	nan	nan
20200112	nan	nan	nan
20200113	nan	nan	nan
20200114	nan	nan	nan
20200115	nan	nan	nan
20200116	nan	nan	nan
20200117	nan	nan	nan
20200118	nan	nan	nan
20200119	nan	nan	nan
20200120	nan	nan	nan
20200121	nan	nan	nan
20200122	nan	nan	nan
20200123	nan	nan	nan
20200124	nan	nan	nan
20200125	nan	nan	nan
20200126	nan	nan	nan
20200127	nan	nan	nan
20200128	nan	nan	nan
20200129	nan	nan	nan
20200130	nan	nan	nan
20200131	nan	nan	nan
20200201	nan	nan	nan
20200202	nan	nan	nan
20200203	nan	nan	nan
20200204	nan	nan	nan
20200205	nan	nan	nan
20200206	nan	nan	nan
20200207	nan	nan	nan
20200208	nan	nan	nan
20200209	nan	nan	nan
20200210	nan	nan	nan
20200211	nan	nan	nan
20200212	nan	nan	nan
20200213	nan	nan	nan
20200214	nan	nan	nan
20200215	nan	nan	nan
20200216	nan	nan	nan
20200217	nan	nan	nan
20200218	nan	nan	nan
20200219	0.0	98.74	1.259
20200220	0.0	98.72	1.276
20200221	0.0	98.48	1.522
20200222	0.0	98.51	1.491
20200223	0.0	97.43	2.567
20200224	0.01913	97.7	2.279
20200225	0.02642	97.76	2.212
20200226	nan	nan	nan
20200227	nan	nan	nan
20200228	nan	nan	nan
20200229	nan	nan	nan
20200301	nan	nan	nan
20200302	nan	nan	nan
20200303	nan	nan	nan
20200304	0.04356	98.97	0.9823
20200305	0.244	98.74	1.019
20200306	0.1991	98.32	1.482
20200307	0.1556	98.36	1.481
20200308	0.1522	99.47	0.3812
20200309	0.3304	99.31	0.364
20200310	nan	nan	nan
20200311	nan	nan	nan
20200312	nan	nan	nan
20200313	nan	nan	nan
20200314	nan	nan	nan
20200315	nan	nan	nan
20200316	nan	nan	nan
20200317	nan	nan	nan
20200318	nan	nan	nan
20200319	nan	nan	nan
20200320	nan	nan	nan
20200321	nan	nan	nan
20200322	nan	nan	nan
20200323	nan	nan	nan
20200324	nan	nan	nan
20200325	nan	nan	nan
20200326	nan	nan	nan
20200327	nan	nan	nan
20200328	nan	nan	nan
20200329	nan	nan	nan
20200330	nan	nan	nan
20200331	nan	nan	nan
20200401	nan	nan	nan
20200402	nan	nan	nan
20200403	8.558	91.42	0.01834
20200404	6.051	93.9	0.04633
20200405	5.723	94.2	0.07583
20200406	6.789	93.14	0.0762
20200407	6.836	93.09	0.07628
20200408	nan	nan	nan
20200409	29.79	69.94	0.2752
20200410	nan	nan	nan
20200411	nan	nan	nan
20200412	nan	nan	nan
20200413	nan	nan	nan
20200414	nan	nan	nan
20200415	nan	nan	nan
20200416	nan	nan	nan
20200417	nan	nan	nan
20200418	nan	nan	nan
20200419	nan	nan	nan
20200420	nan	nan	nan
20200421	nan	nan	nan
20200422	nan	nan	nan
20200423	nan	nan	nan
20200424	40.41	59.38	0.2082
20200425	52.28	47.53	0.1841
20200426	52.45	47.36	0.1841
20200427	nan	nan	nan
20200428	nan	nan	nan
20200429	41.35	58.65	0.0
20200430	35.29	64.71	0.0
20200501	35.66	64.34	0.0
20200502	34.44	65.56	0.0
20200503	37.91	62.09	0.0
20200504	45.22	54.78	0.0
20200505	53.07	46.93	0.0
20200506	nan	nan	nan
20200507	nan	nan	nan
20200508	nan	nan	nan
20200509	nan	nan	nan
20200510	26.38	73.62	0.0
20200511	49.29	50.71	0.0
20200512	53.29	46.71	0.0
20200513	43.51	56.46	0.03384
20200514	38.03	61.93	0.03387
20200515	39.67	60.3	0.03387
20200516	42.07	57.9	0.03383
20200517	42.44	57.53	0.03503
20200518	32.46	67.44	0.0961
20200519	32.6	67.26	0.1404
20200520	32.76	67.07	0.1755
20200521	nan	nan	nan
20200522	17.3	81.9	0.7976
20200523	23.29	75.35	1.354
20200524	22.66	75.44	1.898
20200525	19.77	77.68	2.554
20200526	20.29	77.15	2.554
20200527	16.46	80.01	3.525
20200528	18.37	78.12	3.507
20200529	19.49	77.06	3.448
20200530	nan	nan	nan
20200531	nan	nan	nan
20200601	nan	nan	nan
20200602	nan	nan	nan
20200603	nan	nan	nan
20200604	nan	nan	nan
20200605	nan	nan	nan
20200606	nan	nan	nan
20200607	nan	nan	nan
20200608	nan	nan	nan
20200609	nan	nan	nan
20200610	nan	nan	nan
20200611	nan	nan	nan
20200612	nan	nan	nan
20200613	nan	nan	nan
20200614	nan	nan	nan
20200615	nan	nan	nan
20200616	2.162	21.6	76.24
20200617	2.01	14.46	83.53
20200618	1.485	14.84	83.67
20200619	1.459	12.63	85.91
20200620	1.135	9.873	88.99
20200621	1.115	7.022	91.86
20200622	1.156	5.185	93.66
20200623	1.039	3.787	95.17
20200624	1.044	3.674	95.28
20200625	0.7609	2.596	96.64
20200626	0.9023	2.065	97.03
20200627	0.3762	1.645	97.98
20200628	0.3562	1.278	98.37
20200629	0.5339	1.006	98.46
20200630	0.5323	1.102	98.37
20200701	0.4824	2.277	97.24
20200702	0.4969	5.048	94.46
20200703	0.3759	2.567	97.06
20200704	0.5314	2.77	96.7
20200705	nan	nan	nan
20200706	nan	nan	nan
20200707	nan	nan	nan
20200708	nan	nan	nan
20200709	nan	nan	nan
20200710	nan	nan	nan
20200711	nan	nan	nan
20200712	nan	nan	nan
20200713	nan	nan	nan
20200714	nan	nan	nan
20200715	nan	nan	nan
20200716	nan	nan	nan
20200717	nan	nan	nan
20200718	0.01653	0.008266	99.98
20200719	0.01653	0.008266	99.98
20200720	nan	nan	nan
20200721	nan	nan	nan
20200722	nan	nan	nan
20200723	nan	nan	nan
20200724	nan	nan	nan
20200725	nan	nan	nan
20200726	nan	nan	nan
20200727	nan	nan	nan
20200728	nan	nan	nan
20200729	0.03602	0.1321	99.83
20200730	0.01319	0.1282	99.86
20200731	0.00218	0.0	100.0
20200801	0.1815	0.05711	99.76
20200802	0.1272	0.0	99.87
20200803	0.2193	0.0	99.78
20200804	0.269	0.009376	99.72
20200805	0.2344	0.009376	99.76
20200806	0.05556	0.007216	99.94
20200807	0.1364	0.007218	99.86
20200808	0.19	0.0007223	99.81
20200809	0.2088	0.04046	99.75
20200810	0.2106	0.04067	99.75
20200811	0.1861	0.0	99.81
20200812	0.1405	0.0	99.86
20200813	0.2399	0.0	99.76
20200814	0.2501	0.01312	99.74
20200815	0.2637	0.01322	99.72
20200816	0.2739	0.01322	99.71
20200817	0.2636	0.1476	99.59
20200818	nan	nan	nan
20200819	nan	nan	nan
20200820	nan	nan	nan
20200821	0.2783	0.02078	99.7
20200822	nan	nan	nan
20200823	nan	nan	nan
20200824	nan	nan	nan
20200825	nan	nan	nan
20200826	nan	nan	nan
20200827	nan	nan	nan
20200828	nan	nan	nan
20200829	nan	nan	nan
20200830	nan	nan	nan
20200831	nan	nan	nan
20200901	nan	nan	nan
20200902	nan	nan	nan
20200903	0.1512	0.09099	99.76
20200904	0.1793	0.06026	99.76
20200905	0.1277	0.01919	99.85
20200906	0.2995	0.02002	99.68
20200907	0.254	0.01994	99.73
20200908	0.2678	0.01981	99.71
20200909	0.3549	0.2794	99.37
20200910	nan	nan	nan
20200911	nan	nan	nan
20200912	nan	nan	nan
20200913	nan	nan	nan
20200914	nan	nan	nan
20200915	nan	nan	nan
20200916	nan	nan	nan
20200917	nan	nan	nan
20200918	nan	nan	nan
20200919	nan	nan	nan
20200920	nan	nan	nan
20200921	nan	nan	nan
20200922	nan	nan	nan
20200923	nan	nan	nan
20200924	nan	nan	nan
20200925	nan	nan	nan
20200926	nan	nan	nan
20200927	2.272	9.944	87.78
20200928	0.9967	5.199	93.8
20200929	0.203	2.37	97.43
20200930	0.3303	2.568	97.1
20201001	0.2517	1.915	97.83
20201002	0.2832	1.244	98.47
20201003	0.346	1.191	98.46
20201004	0.3051	8.744	90.95
20201005	0.1116	1.353	98.54
20201006	0.17	1.544	98.29
20201007	0.2297	2.283	97.49
20201008	0.2673	12.19	87.54
20201009	0.279	11.32	88.4
20201010	0.2786	16.8	82.92
20201011	0.2734	16.81	82.91
20201012	nan	nan	nan
20201013	nan	nan	nan
20201014	nan	nan	nan
20201015	nan	nan	nan
20201016	nan	nan	nan
20201017	nan	nan	nan
20201018	31.33	52.55	16.12
20201019	43.25	47.61	9.137
20201020	55.75	42.36	1.895
20201021	36.77	57.02	6.213
20201022	56.98	39.58	3.432
20201023	57.09	39.68	3.231
20201024	57.18	39.61	3.212
20201025	25.1	70.59	4.312
20201026	25.38	70.31	4.307
20201027	nan	nan	nan
20201028	nan	nan	nan
20201029	nan	nan	nan
20201030	nan	nan	nan
20201031	nan	nan	nan
20201101	nan	nan	nan
20201102	nan	nan	nan
20201103	nan	nan	nan
20201104	nan	nan	nan
20201105	nan	nan	nan
20201106	nan	nan	nan
20201107	nan	nan	nan
20201108	nan	nan	nan
20201109	nan	nan	nan
20201110	nan	nan	nan
20201111	nan	nan	nan
20201112	nan	nan	nan
20201113	nan	nan	nan
20201114	nan	nan	nan
20201115	nan	nan	nan
20201116	nan	nan	nan
20201117	nan	nan	nan
20201118	nan	nan	nan
20201119	nan	nan	nan
20201120	nan	nan	nan
20201121	nan	nan	nan
20201122	nan	nan	nan
20201123	nan	nan	nan
20201124	nan	nan	nan
20201125	nan	nan	nan
20201126	nan	nan	nan
20201127	nan	nan	nan
20201128	nan	nan	nan
20201129	nan	nan	nan
20201130	nan	nan	nan
20201201	nan	nan	nan
20201202	nan	nan	nan
20201203	nan	nan	nan
20201204	nan	nan	nan
20201205	nan	nan	nan
20201206	nan	nan	nan
20201207	nan	nan	nan
20201208	nan	nan	nan
20201209	nan	nan	nan
20201210	nan	nan	nan
20201211	nan	nan	nan
20201212	nan	nan	nan
20201213	nan	nan	nan
20201214	nan	nan	nan
20201215	nan	nan	nan
20201216	nan	nan	nan
20201217	nan	nan	nan
20201218	nan	nan	nan
20201219	nan	nan	nan
20201220	nan	nan	nan
20201221	nan	nan	nan
20201222	nan	nan	nan
20201223	nan	nan	nan
20201224	nan	nan	nan
20201225	nan	nan	nan
20201226	nan	nan	nan
20201227	nan	nan	nan
20201228	nan	nan	nan
20201229	nan	nan	nan
20201230	nan	nan	nan
20201231	nan	nan	nan
20210101	nan	nan	nan
20210102	nan	nan	nan
20210103	nan	nan	nan
20210104	nan	nan	nan
20210105	nan	nan	nan
20210106	nan	nan	nan
20210107	nan	nan	nan
20210108	nan	nan	nan
20210109	nan	nan	nan
20210110	nan	nan	nan
20210111	nan	nan	nan
20210112	nan	nan	nan
20210113	nan	nan	nan
20210114	nan	nan	nan
20210115	nan	nan	nan
20210116	nan	nan	nan
20210117	nan	nan	nan
20210118	nan	nan	nan
20210119	nan	nan	nan
20210120	nan	nan	nan
20210121	nan	nan	nan
20210122	nan	nan	nan
20210123	nan	nan	nan
20210124	nan	nan	nan
20210125	nan	nan	nan
20210126	nan	nan	nan
20210127	nan	nan	nan
20210128	nan	nan	nan
20210129	nan	nan	nan
20210130	nan	nan	nan
20210131	nan	nan	nan
20210201	nan	nan	nan
20210202	nan	nan	nan
20210203	nan	nan	nan
20210204	nan	nan	nan
20210205	nan	nan	nan
20210206	nan	nan	nan
20210207	88.28	11.29	0.4251
20210208	88.89	10.74	0.3725
20210209	94.03	5.903	0.06484
20210210	94.05	5.889	0.05969
20210211	94.46	5.485	0.05247
20210212	92.95	6.945	0.1025
20210213	89.3	6.832	3.864
20210214	nan	nan	nan
20210215	40.06	57.67	2.263
20210216	80.68	19.16	0.1553
20210217	76.85	23.12	0.03321
20210218	56.47	43.49	0.04606
20210219	84.26	15.73	0.01296
20210220	80.97	18.57	0.4578
20210221	86.39	13.32	0.2886
20210222	86.47	13.25	0.2829
20210223	79.72	19.78	0.493
20210224	79.4	19.67	0.931
20210225	82.44	16.62	0.9387
20210226	80.32	16.33	3.343
20210227	nan	nan	nan
20210228	nan	nan	nan
20210301	nan	nan	nan
20210302	nan	nan	nan
20210303	nan	nan	nan
20210304	nan	nan	nan
20210305	nan	nan	nan
20210306	nan	nan	nan
20210307	nan	nan	nan
20210308	nan	nan	nan
20210309	nan	nan	nan
20210310	nan	nan	nan
20210311	nan	nan	nan
20210312	23.39	75.86	0.7401
20210313	21.77	77.51	0.7157
20210314	22.12	77.14	0.7487
20210315	22.25	76.76	0.9845
20210316	22.02	76.96	1.025
20210317	nan	nan	nan
20210318	nan	nan	nan
20210319	nan	nan	nan
20210320	nan	nan	nan
20210321	nan	nan	nan
20210322	nan	nan	nan
20210323	nan	nan	nan
20210324	13.55	86.2	0.2522
20210325	nan	nan	nan
20210326	nan	nan	nan
20210327	nan	nan	nan
20210328	nan	nan	nan
20210329	nan	nan	nan
20210330	nan	nan	nan
20210331	nan	nan	nan
20210401	nan	nan	nan
20210402	nan	nan	nan
20210403	nan	nan	nan
20210404	nan	nan	nan
20210405	nan	nan	nan
20210406	nan	nan	nan
20210407	nan	nan	nan
20210408	nan	nan	nan
20210409	nan	nan	nan
20210410	8.901	90.79	0.3086
20210411	9.159	90.53	0.3085
20210412	12.5	87.15	0.344
20210413	12.48	87.12	0.4002
20210414	15.06	84.56	0.3804
20210415	15.05	84.49	0.455
20210416	14.91	84.63	0.4558
20210417	nan	nan	nan
20210418	10.78	89.2	0.02457
20210419	8.977	90.75	0.2746
20210420	8.965	90.23	0.8093
20210421	8.965	90.23	0.8093
20210422	8.95	89.34	1.71
20210423	8.939	89.12	1.941
20210424	32.2	65.87	1.934
20210425	32.23	65.82	1.955
20210426	32.48	65.64	1.882
20210427	nan	nan	nan
20210428	nan	nan	nan
20210429	nan	nan	nan
20210430	nan	nan	nan
20210501	nan	nan	nan
20210502	nan	nan	nan
20210503	nan	nan	nan
20210504	nan	nan	nan
20210505	5.298	92.55	2.148
20210506	5.348	90.98	3.671
20210507	5.348	90.98	3.671
20210508	11.48	85.02	3.501
20210509	11.48	85.02	3.501
20210510	11.4	82.93	5.663
20210511	22.89	71.76	5.352
20210512	nan	nan	nan
20210513	nan	nan	nan
20210514	nan	nan	nan
20210515	nan	nan	nan
20210516	nan	nan	nan
20210517	nan	nan	nan
20210518	nan	nan	nan
20210519	nan	nan	nan
20210520	nan	nan	nan
20210521	nan	nan	nan
20210522	nan	nan	nan
20210523	nan	nan	nan
20210524	nan	nan	nan
20210525	nan	nan	nan
20210526	nan	nan	nan
20210527	nan	nan	nan
20210528	nan	nan	nan
20210529	nan	nan	nan
20210530	nan	nan	nan
20210531	nan	nan	nan
20210601	nan	nan	nan
20210602	3.471	15.23	81.3
20210603	1.778	17.57	80.65
20210604	1.434	13.82	84.74
20210605	1.386	13.02	85.6
20210606	0.8131	11.92	87.26
20210607	0.8131	11.91	87.28
20210608	0.7114	8.769	90.52
20210609	0.6186	6.834	92.55
20210610	0.624	6.468	92.91
20210611	nan	nan	nan
20210612	nan	nan	nan
20210613	nan	nan	nan
20210614	nan	nan	nan
20210615	nan	nan	nan
20210616	nan	nan	nan
20210617	nan	nan	nan
20210618	nan	nan	nan
20210619	nan	nan	nan
20210620	nan	nan	nan
20210621	nan	nan	nan
20210622	nan	nan	nan
20210623	nan	nan	nan
20210624	0.03328	0.0	99.97
20210625	0.02262	0.0	99.98
20210626	nan	nan	nan
20210627	nan	nan	nan
20210628	nan	nan	nan
20210629	nan	nan	nan
20210630	nan	nan	nan
20210701	nan	nan	nan
20210702	nan	nan	nan
20210703	0.01393	0.0022	99.98
20210704	0.01969	0.002188	99.98
20210705	0.06739	0.002174	99.93
20210706	0.1042	0.002172	99.89
20210707	0.1006	0.002171	99.9
20210708	0.1007	0.3824	99.52
20210709	0.1233	0.383	99.49
20210710	0.08195	0.0	99.92
20210711	0.1469	0.0	99.85
20210712	0.1234	0.0	99.88
20210713	0.172	0.0	99.83
20210714	0.01757	0.0	99.98
20210715	0.08637	0.1918	99.72
20210716	0.101	0.1918	99.71
20210717	nan	nan	nan
20210718	nan	nan	nan
20210719	0.1455	0.4253	99.43
20210720	0.1343	0.4252	99.44
20210721	nan	nan	nan
20210722	nan	nan	nan
20210723	nan	nan	nan
20210724	nan	nan	nan
20210725	nan	nan	nan
20210726	nan	nan	nan
20210727	nan	nan	nan
20210728	0.02195	0.0	99.98
20210729	0.08245	0.0	99.92
20210730	0.2034	0.0	99.8
20210731	0.2148	0.0	99.79
20210801	nan	nan	nan
20210802	nan	nan	nan
20210803	nan	nan	nan
20210804	nan	nan	nan
20210805	nan	nan	nan
20210806	nan	nan	nan
20210807	0.01773	0.04285	99.94
20210808	0.005788	0.04196	99.95
20210809	0.004342	0.0	100.0
20210810	0.01231	0.0	99.99
20210811	0.06527	0.7716	99.16
20210812	0.06533	0.7723	99.16
20210813	0.06066	0.7777	99.16
20210814	0.09136	0.1665	99.74
20210815	nan	nan	nan
20210816	nan	nan	nan
20210817	nan	nan	nan
20210818	nan	nan	nan
20210819	nan	nan	nan
20210820	nan	nan	nan
20210821	nan	nan	nan
20210822	nan	nan	nan
20210823	nan	nan	nan
20210824	nan	nan	nan
20210825	nan	nan	nan
20210826	0.00516	0.0	99.99
20210827	0.005094	0.0	99.99
20210828	0.08736	0.0	99.91
20210829	0.0961	0.0	99.9
20210830	0.09626	0.0	99.9
20210831	0.09392	0.1311	99.78
20210901	0.1353	1.331	98.53
20210902	0.06862	14.89	85.04
20210903	nan	nan	nan
20210904	nan	nan	nan
20210905	nan	nan	nan
20210906	nan	nan	nan
20210907	nan	nan	nan
20210908	nan	nan	nan
20210909	nan	nan	nan
20210910	nan	nan	nan
20210911	nan	nan	nan
20210912	nan	nan	nan
20210913	nan	nan	nan
20210914	nan	nan	nan
20210915	nan	nan	nan
20210916	3.005	5.283	91.71
20210917	1.813	5.879	92.31
20210918	nan	nan	nan
20210919	nan	nan	nan
20210920	0.1611	1.235	98.6
20210921	nan	nan	nan
20210922	nan	nan	nan
20210923	nan	nan	nan
20210924	nan	nan	nan
20210925	nan	nan	nan
20210926	nan	nan	nan
20210927	nan	nan	nan
20210928	nan	nan	nan
20210929	nan	nan	nan
20210930	nan	nan	nan
20211001	nan	nan	nan
20211002	nan	nan	nan
20211003	nan	nan	nan
20211004	nan	nan	nan
20211005	nan	nan	nan
20211006	nan	nan	nan
20211007	nan	nan	nan
20211008	nan	nan	nan
20211009	nan	nan	nan
20211010	nan	nan	nan
20211011	nan	nan	nan
20211012	nan	nan	nan
20211013	nan	nan	nan
20211014	nan	nan	nan
20211015	nan	nan	nan
20211016	nan	nan	nan
20211017	nan	nan	nan
20211018	nan	nan	nan
20211019	46.73	49.39	3.883
20211020	46.81	49.74	3.451
20211021	44.81	49.67	5.521
20211022	45.48	49.38	5.143
20211023	53.48	42.95	3.571
20211024	53.62	42.84	3.534
20211025	55.95	40.95	3.1
20211026	41.13	56.81	2.058
20211027	40.98	56.92	2.105
20211028	23.48	72.98	3.541
20211029	6.697	86.35	6.953
20211030	nan	nan	nan
20211031	1.805	88.77	9.428
20211101	1.85	88.69	9.457
20211102	0.6944	85.28	14.02
20211103	0.5548	85.39	14.05
20211104	nan	nan	nan
20211105	nan	nan	nan
20211106	nan	nan	nan
20211107	nan	nan	nan
20211108	nan	nan	nan
20211109	nan	nan	nan
20211110	nan	nan	nan
20211111	nan	nan	nan
20211112	nan	nan	nan
20211113	nan	nan	nan
20211114	nan	nan	nan
20211115	nan	nan	nan
20211116	nan	nan	nan
20211117	nan	nan	nan
20211118	nan	nan	nan
20211119	nan	nan	nan
20211120	nan	nan	nan
20211121	nan	nan	nan
20211122	nan	nan	nan
20211123	nan	nan	nan
20211124	nan	nan	nan
20211125	nan	nan	nan
20211126	nan	nan	nan
20211127	nan	nan	nan
20211128	nan	nan	nan
20211129	nan	nan	nan
20211130	nan	nan	nan
20211201	nan	nan	nan
20211202	nan	nan	nan
20211203	nan	nan	nan
20211204	nan	nan	nan
20211205	nan	nan	nan
20211206	nan	nan	nan
20211207	nan	nan	nan
20211208	nan	nan	nan
20211209	nan	nan	nan
20211210	nan	nan	nan
20211211	nan	nan	nan
20211212	nan	nan	nan
20211213	nan	nan	nan
20211214	nan	nan	nan
20211215	nan	nan	nan
20211216	nan	nan	nan
20211217	nan	nan	nan
20211218	nan	nan	nan
20211219	nan	nan	nan
20211220	nan	nan	nan
20211221	nan	nan	nan
20211222	nan	nan	nan
20211223	nan	nan	nan
20211224	nan	nan	nan
20211225	nan	nan	nan
20211226	nan	nan	nan
20211227	nan	nan	nan
20211228	nan	nan	nan
20211229	nan	nan	nan
20211230	nan	nan	nan
20211231	nan	nan	nan
20220101	nan	nan	nan
20220102	nan	nan	nan
20220103	nan	nan	nan
20220104	nan	nan	nan
20220105	nan	nan	nan
20220106	nan	nan	nan
20220107	nan	nan	nan
20220108	nan	nan	nan
20220109	nan	nan	nan
20220110	nan	nan	nan
20220111	nan	nan	nan
20220112	nan	nan	nan
20220113	nan	nan	nan
20220114	nan	nan	nan
20220115	nan	nan	nan
20220116	nan	nan	nan
20220117	nan	nan	nan
20220118	nan	nan	nan
20220119	nan	nan	nan
20220120	nan	nan	nan
20220121	nan	nan	nan
20220122	nan	nan	nan
20220123	nan	nan	nan
20220124	nan	nan	nan
20220125	nan	nan	nan
20220126	nan	nan	nan
20220127	nan	nan	nan
20220128	nan	nan	nan
20220129	nan	nan	nan
20220130	nan	nan	nan
20220131	nan	nan	nan
20220201	nan	nan	nan
20220202	nan	nan	nan
20220203	nan	nan	nan
20220204	nan	nan	nan
20220205	nan	nan	nan
20220206	nan	nan	nan
20220207	nan	nan	nan
20220208	nan	nan	nan
20220209	nan	nan	nan
20220210	nan	nan	nan
20220211	nan	nan	nan
20220212	nan	nan	nan
20220213	nan	nan	nan
20220214	nan	nan	nan
20220215	nan	nan	nan
20220216	nan	nan	nan
20220217	nan	nan	nan
20220218	nan	nan	nan
20220219	nan	nan	nan
20220220	nan	nan	nan
20220221	nan	nan	nan
20220222	0.2722	99.16	0.5691
20220223	0.2447	99.07	0.6896
20220224	0.02799	99.34	0.6313
20220225	0.03536	99.3	0.6659
20220226	0.03536	99.3	0.6659
20220227	0.725	97.87	1.409
20220228	0.7257	97.73	1.539
20220301	nan	nan	nan
20220302	nan	nan	nan
20220303	nan	nan	nan
20220304	nan	nan	nan
20220305	nan	nan	nan
20220306	nan	nan	nan
20220307	nan	nan	nan
20220308	nan	nan	nan
20220309	nan	nan	nan
20220310	nan	nan	nan
20220311	nan	nan	nan
20220312	nan	nan	nan
20220313	nan	nan	nan
20220314	1.084	98.87	0.04877
20220315	1.088	98.83	0.08442
20220316	0.7034	99.26	0.03596
20220317	0.7034	99.26	0.03596
20220318	4.82	95.09	0.0899
20220319	4.82	95.05	0.1273
20220320	5.771	94.19	0.03596
20220321	11.91	88.05	0.03596
20220322	11.88	87.47	0.6552
20220323	nan	nan	nan
20220324	nan	nan	nan
20220325	nan	nan	nan
20220326	nan	nan	nan
20220327	nan	nan	nan
20220328	34.71	65.15	0.1426
20220329	34.69	65.12	0.1837
20220330	34.47	65.34	0.1838
20220331	34.22	64.77	1.014
20220401	34.15	64.83	1.014
20220402	34.24	64.46	1.3
20220403	34.24	64.4	1.357
20220404	nan	nan	nan
20220405	nan	nan	nan
20220406	nan	nan	nan
20220407	nan	nan	nan
20220408	nan	nan	nan
20220409	nan	nan	nan
20220410	nan	nan	nan
20220411	nan	nan	nan
20220412	nan	nan	nan
20220413	nan	nan	nan
20220414	nan	nan	nan
20220415	nan	nan	nan
20220416	nan	nan	nan
20220417	nan	nan	nan
20220418	nan	nan	nan
20220419	nan	nan	nan
20220420	nan	nan	nan
20220421	nan	nan	nan
20220422	nan	nan	nan
20220423	nan	nan	nan
20220424	nan	nan	nan
20220425	nan	nan	nan
20220426	nan	nan	nan
20220427	nan	nan	nan
20220428	nan	nan	nan
20220429	nan	nan	nan
20220430	nan	nan	nan
20220501	nan	nan	nan
20220502	nan	nan	nan
20220503	nan	nan	nan
20220504	nan	nan	nan
20220505	nan	nan	nan
20220506	nan	nan	nan
20220507	nan	nan	nan
20220508	nan	nan	nan
20220509	nan	nan	nan
20220510	nan	nan	nan
20220511	nan	nan	nan
20220512	nan	nan	nan
20220513	nan	nan	nan
20220514	nan	nan	nan
20220515	nan	nan	nan
20220516	nan	nan	nan
20220517	nan	nan	nan
20220518	nan	nan	nan
20220519	nan	nan	nan
20220520	nan	nan	nan
20220521	nan	nan	nan
20220522	nan	nan	nan
20220523	8.637	60.91	30.45
20220524	8.966	60.62	30.42
20220525	2.72	58.52	38.76
20220526	2.745	58.42	38.84
20220527	nan	nan	nan
20220528	nan	nan	nan
20220529	nan	nan	nan
20220530	nan	nan	nan
20220531	1.67	35.3	63.03
20220601	nan	nan	nan
20220602	nan	nan	nan
20220603	nan	nan	nan
20220604	nan	nan	nan
20220605	nan	nan	nan
20220606	nan	nan	nan
20220607	nan	nan	nan
20220608	nan	nan	nan
20220609	nan	nan	nan
20220610	nan	nan	nan
20220611	nan	nan	nan
20220612	nan	nan	nan
20220613	nan	nan	nan
20220614	nan	nan	nan
20220615	nan	nan	nan
20220616	nan	nan	nan
20220617	nan	nan	nan
20220618	nan	nan	nan
20220619	nan	nan	nan
20220620	nan	nan	nan
20220621	nan	nan	nan
20220622	nan	nan	nan
20220623	nan	nan	nan
20220624	nan	nan	nan
20220625	nan	nan	nan
20220626	0.03808	0.3196	99.64
20220627	0.03157	0.2122	99.76
20220628	0.01524	0.05372	99.93
20220629	0.03558	0.02542	99.94
20220630	0.02754	0.04059	99.93
20220701	0.01377	0.02826	99.96
20220702	0.1492	0.0	99.85
20220703	0.1493	0.0	99.85
20220704	0.08116	0.6094	99.31
20220705	0.05158	0.4272	99.52
20220706	0.08504	0.4274	99.49
20220707	0.09894	0.8388	99.06
20220708	0.09937	0.8425	99.06
20220709	nan	nan	nan
20220710	nan	nan	nan
20220711	nan	nan	nan
20220712	nan	nan	nan
20220713	nan	nan	nan
20220714	nan	nan	nan
20220715	nan	nan	nan
20220716	nan	nan	nan
20220717	nan	nan	nan
20220718	nan	nan	nan
20220719	nan	nan	nan
20220720	nan	nan	nan
20220721	nan	nan	nan
20220722	nan	nan	nan
20220723	nan	nan	nan
20220724	nan	nan	nan
20220725	nan	nan	nan
20220726	nan	nan	nan
20220727	nan	nan	nan
20220728	nan	nan	nan
20220729	0.02173	0.0	99.98
20220730	0.003649	0.0	100.0
20220731	0.02341	0.0	99.98
20220801	0.0	0.0	100.0
20220802	0.0	0.0	100.0
20220803	0.0	0.0	100.0
20220804	0.1723	0.0	99.83
20220805	0.5302	0.0	99.47
20220806	0.03495	0.0	99.97
20220807	0.03496	0.0	99.97
20220808	0.03614	0.0	99.96
20220809	0.07433	0.0	99.93
20220810	nan	nan	nan
20220811	nan	nan	nan
20220812	nan	nan	nan
20220813	nan	nan	nan
20220814	nan	nan	nan
20220815	nan	nan	nan
20220816	nan	nan	nan
20220817	nan	nan	nan
20220818	nan	nan	nan
20220819	nan	nan	nan
20220820	nan	nan	nan
20220821	nan	nan	nan
20220822	nan	nan	nan
20220823	nan	nan	nan
