Date	WetSnow	DrySnow	BareGround
20140920	nan	nan	nan
20140921	0.0	0.0	100.0
20140922	0.0	0.0	100.0
20140923	0.0	0.0	100.0
20140924	0.0	0.0	100.0
20140925	0.0	0.0	100.0
20140926	0.0	0.0	100.0
20140927	0.0	0.0	100.0
20140928	0.0	0.0	100.0
20140929	0.0	0.0	100.0
20140930	0.0	0.0	100.0
20141001	0.0	0.0	100.0
20141002	0.0	0.0	100.0
20141003	0.0	0.0	100.0
20141004	0.1114	0.0	99.89
20141005	0.1114	0.0	99.89
20141006	0.0	0.0	100.0
20141007	0.0	0.0	100.0
20141008	0.0	0.0	100.0
20141009	0.0	0.0	100.0
20141010	0.0	0.0	100.0
20141011	0.0	0.0	100.0
20141012	0.0	0.0	100.0
20141013	0.0	0.0	100.0
20141014	0.0	0.0	100.0
20141015	0.0	0.0	100.0
20141016	0.0	0.0	100.0
20141017	1.672	5.396	92.93
20141018	1.56	5.396	93.04
20141019	1.073	4.962	93.96
20141020	0.8974	4.809	94.29
20141021	0.8974	4.809	94.29
20141022	0.8974	3.935	95.17
20141023	0.9845	4.318	94.7
20141024	0.9876	4.17	94.84
20141025	1.005	4.245	94.75
20141026	1.033	4.36	94.61
20141027	1.034	4.366	94.6
20141028	1.056	2.182	96.76
20141029	1.075	2.222	96.7
20141030	nan	nan	nan
20141031	0.946	13.67	85.38
20141101	0.946	13.67	85.38
20141102	nan	nan	nan
20141103	nan	nan	nan
20141104	nan	nan	nan
20141105	nan	nan	nan
20141106	nan	nan	nan
20141107	82.49	4.611	12.9
20141108	82.57	4.615	12.82
20141109	82.57	4.616	12.81
20141110	82.83	4.628	12.54
20141111	83.17	4.647	12.18
20141112	83.17	4.647	12.18
20141113	83.24	4.651	12.1
20141114	83.78	4.447	11.78
20141115	83.78	4.447	11.78
20141116	nan	nan	nan
20141117	nan	nan	nan
20141118	nan	nan	nan
20141119	nan	nan	nan
20141120	nan	nan	nan
20141121	nan	nan	nan
20141122	nan	nan	nan
20141123	nan	nan	nan
20141124	nan	nan	nan
20141125	nan	nan	nan
20141126	nan	nan	nan
20141127	nan	nan	nan
20141128	nan	nan	nan
20141129	nan	nan	nan
20141130	nan	nan	nan
20141201	nan	nan	nan
20141202	nan	nan	nan
20141203	nan	nan	nan
20141204	nan	nan	nan
20141205	nan	nan	nan
20141206	nan	nan	nan
20141207	nan	nan	nan
20141208	nan	nan	nan
20141209	nan	nan	nan
20141210	nan	nan	nan
20141211	nan	nan	nan
20141212	nan	nan	nan
20141213	nan	nan	nan
20141214	nan	nan	nan
20141215	nan	nan	nan
20141216	nan	nan	nan
20141217	nan	nan	nan
20141218	nan	nan	nan
20141219	nan	nan	nan
20141220	nan	nan	nan
20141221	nan	nan	nan
20141222	nan	nan	nan
20141223	nan	nan	nan
20141224	nan	nan	nan
20141225	nan	nan	nan
20141226	nan	nan	nan
20141227	nan	nan	nan
20141228	nan	nan	nan
20141229	nan	nan	nan
20141230	nan	nan	nan
20141231	nan	nan	nan
20150101	nan	nan	nan
20150102	nan	nan	nan
20150103	nan	nan	nan
20150104	nan	nan	nan
20150105	nan	nan	nan
20150106	nan	nan	nan
20150107	nan	nan	nan
20150108	nan	nan	nan
20150109	nan	nan	nan
20150110	nan	nan	nan
20150111	nan	nan	nan
20150112	nan	nan	nan
20150113	nan	nan	nan
20150114	nan	nan	nan
20150115	nan	nan	nan
20150116	nan	nan	nan
20150117	nan	nan	nan
20150118	nan	nan	nan
20150119	nan	nan	nan
20150120	nan	nan	nan
20150121	nan	nan	nan
20150122	nan	nan	nan
20150123	nan	nan	nan
20150124	nan	nan	nan
20150125	nan	nan	nan
20150126	nan	nan	nan
20150127	nan	nan	nan
20150128	nan	nan	nan
20150129	nan	nan	nan
20150130	nan	nan	nan
20150131	nan	nan	nan
20150201	nan	nan	nan
20150202	nan	nan	nan
20150203	nan	nan	nan
20150204	nan	nan	nan
20150205	nan	nan	nan
20150206	nan	nan	nan
20150207	nan	nan	nan
20150208	nan	nan	nan
20150209	nan	nan	nan
20150210	nan	nan	nan
20150211	nan	nan	nan
20150212	nan	nan	nan
20150213	nan	nan	nan
20150214	11.59	86.94	1.47
20150215	11.59	86.94	1.47
20150216	11.09	79.64	9.275
20150217	11.09	79.64	9.275
20150218	11.09	79.46	9.454
20150219	11.09	79.46	9.454
20150220	11.09	79.46	9.454
20150221	11.03	79.33	9.633
20150222	11.03	79.33	9.633
20150223	10.0	72.41	17.58
20150224	10.3	71.59	18.11
20150225	nan	nan	nan
20150226	10.07	77.01	12.92
20150227	10.12	77.07	12.81
20150228	10.12	77.07	12.81
20150301	10.15	77.1	12.75
20150302	8.007	82.93	9.06
20150303	8.007	82.93	9.06
20150304	8.007	79.3	12.69
20150305	0.0	97.41	2.587
20150306	0.0	97.41	2.587
20150307	0.0	97.41	2.587
20150308	0.0	97.41	2.587
20150309	0.0	96.89	3.113
20150310	0.0	96.89	3.113
20150311	0.0	96.89	3.113
20150312	0.0	96.89	3.113
20150313	0.0	96.88	3.118
20150314	2.9	95.45	1.653
20150315	2.9	92.86	4.235
20150316	2.871	91.81	5.318
20150317	2.871	91.81	5.318
20150318	2.871	91.81	5.318
20150319	8.229	88.09	3.683
20150320	7.7	83.96	8.341
20150321	6.927	86.84	6.229
20150322	6.927	86.84	6.229
20150323	6.927	86.84	6.229
20150324	6.927	86.84	6.235
20150325	6.927	86.84	6.235
20150326	0.3226	98.95	0.7273
20150327	0.3168	98.96	0.7275
20150328	0.3168	98.52	1.167
20150329	0.3168	98.52	1.167
20150330	0.3181	98.51	1.172
20150331	0.3227	98.49	1.189
20150401	0.3251	98.33	1.348
20150402	0.2326	98.88	0.8887
20150403	0.2326	98.88	0.8887
20150404	0.2343	99.02	0.7449
20150405	0.2343	99.02	0.7449
20150406	0.2693	98.58	1.146
20150407	1.574	97.28	1.146
20150408	1.607	97.22	1.17
20150409	1.607	97.22	1.17
20150410	7.435	91.4	1.163
20150411	7.435	91.05	1.515
20150412	nan	nan	nan
20150413	nan	nan	nan
20150414	nan	nan	nan
20150415	0.1194	99.88	0.0
20150416	0.1194	99.88	0.0
20150417	0.1195	99.88	0.0
20150418	0.1195	99.88	0.0
20150419	0.1195	99.88	0.0
20150420	0.1195	99.29	0.5918
20150421	0.1195	99.29	0.5918
20150422	11.06	88.2	0.7399
20150423	11.11	88.15	0.7429
20150424	5.848	92.84	1.314
20150425	5.848	91.23	2.927
20150426	1.044	97.06	1.9
20150427	0.5865	97.66	1.754
20150428	0.5865	97.66	1.754
20150429	0.5865	95.8	3.613
20150430	0.5865	95.06	4.352
20150501	1.349	94.31	4.34
20150502	1.349	94.31	4.34
20150503	1.349	94.31	4.34
20150504	4.023	92.54	3.437
20150505	4.023	92.54	3.437
20150506	6.041	90.53	3.431
20150507	6.041	88.45	5.507
20150508	6.111	88.38	5.507
20150509	6.698	87.79	5.507
20150510	6.633	78.12	15.24
20150511	7.179	67.14	25.68
20150512	7.03	66.93	26.04
20150513	6.357	67.58	26.06
20150514	6.357	67.58	26.06
20150515	6.386	66.78	26.83
20150516	1.001	60.95	38.05
20150517	1.001	60.21	38.79
20150518	0.1877	56.49	43.32
20150519	0.1877	56.49	43.32
20150520	0.1232	55.46	44.42
20150521	0.6337	54.8	44.57
20150522	0.6342	54.5	44.86
20150523	0.6395	54.13	45.23
20150524	0.6395	54.13	45.23
20150525	0.6395	53.72	45.65
20150526	0.6294	44.32	55.05
20150527	0.6516	43.58	55.77
20150528	0.6516	43.58	55.77
20150529	0.7059	39.2	60.09
20150530	0.7048	39.14	60.16
20150531	0.7431	36.6	62.66
20150601	0.6628	32.88	66.46
20150602	0.6628	32.88	66.46
20150603	0.6449	29.11	70.25
20150604	0.6366	24.85	74.51
20150605	0.6407	23.38	75.98
20150606	nan	nan	nan
20150607	nan	nan	nan
20150608	0.007137	7.944	92.05
20150609	0.007163	8.151	91.84
20150610	0.007163	8.151	91.84
20150611	0.0	8.133	91.87
20150612	0.0	7.473	92.53
20150613	0.0	5.983	94.02
20150614	0.0	5.075	94.92
20150615	0.0	4.89	95.11
20150616	0.0	4.718	95.28
20150617	0.0	3.197	96.8
20150618	0.0	1.671	98.33
20150619	0.0	1.625	98.38
20150620	0.0	1.302	98.7
20150621	0.0	1.156	98.84
20150622	0.0	0.9531	99.05
20150623	0.0	0.9545	99.05
20150624	0.0	0.9079	99.09
20150625	0.0	1.006	98.99
20150626	0.0	0.9157	99.08
20150627	0.0	0.6925	99.31
20150628	0.0	0.6925	99.31
20150629	0.0	0.3589	99.64
20150630	0.0	0.3487	99.65
20150701	0.0	0.2249	99.78
20150702	0.0	0.0	100.0
20150703	0.0	0.0	100.0
20150704	0.0	0.0	100.0
20150705	0.0	0.0	100.0
20150706	0.0	0.0	100.0
20150707	0.0	0.0	100.0
20150708	0.0	0.0	100.0
20150709	0.0	0.0	100.0
20150710	0.0	0.0	100.0
20150711	0.0	0.0	100.0
20150712	0.02074	0.0	99.98
20150713	0.0	0.0	100.0
20150714	0.0	0.0	100.0
20150715	0.0	0.0	100.0
20150716	0.0	0.0	100.0
20150717	0.0	0.0	100.0
20150718	0.0	0.0	100.0
20150719	0.0	1.396	98.6
20150720	0.0	1.396	98.6
20150721	0.0	0.4868	99.51
20150722	0.0	0.0	100.0
20150723	0.0	0.0	100.0
20150724	0.01762	0.0	99.98
20150725	0.01178	0.0	99.99
20150726	0.0119	0.0	99.99
20150727	0.0119	0.0	99.99
20150728	0.01174	0.0	99.99
20150729	0.01174	0.0	99.99
20150730	0.01174	0.0	99.99
20150731	0.01174	0.0	99.99
20150801	0.01195	0.0	99.99
20150802	0.0136	0.0	99.99
20150803	0.01432	0.0	99.99
20150804	0.0	0.0	100.0
20150805	nan	nan	nan
20150806	nan	nan	nan
20150807	0.00711	0.0	99.99
20150808	nan	nan	nan
20150809	nan	nan	nan
20150810	0.0	0.0	100.0
20150811	0.0	0.0	100.0
20150812	0.05279	0.0	99.95
20150813	0.05865	0.1466	99.79
20150814	0.05865	0.1466	99.79
20150815	0.0	0.0	100.0
20150816	0.0	0.0	100.0
20150817	0.02933	0.0	99.97
20150818	0.0	0.0	100.0
20150819	0.0	0.0	100.0
20150820	0.03519	0.0	99.96
20150821	0.0	0.0	100.0
20150822	0.0	0.0	100.0
20150823	0.0	0.0	100.0
20150824	0.05279	0.0	99.95
20150825	0.04106	0.0	99.96
20150826	0.02933	0.0	99.97
20150827	0.02933	0.0	99.97
20150828	0.02933	0.0	99.97
20150829	0.1114	0.0	99.89
20150830	0.1056	0.0	99.89
20150831	0.1056	0.0	99.89
20150901	0.1056	0.0	99.89
20150902	0.1056	0.0	99.89
20150903	0.1056	0.0	99.89
20150904	0.1061	0.0	99.89
20150905	nan	nan	nan
20150906	nan	nan	nan
20150907	nan	nan	nan
20150908	nan	nan	nan
20150909	nan	nan	nan
20150910	0.04692	0.0	99.95
20150911	0.0	0.0	100.0
20150912	0.0	0.0	100.0
20150913	0.05279	0.0	99.95
20150914	0.0	0.0	100.0
20150915	0.0	0.0	100.0
20150916	0.0	0.0	100.0
20150917	0.03519	0.0	99.96
20150918	0.04106	0.9326	99.03
20150919	0.04106	0.9326	99.03
20150920	0.04106	0.9326	99.03
20150921	0.02933	0.9326	99.04
20150922	0.02346	0.9326	99.04
20150923	0.0176	0.7918	99.19
20150924	0.0	0.0	100.0
20150925	0.02933	0.0	99.97
20150926	0.02933	0.0	99.97
20150927	0.05279	0.0	99.95
20150928	0.05279	0.0	99.95
20150929	0.05279	0.0	99.95
20150930	0.05279	0.005865	99.94
20151001	0.05279	0.005865	99.94
20151002	0.05279	0.005865	99.94
20151003	0.05279	0.005865	99.94
20151004	0.05279	21.87	78.08
20151005	0.0176	75.62	24.36
20151006	0.01859	67.92	32.07
20151007	0.01845	62.21	37.77
20151008	0.01815	53.52	46.46
20151009	0.01802	50.35	49.64
20151010	0.01799	36.19	63.79
20151011	0.05349	41.95	58.0
20151012	0.05349	41.95	58.0
20151013	0.05349	41.95	58.0
20151014	0.05349	41.95	58.0
20151015	0.05349	41.88	58.07
20151016	0.05349	41.82	58.13
20151017	0.05365	38.66	61.28
20151018	0.04202	35.49	64.46
20151019	0.04235	27.02	72.94
20151020	0.04324	26.5	73.45
20151021	0.05094	26.54	73.41
20151022	nan	nan	nan
20151023	nan	nan	nan
20151024	nan	nan	nan
20151025	nan	nan	nan
20151026	nan	nan	nan
20151027	nan	nan	nan
20151028	nan	nan	nan
20151029	nan	nan	nan
20151030	nan	nan	nan
20151031	nan	nan	nan
20151101	nan	nan	nan
20151102	nan	nan	nan
20151103	nan	nan	nan
20151104	0.02775	53.8	46.17
20151105	0.03211	70.03	29.94
20151106	0.03211	70.03	29.94
20151107	0.03221	70.26	29.71
20151108	0.03312	70.58	29.39
20151109	0.03363	70.64	29.33
20151110	nan	nan	nan
20151111	nan	nan	nan
20151112	nan	nan	nan
20151113	nan	nan	nan
20151114	nan	nan	nan
20151115	nan	nan	nan
20151116	nan	nan	nan
20151117	nan	nan	nan
20151118	nan	nan	nan
20151119	nan	nan	nan
20151120	nan	nan	nan
20151121	nan	nan	nan
20151122	nan	nan	nan
20151123	nan	nan	nan
20151124	nan	nan	nan
20151125	nan	nan	nan
20151126	nan	nan	nan
20151127	nan	nan	nan
20151128	nan	nan	nan
20151129	nan	nan	nan
20151130	nan	nan	nan
20151201	nan	nan	nan
20151202	nan	nan	nan
20151203	nan	nan	nan
20151204	nan	nan	nan
20151205	nan	nan	nan
20151206	nan	nan	nan
20151207	nan	nan	nan
20151208	nan	nan	nan
20151209	nan	nan	nan
20151210	nan	nan	nan
20151211	nan	nan	nan
20151212	nan	nan	nan
20151213	nan	nan	nan
20151214	nan	nan	nan
20151215	nan	nan	nan
20151216	nan	nan	nan
20151217	nan	nan	nan
20151218	nan	nan	nan
20151219	nan	nan	nan
20151220	nan	nan	nan
20151221	nan	nan	nan
20151222	nan	nan	nan
20151223	nan	nan	nan
20151224	nan	nan	nan
20151225	nan	nan	nan
20151226	nan	nan	nan
20151227	nan	nan	nan
20151228	nan	nan	nan
20151229	nan	nan	nan
20151230	nan	nan	nan
20151231	nan	nan	nan
20160101	nan	nan	nan
20160102	nan	nan	nan
20160103	nan	nan	nan
20160104	nan	nan	nan
20160105	nan	nan	nan
20160106	nan	nan	nan
20160107	nan	nan	nan
20160108	nan	nan	nan
20160109	nan	nan	nan
20160110	nan	nan	nan
20160111	nan	nan	nan
20160112	nan	nan	nan
20160113	nan	nan	nan
20160114	nan	nan	nan
20160115	nan	nan	nan
20160116	nan	nan	nan
20160117	nan	nan	nan
20160118	nan	nan	nan
20160119	nan	nan	nan
20160120	nan	nan	nan
20160121	nan	nan	nan
20160122	nan	nan	nan
20160123	nan	nan	nan
20160124	nan	nan	nan
20160125	nan	nan	nan
20160126	nan	nan	nan
20160127	nan	nan	nan
20160128	nan	nan	nan
20160129	nan	nan	nan
20160130	nan	nan	nan
20160131	nan	nan	nan
20160201	nan	nan	nan
20160202	nan	nan	nan
20160203	nan	nan	nan
20160204	nan	nan	nan
20160205	nan	nan	nan
20160206	nan	nan	nan
20160207	nan	nan	nan
20160208	nan	nan	nan
20160209	nan	nan	nan
20160210	nan	nan	nan
20160211	nan	nan	nan
20160212	nan	nan	nan
20160213	nan	nan	nan
20160214	nan	nan	nan
20160215	nan	nan	nan
20160216	nan	nan	nan
20160217	nan	nan	nan
20160218	nan	nan	nan
20160219	nan	nan	nan
20160220	nan	nan	nan
20160221	nan	nan	nan
20160222	nan	nan	nan
20160223	nan	nan	nan
20160224	nan	nan	nan
20160225	nan	nan	nan
20160226	0.1944	99.55	0.2592
20160227	0.165	95.98	3.859
20160228	7.47	89.99	2.539
20160229	7.47	89.99	2.539
20160301	17.0	83.0	0.0
20160302	17.0	83.0	0.0
20160303	17.11	82.89	0.0
20160304	13.58	86.42	0.0
20160305	13.58	86.42	0.0
20160306	13.58	86.42	0.0
20160307	13.58	86.42	0.0
20160308	13.6	86.4	0.0
20160309	0.1114	97.48	2.411
20160310	0.1114	97.48	2.411
20160311	7.554	89.55	2.897
20160312	7.554	89.55	2.897
20160313	7.554	89.55	2.897
20160314	7.554	89.55	2.897
20160315	7.672	90.05	2.276
20160316	10.05	88.17	1.777
20160317	10.05	88.17	1.777
20160318	9.965	88.08	1.959
20160319	9.965	87.65	2.387
20160320	9.965	87.65	2.387
20160321	12.72	87.24	0.04692
20160322	12.65	87.3	0.0486
20160323	13.2	86.75	0.04816
20160324	13.2	86.63	0.1686
20160325	9.139	90.69	0.1679
20160326	9.063	90.77	0.1681
20160327	9.036	90.8	0.1681
20160328	2.915	96.27	0.8167
20160329	2.915	96.27	0.8167
20160330	2.915	96.27	0.8167
20160331	2.909	96.0	1.091
20160401	2.909	94.97	2.116
20160402	0.05865	99.38	0.5572
20160403	0.05865	99.38	0.5572
20160404	0.0	98.94	1.056
20160405	0.0	98.35	1.654
20160406	0.0	98.35	1.654
20160407	0.0	98.35	1.654
20160408	0.03519	98.31	1.654
20160409	0.03519	98.31	1.654
20160410	0.03519	98.31	1.654
20160411	0.03519	98.02	1.947
20160412	0.03519	98.02	1.947
20160413	0.03524	96.7	3.266
20160414	4.476	92.26	3.266
20160415	4.658	90.92	4.426
20160416	4.936	90.6	4.463
20160417	5.37	89.78	4.855
20160418	0.0	99.85	0.1468
20160419	0.0	99.25	0.7517
20160420	0.0	98.9	1.104
20160421	0.0	99.12	0.881
20160422	0.0	99.12	0.881
20160423	0.0	98.97	1.028
20160424	0.0	98.74	1.263
20160425	0.0	96.72	3.277
20160426	0.0	97.31	2.69
20160427	0.0	97.31	2.69
20160428	1.661	91.35	6.991
20160429	1.661	90.32	8.018
20160430	0.2991	84.57	15.13
20160501	0.2991	83.18	16.52
20160502	0.05279	74.46	25.49
20160503	0.5103	71.57	27.92
20160504	0.5103	71.57	27.92
20160505	0.5103	71.57	27.92
20160506	0.5103	71.43	28.06
20160507	0.5103	71.43	28.06
20160508	0.5103	67.7	31.79
20160509	0.5107	66.33	33.16
20160510	0.5576	65.7	33.75
20160511	0.5531	65.48	33.96
20160512	0.5234	63.67	35.81
20160513	nan	nan	nan
20160514	0.3098	28.84	70.85
20160515	0.3103	28.83	70.86
20160516	0.3103	28.83	70.86
20160517	0.2543	23.22	76.53
20160518	0.2228	20.79	78.98
20160519	0.208	16.65	83.14
20160520	0.2503	19.46	80.29
20160521	0.2316	19.46	80.31
20160522	0.09794	16.88	83.02
20160523	0.09827	16.6	83.31
20160524	0.09736	15.05	84.85
20160525	0.1001	13.28	86.62
20160526	0.09064	7.535	92.37
20160527	0.02348	5.558	94.42
20160528	0.02348	5.558	94.42
20160529	0.02348	3.498	96.48
20160530	0.02348	1.643	98.33
20160531	0.0	0.346	99.65
20160601	0.0	0.346	99.65
20160602	0.0	0.04692	99.95
20160603	0.0	2.886	97.11
20160604	0.0	2.739	97.26
20160605	0.0	2.739	97.26
20160606	0.0	1.866	98.13
20160607	0.0	1.867	98.13
20160608	0.0	1.867	98.13
20160609	0.0	1.867	98.13
20160610	0.0	0.7017	99.3
20160611	0.0	0.4454	99.55
20160612	0.0	0.4454	99.55
20160613	0.0	0.47	99.53
20160614	0.0	0.0	100.0
20160615	0.0	0.3232	99.68
20160616	0.0	0.3232	99.68
20160617	0.0	0.3294	99.67
20160618	0.0	0.3294	99.67
20160619	0.0	0.3304	99.67
20160620	0.0	0.3304	99.67
20160621	nan	nan	nan
20160622	nan	nan	nan
20160623	nan	nan	nan
20160624	nan	nan	nan
20160625	nan	nan	nan
20160626	0.0	0.0	100.0
20160627	0.0	0.0	100.0
20160628	0.0	0.0	100.0
20160629	0.0	0.0	100.0
20160630	0.0	0.0	100.0
20160701	0.0	0.0	100.0
20160702	0.0	0.0	100.0
20160703	0.0	0.0	100.0
20160704	0.0	0.0	100.0
20160705	0.0	0.0	100.0
20160706	0.0	0.0	100.0
20160707	0.0	10.19	89.81
20160708	0.0	10.23	89.77
20160709	0.0	10.23	89.77
20160710	0.0	10.23	89.77
20160711	0.0	3.986	96.01
20160712	0.0	2.455	97.54
20160713	0.0	1.035	98.96
20160714	0.0	1.037	98.96
20160715	0.0	1.155	98.85
20160716	0.0	1.155	98.85
20160717	0.0	1.098	98.9
20160718	0.0	0.0	100.0
20160719	0.0	0.0	100.0
20160720	0.0	0.0	100.0
20160721	0.0	0.0	100.0
20160722	0.0	0.0	100.0
20160723	0.0	0.1466	99.85
20160724	0.0	0.1466	99.85
20160725	0.0	0.1466	99.85
20160726	0.005865	0.0	99.99
20160727	0.0	0.0	100.0
20160728	0.0	0.0	100.0
20160729	0.0	0.0	100.0
20160730	0.0176	0.0	99.98
20160731	0.0176	0.0	99.98
20160801	0.0176	0.0	99.98
20160802	0.02942	0.0	99.97
20160803	0.02943	0.0	99.97
20160804	0.05291	0.0	99.95
20160805	0.0	0.0	100.0
20160806	0.0	0.0	100.0
20160807	0.01789	0.0	99.98
20160808	0.01789	0.0	99.98
20160809	0.01791	0.0	99.98
20160810	0.0	0.0	100.0
20160811	0.04352	0.0	99.96
20160812	0.04352	0.0	99.96
20160813	0.02432	0.0	99.98
20160814	0.036	0.0	99.96
20160815	0.0	0.0	100.0
20160816	0.04106	0.0	99.96
20160817	0.0	0.0	100.0
20160818	0.0	0.0	100.0
20160819	0.01173	0.0	99.99
20160820	0.0	0.0	100.0
20160821	0.0	0.0	100.0
20160822	0.0	0.0	100.0
20160823	0.02346	0.0	99.98
20160824	0.01173	0.0	99.99
20160825	0.01173	0.0	99.99
20160826	0.02346	0.0	99.98
20160827	0.02346	0.0	99.98
20160828	0.05279	0.0	99.95
20160829	0.04692	0.0	99.95
20160830	0.0176	0.0	99.98
20160831	0.02346	0.0	99.98
20160901	0.02346	0.0	99.98
20160902	0.02346	0.0	99.98
20160903	0.0176	0.0	99.98
20160904	nan	nan	nan
20160905	nan	nan	nan
20160906	0.0	0.0	100.0
20160907	0.02094	0.02094	99.96
20160908	0.02094	0.02094	99.96
20160909	0.03575	0.02145	99.94
20160910	0.0132	0.0198	99.97
20160911	0.01316	0.01974	99.97
20160912	0.01298	0.1882	99.8
20160913	0.01295	0.1878	99.8
20160914	0.0129	0.187	99.8
20160915	0.01286	0.1672	99.82
20160916	0.02346	0.0	99.98
20160917	0.0176	0.0	99.98
20160918	0.01173	0.0	99.99
20160919	0.02346	14.04	85.94
20160920	0.0176	13.74	86.24
20160921	0.04106	0.0	99.96
20160922	0.0	0.0	100.0
20160923	0.005865	0.0	99.99
20160924	0.01173	0.0	99.99
20160925	0.01173	0.0	99.99
20160926	0.01173	0.0	99.99
20160927	0.04697	0.0	99.95
20160928	0.04697	0.0	99.95
20160929	0.08219	0.0	99.92
20160930	0.08806	0.0	99.91
20161001	0.08837	0.0	99.91
20161002	0.0	0.0	100.0
20161003	0.01202	6.267	93.72
20161004	0.1065	7.34	92.55
20161005	0.3248	4.501	95.17
20161006	0.3248	4.501	95.17
20161007	0.3248	4.353	95.32
20161008	0.3248	3.928	95.75
20161009	0.229	0.6752	99.1
20161010	0.05878	0.676	99.27
20161011	2.239	0.676	97.08
20161012	2.239	0.676	97.08
20161013	2.249	0.6789	97.07
20161014	2.26	0.3441	97.4
20161015	0.6361	0.0	99.36
20161016	3.059	0.0	96.94
20161017	10.47	0.9855	88.55
20161018	2.826	1.121	96.05
20161019	2.102	2.648	95.25
20161020	0.6804	0.4751	98.84
20161021	0.4516	1.196	98.35
20161022	0.3871	1.085	98.53
20161023	2.516	1.372	96.11
20161024	2.927	3.519	93.55
20161025	5.537	4.334	90.13
20161026	2.51	2.921	94.57
20161027	2.578	2.925	94.5
20161028	3.694	8.501	87.81
20161029	12.13	3.139	84.73
20161030	7.893	8.294	83.81
20161031	16.65	18.68	64.66
20161101	13.35	16.98	69.67
20161102	12.17	16.23	71.6
20161103	14.72	16.03	69.25
20161104	13.99	35.56	50.45
20161105	11.46	26.49	62.05
20161106	46.72	16.0	37.29
20161107	46.72	16.0	37.29
20161108	80.69	6.395	12.91
20161109	82.65	6.477	10.88
20161110	84.21	6.212	9.581
20161111	87.96	4.155	7.887
20161112	90.95	3.864	5.182
20161113	91.01	3.866	5.12
20161114	91.15	3.84	5.01
20161115	93.97	1.384	4.651
20161116	100.0	0.0	0.0
20161117	100.0	0.0	0.0
20161118	100.0	0.0	0.0
20161119	nan	nan	nan
20161120	nan	nan	nan
20161121	nan	nan	nan
20161122	nan	nan	nan
20161123	nan	nan	nan
20161124	nan	nan	nan
20161125	nan	nan	nan
20161126	nan	nan	nan
20161127	nan	nan	nan
20161128	nan	nan	nan
20161129	nan	nan	nan
20161130	nan	nan	nan
20161201	nan	nan	nan
20161202	nan	nan	nan
20161203	nan	nan	nan
20161204	nan	nan	nan
20161205	nan	nan	nan
20161206	nan	nan	nan
20161207	nan	nan	nan
20161208	nan	nan	nan
20161209	nan	nan	nan
20161210	nan	nan	nan
20161211	nan	nan	nan
20161212	nan	nan	nan
20161213	nan	nan	nan
20161214	nan	nan	nan
20161215	nan	nan	nan
20161216	nan	nan	nan
20161217	nan	nan	nan
20161218	nan	nan	nan
20161219	nan	nan	nan
20161220	nan	nan	nan
20161221	nan	nan	nan
20161222	nan	nan	nan
20161223	nan	nan	nan
20161224	nan	nan	nan
20161225	nan	nan	nan
20161226	nan	nan	nan
20161227	nan	nan	nan
20161228	nan	nan	nan
20161229	nan	nan	nan
20161230	nan	nan	nan
20161231	nan	nan	nan
20170101	nan	nan	nan
20170102	nan	nan	nan
20170103	nan	nan	nan
20170104	nan	nan	nan
20170105	nan	nan	nan
20170106	nan	nan	nan
20170107	nan	nan	nan
20170108	nan	nan	nan
20170109	nan	nan	nan
20170110	nan	nan	nan
20170111	nan	nan	nan
20170112	nan	nan	nan
20170113	nan	nan	nan
20170114	nan	nan	nan
20170115	nan	nan	nan
20170116	nan	nan	nan
20170117	nan	nan	nan
20170118	nan	nan	nan
20170119	nan	nan	nan
20170120	nan	nan	nan
20170121	nan	nan	nan
20170122	nan	nan	nan
20170123	nan	nan	nan
20170124	nan	nan	nan
20170125	nan	nan	nan
20170126	nan	nan	nan
20170127	nan	nan	nan
20170128	nan	nan	nan
20170129	nan	nan	nan
20170130	nan	nan	nan
20170131	nan	nan	nan
20170201	nan	nan	nan
20170202	nan	nan	nan
20170203	nan	nan	nan
20170204	nan	nan	nan
20170205	nan	nan	nan
20170206	2.77	96.91	0.3165
20170207	0.9202	98.93	0.1475
20170208	0.4814	99.08	0.4403
20170209	0.4106	99.3	0.2933
20170210	0.4106	99.3	0.2933
20170211	0.4106	98.86	0.7331
20170212	0.4106	98.86	0.7331
20170213	1.031	98.23	0.7406
20170214	7.714	90.63	1.659
20170215	7.745	90.58	1.676
20170216	7.806	90.5	1.689
20170217	7.807	90.5	1.689
20170218	nan	nan	nan
20170219	9.422	89.99	0.5867
20170220	9.451	90.11	0.44
20170221	8.986	90.57	0.4454
20170222	6.366	93.19	0.4445
20170223	6.366	93.19	0.4445
20170224	6.366	93.19	0.4445
20170225	2.018	95.97	2.012
20170226	1.006	95.55	3.443
20170227	0.09644	99.41	0.4942
20170228	0.0	100.0	0.0
20170301	0.0	100.0	0.0
20170302	0.0	99.4	0.5954
20170303	0.0	98.22	1.781
20170304	0.0	97.93	2.069
20170305	0.0	98.23	1.773
20170306	0.0	100.0	0.0
20170307	0.0	100.0	0.0
20170308	0.0	100.0	0.0
20170309	0.0	100.0	0.0
20170310	0.0	100.0	0.0
20170311	0.0	100.0	0.0
20170312	0.0	99.71	0.2948
20170313	0.0	99.7	0.2989
20170314	nan	nan	nan
20170315	nan	nan	nan
20170316	nan	nan	nan
20170317	0.0	97.25	2.75
20170318	0.0	97.32	2.68
20170319	0.0	97.34	2.657
20170320	0.0	97.12	2.882
20170321	0.0	97.67	2.334
20170322	0.0	97.75	2.249
20170323	0.0	97.76	2.242
20170324	0.0	98.38	1.616
20170325	0.0	97.86	2.143
20170326	0.0	97.86	2.143
20170327	0.0	97.86	2.143
20170328	1.331	96.57	2.102
20170329	1.83	96.21	1.959
20170330	1.83	96.21	1.959
20170331	nan	nan	nan
20170401	nan	nan	nan
20170402	0.1459	99.85	0.0
20170403	0.1459	99.85	0.0
20170404	0.8183	99.18	0.0
20170405	3.879	96.12	0.0
20170406	3.969	96.03	0.0
20170407	12.33	87.52	0.1416
20170408	0.4224	99.58	0.0
20170409	0.4986	99.5	0.0
20170410	0.4986	99.5	0.0
20170411	0.4986	99.5	0.0
20170412	0.4986	99.5	0.0
20170413	0.0	100.0	0.0
20170414	0.0	100.0	0.0
20170415	0.0	100.0	0.0
20170416	0.0	100.0	0.0
20170417	0.0	100.0	0.0
20170418	0.0	100.0	0.0
20170419	0.0	100.0	0.0
20170420	nan	nan	nan
20170421	nan	nan	nan
20170422	nan	nan	nan
20170423	0.0	100.0	0.0
20170424	0.0	100.0	0.0
20170425	0.006619	99.99	0.0
20170426	0.01174	99.99	0.0
20170427	0.01174	99.99	0.0
20170428	0.0	100.0	0.0
20170429	0.0	100.0	0.0
20170430	0.0	100.0	0.0
20170501	0.04692	99.95	0.0
20170502	0.2991	99.7	0.0
20170503	4.686	95.17	0.1466
20170504	4.739	95.11	0.1466
20170505	5.9	93.95	0.1466
20170506	nan	nan	nan
20170507	nan	nan	nan
20170508	nan	nan	nan
20170509	nan	nan	nan
20170510	nan	nan	nan
20170511	4.66	95.34	0.0
20170512	4.4	95.6	0.0
20170513	2.891	96.95	0.161
20170514	2.118	97.73	0.1526
20170515	7.519	92.48	0.0
20170516	2.974	97.03	0.0
20170517	5.361	94.64	0.0
20170518	4.985	92.96	2.053
20170519	5.49	91.14	3.372
20170520	7.595	89.03	3.372
20170521	11.43	85.2	3.372
20170522	11.67	84.88	3.445
20170523	14.86	80.15	4.991
20170524	14.86	80.15	4.991
20170525	nan	nan	nan
20170526	nan	nan	nan
20170527	nan	nan	nan
20170528	nan	nan	nan
20170529	nan	nan	nan
20170530	nan	nan	nan
20170531	nan	nan	nan
20170601	nan	nan	nan
20170602	nan	nan	nan
20170603	nan	nan	nan
20170604	nan	nan	nan
20170605	nan	nan	nan
20170606	nan	nan	nan
20170607	1.154	42.58	56.27
20170608	0.7657	29.01	70.23
20170609	0.6684	22.85	76.48
20170610	0.4966	15.05	84.45
20170611	0.1411	13.52	86.33
20170612	0.1275	11.39	88.48
20170613	0.1211	9.435	90.44
20170614	0.125	5.039	94.84
20170615	0.1094	2.266	97.63
20170616	0.08392	2.001	97.91
20170617	0.08298	1.915	98.0
20170618	0.0	1.06	98.94
20170619	0.0	0.5518	99.45
20170620	0.0	0.1879	99.81
20170621	0.0	0.3508	99.65
20170622	0.0	0.3223	99.68
20170623	0.0	0.1591	99.84
20170624	0.0	0.0	100.0
20170625	0.006502	0.0	99.99
20170626	0.00661	0.0	99.99
20170627	0.006756	0.0	99.99
20170628	0.006687	0.0	99.99
20170629	0.006795	0.0	99.99
20170630	0.005956	0.0	99.99
20170701	0.005988	0.0	99.99
20170702	0.0	0.0	100.0
20170703	0.0	0.0	100.0
20170704	0.0	0.0	100.0
20170705	0.0	0.0	100.0
20170706	0.0	0.0	100.0
20170707	0.0	0.2861	99.71
20170708	0.0	0.2861	99.71
20170709	nan	nan	nan
20170710	nan	nan	nan
20170711	0.0	0.0	100.0
20170712	0.0	0.0	100.0
20170713	0.0	0.0	100.0
20170714	0.0	0.0	100.0
20170715	0.0	0.0	100.0
20170716	0.0	0.01275	99.99
20170717	0.0	0.01275	99.99
20170718	nan	nan	nan
20170719	nan	nan	nan
20170720	nan	nan	nan
20170721	nan	nan	nan
20170722	nan	nan	nan
20170723	0.01765	0.0	99.98
20170724	0.0353	0.0	99.96
20170725	0.0	0.0	100.0
20170726	0.0235	0.0	99.98
20170727	0.047	0.0	99.95
20170728	0.01175	0.0	99.99
20170729	0.005873	0.0	99.99
20170730	0.005873	0.0	99.99
20170731	0.07647	0.0	99.92
20170801	0.07647	0.0	99.92
20170802	0.07658	0.0	99.92
20170803	0.07704	0.0	99.92
20170804	0.07733	0.0	99.92
20170805	nan	nan	nan
20170806	nan	nan	nan
20170807	nan	nan	nan
20170808	0.0508	0.3683	99.58
20170809	0.05079	0.3683	99.58
20170810	0.05087	0.3688	99.58
20170811	0.05539	0.2216	99.72
20170812	0.1618	0.2241	99.61
20170813	0.1175	0.2226	99.66
20170814	0.1178	0.0	99.88
20170815	0.07791	0.4674	99.45
20170816	0.06035	0.2957	99.64
20170817	0.09053	0.2957	99.61
20170818	0.06709	0.1525	99.78
20170819	0.1164	0.1532	99.73
20170820	0.1207	0.1588	99.72
20170821	0.1207	0.1588	99.72
20170822	0.1104	0.0	99.89
20170823	nan	nan	nan
20170824	nan	nan	nan
20170825	nan	nan	nan
20170826	nan	nan	nan
20170827	0.1774	0.7711	99.05
20170828	0.1774	0.7711	99.05
20170829	0.2047	0.7711	99.02
20170830	0.2047	0.7711	99.02
20170831	0.1686	3.238	96.59
20170901	0.1835	2.495	97.32
20170902	0.1805	2.166	97.65
20170903	nan	nan	nan
20170904	0.08274	0.0	99.92
20170905	0.1536	0.0	99.85
20170906	0.195	0.0	99.81
20170907	0.02953	0.0	99.97
20170908	0.1181	0.0	99.88
20170909	0.1178	0.0	99.88
20170910	0.1413	0.0	99.86
20170911	0.1482	0.0	99.85
20170912	0.2252	11.86	87.91
20170913	0.2252	11.86	87.91
20170914	nan	nan	nan
20170915	nan	nan	nan
20170916	nan	nan	nan
20170917	nan	nan	nan
20170918	nan	nan	nan
20170919	nan	nan	nan
20170920	nan	nan	nan
20170921	nan	nan	nan
20170922	0.1558	0.0	99.84
20170923	0.1558	0.0	99.84
20170924	0.08913	0.0	99.91
20170925	0.07661	0.0	99.92
20170926	0.05298	0.0	99.95
20170927	0.0	0.0	100.0
20170928	0.03524	0.0	99.96
20170929	0.1057	0.0	99.89
20170930	0.08223	0.0	99.92
20171001	0.02937	0.0	99.97
20171002	0.04706	0.0	99.95
20171003	0.04706	0.0	99.95
20171004	0.08894	0.0	99.91
20171005	0.08913	0.0	99.91
20171006	0.3803	0.0	99.62
20171007	0.3839	1.676	97.94
20171008	nan	nan	nan
20171009	nan	nan	nan
20171010	nan	nan	nan
20171011	nan	nan	nan
20171012	nan	nan	nan
20171013	0.4099	0.9158	98.67
20171014	0.4462	1.325	98.23
20171015	0.3702	1.137	98.49
20171016	0.3742	2.679	96.95
20171017	0.1345	16.64	83.23
20171018	0.125	26.85	73.03
20171019	0.1037	38.12	61.78
20171020	0.03768	53.94	46.02
20171021	0.03716	46.52	53.44
20171022	0.1666	52.35	47.48
20171023	61.13	30.53	8.342
20171024	48.89	35.81	15.3
20171025	39.28	44.12	16.6
20171026	19.18	41.75	39.06
20171027	19.2	41.71	39.09
20171028	7.666	65.37	26.96
20171029	5.127	75.71	19.16
20171030	17.03	78.98	3.988
20171031	28.41	70.7	0.8919
20171101	22.53	76.76	0.7155
20171102	21.34	74.73	3.924
20171103	15.11	79.89	4.991
20171104	10.25	86.26	3.49
20171105	3.936	94.83	1.232
20171106	3.946	94.82	1.235
20171107	4.009	94.72	1.268
20171108	3.305	95.4	1.292
20171109	0.3049	98.77	0.9292
20171110	nan	nan	nan
20171111	nan	nan	nan
20171112	nan	nan	nan
20171113	nan	nan	nan
20171114	nan	nan	nan
20171115	nan	nan	nan
20171116	nan	nan	nan
20171117	nan	nan	nan
20171118	nan	nan	nan
20171119	nan	nan	nan
20171120	nan	nan	nan
20171121	nan	nan	nan
20171122	nan	nan	nan
20171123	nan	nan	nan
20171124	nan	nan	nan
20171125	nan	nan	nan
20171126	nan	nan	nan
20171127	nan	nan	nan
20171128	nan	nan	nan
20171129	nan	nan	nan
20171130	nan	nan	nan
20171201	nan	nan	nan
20171202	nan	nan	nan
20171203	nan	nan	nan
20171204	nan	nan	nan
20171205	nan	nan	nan
20171206	nan	nan	nan
20171207	nan	nan	nan
20171208	nan	nan	nan
20171209	nan	nan	nan
20171210	nan	nan	nan
20171211	nan	nan	nan
20171212	nan	nan	nan
20171213	nan	nan	nan
20171214	nan	nan	nan
20171215	nan	nan	nan
20171216	nan	nan	nan
20171217	nan	nan	nan
20171218	nan	nan	nan
20171219	nan	nan	nan
20171220	nan	nan	nan
20171221	nan	nan	nan
20171222	nan	nan	nan
20171223	nan	nan	nan
20171224	nan	nan	nan
20171225	nan	nan	nan
20171226	nan	nan	nan
20171227	nan	nan	nan
20171228	nan	nan	nan
20171229	nan	nan	nan
20171230	nan	nan	nan
20171231	nan	nan	nan
20180101	nan	nan	nan
20180102	nan	nan	nan
20180103	nan	nan	nan
20180104	nan	nan	nan
20180105	nan	nan	nan
20180106	nan	nan	nan
20180107	nan	nan	nan
20180108	nan	nan	nan
20180109	nan	nan	nan
20180110	nan	nan	nan
20180111	nan	nan	nan
20180112	nan	nan	nan
20180113	nan	nan	nan
20180114	nan	nan	nan
20180115	nan	nan	nan
20180116	nan	nan	nan
20180117	nan	nan	nan
20180118	nan	nan	nan
20180119	nan	nan	nan
20180120	nan	nan	nan
20180121	nan	nan	nan
20180122	nan	nan	nan
20180123	nan	nan	nan
20180124	nan	nan	nan
20180125	nan	nan	nan
20180126	nan	nan	nan
20180127	nan	nan	nan
20180128	nan	nan	nan
20180129	nan	nan	nan
20180130	nan	nan	nan
20180131	nan	nan	nan
20180201	nan	nan	nan
20180202	nan	nan	nan
20180203	nan	nan	nan
20180204	nan	nan	nan
20180205	nan	nan	nan
20180206	nan	nan	nan
20180207	57.04	41.78	1.183
20180208	62.03	37.15	0.8187
20180209	19.77	77.52	2.71
20180210	19.11	78.18	2.71
20180211	5.595	85.39	9.015
20180212	5.279	81.87	12.86
20180213	47.45	50.87	1.677
20180214	18.94	68.17	12.89
20180215	32.48	58.79	8.727
20180216	56.49	43.16	0.3578
20180217	14.41	85.59	0.0
20180218	14.26	85.3	0.4399
20180219	50.37	49.39	0.2405
20180220	62.43	37.49	0.08211
20180221	29.74	70.12	0.1408
20180222	6.452	92.97	0.5806
20180223	41.98	57.47	0.5572
20180224	41.98	57.47	0.5572
20180225	65.41	34.59	0.0
20180226	54.75	43.67	1.578
20180227	49.43	50.57	0.0
20180228	51.95	48.05	0.0
20180301	51.82	48.18	0.0
20180302	51.82	48.18	0.0
20180303	51.82	48.18	0.0
20180304	65.41	34.43	0.1525
20180305	35.16	62.14	2.698
20180306	10.43	89.38	0.1823
20180307	58.27	41.73	0.0
20180308	58.05	41.8	0.1469
20180309	69.74	30.26	0.0
20180310	61.45	38.55	0.0
20180311	57.74	42.22	0.04106
20180312	56.96	43.01	0.02933
20180313	33.91	65.4	0.6921
20180314	33.34	65.44	1.226
20180315	45.0	55.0	0.0
20180316	66.91	33.09	0.0
20180317	67.84	32.16	0.0
20180318	59.78	39.94	0.2874
20180319	65.37	34.34	0.2874
20180320	64.02	35.69	0.2874
20180321	57.16	42.19	0.6452
20180322	57.14	42.19	0.6628
20180323	46.6	53.22	0.176
20180324	59.92	40.08	0.0
20180325	59.92	40.08	0.0
20180326	59.41	40.59	0.0
20180327	54.57	45.43	0.0
20180328	36.99	62.86	0.1466
20180329	36.63	63.07	0.2933
20180330	34.01	65.84	0.1552
20180331	nan	nan	nan
20180401	nan	nan	nan
20180402	15.4	83.37	1.23
20180403	0.07893	99.8	0.1214
20180404	1.821	98.06	0.1178
20180405	2.193	97.69	0.1176
20180406	3.081	96.8	0.1176
20180407	3.081	96.08	0.8409
20180408	0.1936	99.51	0.2934
20180409	0.1935	99.33	0.4751
20180410	2.318	97.35	0.3295
20180411	2.349	97.32	0.3339
20180412	1.749	98.1	0.1543
20180413	1.747	98.1	0.1542
20180414	0.4223	99.58	0.0
20180415	0.434	99.57	0.0
20180416	2.657	97.34	0.0
20180417	0.7273	99.27	0.0
20180418	0.1173	99.88	0.0
20180419	0.1173	99.88	0.0
20180420	2.405	97.6	0.0
20180421	9.425	90.57	0.0
20180422	18.19	81.81	0.0
20180423	15.12	82.35	2.534
20180424	15.72	82.51	1.771
20180425	nan	nan	nan
20180426	nan	nan	nan
20180427	nan	nan	nan
20180428	nan	nan	nan
20180429	nan	nan	nan
20180430	nan	nan	nan
20180501	nan	nan	nan
20180502	nan	nan	nan
20180503	nan	nan	nan
20180504	nan	nan	nan
20180505	nan	nan	nan
20180506	nan	nan	nan
20180507	nan	nan	nan
20180508	0.9787	33.89	65.13
20180509	0.4243	31.53	68.04
20180510	0.1632	29.58	70.25
20180511	0.005982	16.31	83.69
20180512	0.005982	16.28	83.72
20180513	0.00603	15.72	84.27
20180514	0.0	4.709	95.29
20180515	0.0	4.353	95.65
20180516	0.0	2.165	97.84
20180517	0.0	1.381	98.62
20180518	0.0	0.7651	99.23
20180519	0.0	0.7651	99.23
20180520	0.0	0.5427	99.46
20180521	0.0	0.5439	99.46
20180522	0.0	0.5495	99.45
20180523	0.0	1.21	98.79
20180524	nan	nan	nan
20180525	0.0	0.4153	99.58
20180526	0.0	0.2575	99.74
20180527	0.005989	0.2575	99.74
20180528	0.005968	0.2566	99.74
20180529	0.005968	0.2566	99.74
20180530	0.005984	0.0	99.99
20180531	0.005954	0.0	99.99
20180601	0.0	0.0	100.0
20180602	0.0	0.0	100.0
20180603	0.0	0.0	100.0
20180604	0.0	0.0	100.0
20180605	0.0	6.932	93.07
20180606	0.0	6.53	93.47
20180607	0.0	6.773	93.23
20180608	nan	nan	nan
20180609	nan	nan	nan
20180610	nan	nan	nan
20180611	nan	nan	nan
20180612	nan	nan	nan
20180613	nan	nan	nan
20180614	nan	nan	nan
20180615	nan	nan	nan
20180616	nan	nan	nan
20180617	0.0	0.0	100.0
20180618	0.0	0.0	100.0
20180619	0.0	0.0	100.0
20180620	0.0	0.8311	99.17
20180621	0.0	0.8311	99.17
20180622	0.0	0.8311	99.17
20180623	0.0	0.8311	99.17
20180624	nan	nan	nan
20180625	nan	nan	nan
20180626	nan	nan	nan
20180627	nan	nan	nan
20180628	nan	nan	nan
20180629	nan	nan	nan
20180630	nan	nan	nan
20180701	0.0	0.0	100.0
20180702	0.0	0.0	100.0
20180703	0.0	0.0	100.0
20180704	0.0	0.0	100.0
20180705	0.0	0.0	100.0
20180706	0.0	0.0	100.0
20180707	0.0	0.0	100.0
20180708	0.0	0.0	100.0
20180709	0.0	0.0	100.0
20180710	0.005898	0.0	99.99
20180711	0.0	0.0	100.0
20180712	0.0	0.0	100.0
20180713	0.0	0.0	100.0
20180714	0.02934	0.0	99.97
20180715	0.08215	0.0	99.92
20180716	0.08215	0.0	99.92
20180717	0.005868	0.0	99.99
20180718	0.0	0.0	100.0
20180719	0.0	0.0	100.0
20180720	0.0	0.0	100.0
20180721	0.0235	0.0	99.98
20180722	0.02937	0.0	99.97
20180723	0.02937	0.0	99.97
20180724	0.02948	0.0	99.97
20180725	0.01803	0.0	99.98
20180726	0.01814	0.0	99.98
20180727	0.01179	0.0	99.99
20180728	0.0	0.0	100.0
20180729	0.0	0.0	100.0
20180730	0.0	0.0	100.0
20180731	0.0	0.0	100.0
20180801	0.0	0.0	100.0
20180802	0.04108	0.0	99.96
20180803	0.04122	0.0	99.96
20180804	0.04124	0.0	99.96
20180805	0.0	0.0	100.0
20180806	0.0	0.0	100.0
20180807	0.01202	0.0	99.99
20180808	0.01205	0.0	99.99
20180809	0.01205	0.0	99.99
20180810	0.03003	0.0	99.97
20180811	0.03003	0.0	99.97
20180812	0.03296	0.0	99.97
20180813	0.03314	0.0	99.97
20180814	0.1015	0.006767	99.89
20180815	nan	nan	nan
20180816	nan	nan	nan
20180817	nan	nan	nan
20180818	nan	nan	nan
20180819	nan	nan	nan
20180820	nan	nan	nan
20180821	0.05754	8.833	91.11
20180822	0.0	0.3007	99.7
20180823	0.0	0.2995	99.7
20180824	0.0	0.2995	99.7
20180825	0.0	0.3037	99.7
20180826	0.04748	0.2968	99.66
20180827	0.1293	0.0	99.87
20180828	0.0235	0.0	99.98
20180829	0.02357	0.0	99.98
20180830	0.02359	0.0	99.98
20180831	0.07069	0.08837	99.84
20180901	0.04707	0.08826	99.86
20180902	0.04709	0.08829	99.86
20180903	0.005911	0.0	99.99
20180904	0.005888	0.0	99.99
20180905	0.005885	0.0	99.99
20180906	0.0	0.0	100.0
20180907	0.005884	0.0	99.99
20180908	0.0	0.0	100.0
20180909	0.0	0.0	100.0
20180910	0.0	0.0	100.0
20180911	0.0	0.0	100.0
20180912	0.04106	0.0	99.96
20180913	0.03519	0.0	99.96
20180914	0.03526	0.0	99.96
20180915	0.03537	0.0	99.96
20180916	0.03651	2.044	97.92
20180917	0.0355	0.1361	99.83
20180918	0.03577	0.1371	99.83
20180919	0.01789	15.7	84.28
20180920	0.0	16.01	83.99
20180921	0.0	13.19	86.81
20180922	0.0	4.138	95.86
20180923	0.0	4.138	95.86
20180924	0.01217	4.27	95.72
20180925	0.01222	4.627	95.36
20180926	0.01239	4.175	95.81
20180927	0.0677	15.67	84.26
20180928	0.05449	14.16	85.78
20180929	nan	nan	nan
20180930	nan	nan	nan
20181001	nan	nan	nan
20181002	nan	nan	nan
20181003	nan	nan	nan
20181004	0.07882	16.2	83.72
20181005	nan	nan	nan
20181006	nan	nan	nan
20181007	nan	nan	nan
20181008	nan	nan	nan
20181009	nan	nan	nan
20181010	nan	nan	nan
20181011	nan	nan	nan
20181012	1.333	26.87	71.8
20181013	0.9867	26.53	72.48
20181014	nan	nan	nan
20181015	0.2397	17.96	81.8
20181016	0.01997	2.556	97.42
20181017	0.0	12.35	87.65
20181018	0.02981	7.513	92.46
20181019	0.0	21.37	78.63
20181020	0.0	21.37	78.63
20181021	0.0	34.26	65.74
20181022	0.0	26.51	73.49
20181023	17.48	18.89	63.63
20181024	16.13	38.0	45.87
20181025	45.94	14.92	39.14
20181026	60.89	16.35	22.76
20181027	31.9	32.26	35.84
20181028	22.44	20.88	56.68
20181029	29.2	21.38	49.41
20181030	92.62	3.894	3.49
20181031	94.18	3.015	2.809
20181101	45.9	38.38	15.72
20181102	45.9	38.38	15.72
20181103	42.34	42.12	15.54
20181104	42.4	42.15	15.45
20181105	40.2	44.59	15.21
20181106	31.1	51.14	17.75
20181107	nan	nan	nan
20181108	nan	nan	nan
20181109	nan	nan	nan
20181110	nan	nan	nan
20181111	nan	nan	nan
20181112	nan	nan	nan
20181113	nan	nan	nan
20181114	nan	nan	nan
20181115	nan	nan	nan
20181116	nan	nan	nan
20181117	nan	nan	nan
20181118	nan	nan	nan
20181119	nan	nan	nan
20181120	nan	nan	nan
20181121	nan	nan	nan
20181122	nan	nan	nan
20181123	nan	nan	nan
20181124	nan	nan	nan
20181125	nan	nan	nan
20181126	nan	nan	nan
20181127	nan	nan	nan
20181128	nan	nan	nan
20181129	nan	nan	nan
20181130	nan	nan	nan
20181201	nan	nan	nan
20181202	nan	nan	nan
20181203	nan	nan	nan
20181204	nan	nan	nan
20181205	nan	nan	nan
20181206	nan	nan	nan
20181207	nan	nan	nan
20181208	nan	nan	nan
20181209	nan	nan	nan
20181210	100.0	0.0	0.0
20181211	100.0	0.0	0.0
20181212	100.0	0.0	0.0
20181213	100.0	0.0	0.0
20181214	100.0	0.0	0.0
20181215	nan	nan	nan
20181216	100.0	0.0	0.0
20181217	100.0	0.0	0.0
20181218	100.0	0.0	0.0
20181219	100.0	0.0	0.0
20181220	100.0	0.0	0.0
20181221	100.0	0.0	0.0
20181222	100.0	0.0	0.0
20181223	100.0	0.0	0.0
20181224	100.0	0.0	0.0
20181225	100.0	0.0	0.0
20181226	100.0	0.0	0.0
20181227	100.0	0.0	0.0
20181228	100.0	0.0	0.0
20181229	100.0	0.0	0.0
20181230	100.0	0.0	0.0
20181231	nan	nan	nan
20190101	100.0	0.0	0.0
20190102	100.0	0.0	0.0
20190103	100.0	0.0	0.0
20190104	100.0	0.0	0.0
20190105	100.0	0.0	0.0
20190106	100.0	0.0	0.0
20190107	100.0	0.0	0.0
20190108	nan	nan	nan
20190109	nan	nan	nan
20190110	nan	nan	nan
20190111	nan	nan	nan
20190112	nan	nan	nan
20190113	nan	nan	nan
20190114	nan	nan	nan
20190115	nan	nan	nan
20190116	nan	nan	nan
20190117	nan	nan	nan
20190118	nan	nan	nan
20190119	nan	nan	nan
20190120	nan	nan	nan
20190121	nan	nan	nan
20190122	nan	nan	nan
20190123	nan	nan	nan
20190124	nan	nan	nan
20190125	nan	nan	nan
20190126	nan	nan	nan
20190127	nan	nan	nan
20190128	nan	nan	nan
20190129	nan	nan	nan
20190130	nan	nan	nan
20190131	nan	nan	nan
20190201	nan	nan	nan
20190202	nan	nan	nan
20190203	nan	nan	nan
20190204	84.87	15.13	0.0
20190205	23.41	74.76	1.835
20190206	54.14	45.56	0.3053
20190207	51.63	45.3	3.074
20190208	86.5	13.34	0.1644
20190209	37.62	60.71	1.661
20190210	82.06	17.71	0.2346
20190211	86.48	13.4	0.1232
20190212	53.71	46.04	0.2463
20190213	48.67	50.4	0.9267
20190214	39.35	59.2	1.455
20190215	11.19	87.98	0.8328
20190216	11.2	87.97	0.8336
20190217	2.812	96.3	0.8864
20190218	6.178	92.93	0.891
20190219	6.187	92.92	0.8949
20190220	41.79	58.21	0.0
20190221	10.63	89.22	0.1475
20190222	10.71	89.14	0.1516
20190223	10.1	89.75	0.1513
20190224	10.93	88.6	0.464
20190225	10.51	88.12	1.367
20190226	17.1	81.56	1.343
20190227	12.19	86.55	1.26
20190228	nan	nan	nan
20190301	nan	nan	nan
20190302	22.73	74.99	2.281
20190303	22.4	75.29	2.301
20190304	24.51	73.2	2.299
20190305	24.47	73.23	2.301
20190306	24.15	73.54	2.312
20190307	5.143	94.39	0.4716
20190308	4.917	94.61	0.4734
20190309	2.681	96.83	0.4881
20190310	0.7643	99.24	0.0
20190311	0.5225	99.48	0.0
20190312	0.326	98.47	1.208
20190313	0.3257	98.47	1.206
20190314	0.3263	97.56	2.115
20190315	0.328	97.55	2.126
20190316	0.328	97.39	2.278
20190317	0.2753	99.13	0.5985
20190318	0.0	99.09	0.9138
20190319	0.0	99.08	0.9231
20190320	0.0	99.08	0.9185
20190321	0.0	98.87	1.131
20190322	0.0	99.7	0.3035
20190323	0.0	99.7	0.3035
20190324	0.0	99.84	0.1597
20190325	0.0	99.83	0.1684
20190326	0.0	99.38	0.6183
20190327	0.0	99.22	0.7754
20190328	0.7625	98.6	0.6407
20190329	0.84	98.45	0.7059
20190330	0.6382	98.52	0.8398
20190331	0.6416	98.28	1.074
20190401	0.7004	98.24	1.061
20190402	nan	nan	nan
20190403	nan	nan	nan
20190404	nan	nan	nan
20190405	7.571	92.43	0.0
20190406	0.07625	99.92	0.0
20190407	0.07625	99.92	0.0
20190408	0.07625	99.92	0.0
20190409	0.07625	99.92	0.0
20190410	0.0	100.0	0.0
20190411	0.0	100.0	0.0
20190412	0.0	100.0	0.0
20190413	0.0	100.0	0.0
20190414	0.0	99.85	0.1482
20190415	2.99	96.86	0.151
20190416	2.651	97.2	0.1527
20190417	nan	nan	nan
20190418	nan	nan	nan
20190419	nan	nan	nan
20190420	nan	nan	nan
20190421	nan	nan	nan
20190422	5.182	94.64	0.176
20190423	8.46	90.74	0.7987
20190424	13.96	85.24	0.7975
20190425	3.993	93.23	2.782
20190426	0.005865	0.0	99.99
20190427	3.408	0.0	96.59
20190428	3.695	67.01	29.3
20190429	10.61	59.52	29.87
20190430	10.79	59.38	29.84
20190501	20.21	50.48	29.31
20190502	20.21	50.48	29.31
20190503	28.17	55.47	16.36
20190504	26.23	61.5	12.28
20190505	nan	nan	nan
20190506	nan	nan	nan
20190507	nan	nan	nan
20190508	nan	nan	nan
20190509	4.545	76.48	18.97
20190510	5.268	76.75	17.99
20190511	5.278	57.73	36.99
20190512	5.381	57.4	37.22
20190513	5.369	57.54	37.09
20190514	5.34	56.76	37.9
20190515	5.664	55.94	38.4
20190516	nan	nan	nan
20190517	2.541	42.25	55.2
20190518	2.05	21.87	76.08
20190519	1.153	20.6	78.24
20190520	0.9013	20.45	78.65
20190521	0.8988	20.11	78.99
20190522	0.3729	18.3	81.33
20190523	0.4121	16.31	83.28
20190524	0.2735	13.06	86.66
20190525	0.2288	11.97	87.81
20190526	nan	nan	nan
20190527	0.2356	7.638	92.13
20190528	0.2358	7.647	92.12
20190529	nan	nan	nan
20190530	nan	nan	nan
20190531	nan	nan	nan
20190601	nan	nan	nan
20190602	nan	nan	nan
20190603	nan	nan	nan
20190604	nan	nan	nan
20190605	nan	nan	nan
20190606	nan	nan	nan
20190607	nan	nan	nan
20190608	nan	nan	nan
20190609	nan	nan	nan
20190610	nan	nan	nan
20190611	nan	nan	nan
20190612	nan	nan	nan
20190613	0.0	0.0	100.0
20190614	0.0	0.0	100.0
20190615	0.005865	0.0	99.99
20190616	0.005865	0.0	99.99
20190617	0.005865	0.0	99.99
20190618	0.005865	0.1056	99.89
20190619	0.005865	0.1056	99.89
20190620	0.005879	0.0	99.99
20190621	0.005889	0.0	99.99
20190622	0.005908	0.0	99.99
20190623	0.006604	13.57	86.42
20190624	nan	nan	nan
20190625	nan	nan	nan
20190626	nan	nan	nan
20190627	nan	nan	nan
20190628	nan	nan	nan
20190629	0.0	7.65	92.35
20190630	0.0	0.0	100.0
20190701	0.0	0.0	100.0
20190702	0.0	0.0	100.0
20190703	0.0	0.0	100.0
20190704	0.0531	0.0	99.95
20190705	0.08851	0.0	99.91
20190706	0.08851	0.0	99.91
20190707	0.0901	0.0	99.91
20190708	0.06505	0.0	99.93
20190709	0.1064	0.0	99.89
20190710	0.1077	0.0	99.89
20190711	0.09489	0.0	99.91
20190712	0.053	0.0	99.95
20190713	0.0	0.0	100.0
20190714	0.05279	0.0	99.95
20190715	0.05289	0.0	99.95
20190716	0.2355	0.0	99.76
20190717	0.2473	0.0	99.75
20190718	0.05879	0.0	99.94
20190719	0.005896	0.0	99.99
20190720	0.0295	0.0	99.97
20190721	0.1296	0.0	99.87
20190722	0.09999	0.0	99.9
20190723	0.03526	0.0	99.96
20190724	0.03526	0.0	99.96
20190725	0.03531	0.0	99.96
20190726	0.0	0.0	100.0
20190727	0.0	0.0	100.0
20190728	0.0	0.0	100.0
20190729	0.0	0.0	100.0
20190730	0.0	0.0	100.0
20190731	0.0	0.0	100.0
20190801	0.02346	0.0	99.98
20190802	0.07625	0.0	99.92
20190803	0.02933	0.0	99.97
20190804	0.0176	0.0	99.98
20190805	0.04692	0.0	99.95
20190806	0.005865	0.0	99.99
20190807	0.05865	0.0	99.94
20190808	0.05868	0.0	99.94
20190809	0.09389	0.0	99.91
20190810	0.1174	0.0	99.88
20190811	0.118	0.0	99.88
20190812	0.006376	0.0	99.99
20190813	0.05081	0.0	99.95
20190814	0.05267	3.364	96.58
20190815	0.05267	3.364	96.58
20190816	0.05267	3.364	96.58
20190817	0.04844	0.1756	99.78
20190818	0.03016	1.17	98.8
20190819	0.04947	1.2	98.75
20190820	0.03667	1.277	98.69
20190821	0.07735	0.0	99.92
20190822	0.0952	0.0	99.9
20190823	0.0952	0.0	99.9
20190824	0.1094	0.0	99.89
20190825	nan	nan	nan
20190826	nan	nan	nan
20190827	nan	nan	nan
20190828	0.03128	0.0	99.97
20190829	0.05579	0.0	99.94
20190830	0.05579	0.0	99.94
20190831	0.105	2.471	97.42
20190901	0.04811	0.0	99.95
20190902	0.1974	0.0	99.8
20190903	0.07635	0.0	99.92
20190904	0.07648	0.1647	99.76
20190905	0.07648	0.1647	99.76
20190906	0.08236	0.1647	99.75
20190907	0.1824	0.1647	99.65
20190908	0.1294	0.0	99.87
20190909	0.05894	0.0	99.94
20190910	0.1086	0.0	99.89
20190911	0.1077	0.0	99.89
20190912	0.1556	0.0	99.84
20190913	0.1554	2.217	97.63
20190914	0.2652	2.839	96.9
20190915	0.273	2.858	96.87
20190916	nan	nan	nan
20190917	nan	nan	nan
20190918	nan	nan	nan
20190919	nan	nan	nan
20190920	nan	nan	nan
20190921	nan	nan	nan
20190922	0.1563	30.31	69.53
20190923	nan	nan	nan
20190924	0.1841	9.534	90.28
20190925	0.1845	9.559	90.26
20190926	0.1985	7.022	92.78
20190927	0.1236	1.03	98.85
20190928	0.1413	0.3472	99.51
20190929	0.1413	0.2944	99.56
20190930	0.1825	0.2944	99.52
20191001	0.2439	0.0	99.76
20191002	0.2131	10.61	89.18
20191003	0.2134	10.62	89.16
20191004	0.1943	42.37	57.43
20191005	0.2285	49.84	49.93
20191006	0.2636	49.92	49.81
20191007	0.2639	44.68	55.06
20191008	0.5732	45.8	53.63
20191009	0.6268	45.48	53.89
20191010	2.257	47.79	49.95
20191011	1.354	40.16	58.49
20191012	5.04	39.93	55.03
20191013	5.512	39.92	54.56
20191014	64.74	17.51	17.75
20191015	47.68	44.86	7.461
20191016	88.22	9.368	2.411
20191017	56.51	9.256	34.23
20191018	52.67	13.02	34.31
20191019	43.34	37.05	19.61
20191020	95.91	2.868	1.226
20191021	97.27	1.724	1.003
20191022	95.95	3.044	1.003
20191023	93.28	4.668	2.055
20191024	89.16	9.416	1.427
20191025	89.85	8.796	1.356
20191026	11.83	69.85	18.32
20191027	29.78	65.61	4.61
20191028	91.77	8.076	0.1584
20191029	85.52	12.44	2.041
20191030	96.72	3.284	0.0
20191031	62.6	36.92	0.4809
20191101	81.77	18.13	0.1056
20191102	91.65	8.346	0.0
20191103	16.25	83.75	0.0
20191104	16.55	83.16	0.2933
20191105	75.27	24.65	0.08798
20191106	86.46	13.54	0.005865
20191107	86.29	13.58	0.1349
20191108	86.33	13.53	0.1349
20191109	95.37	4.628	0.0
20191110	95.65	4.353	0.0
20191111	99.52	0.4835	0.0
20191112	99.72	0.2777	0.0
20191113	99.81	0.1949	0.0
20191114	100.0	0.0	0.0
20191115	100.0	0.0	0.0
20191116	100.0	0.0	0.0
20191117	100.0	0.0	0.0
20191118	100.0	0.0	0.0
20191119	100.0	0.0	0.0
20191120	100.0	0.0	0.0
20191121	100.0	0.0	0.0
20191122	100.0	0.0	0.0
20191123	100.0	0.0	0.0
20191124	100.0	0.0	0.0
20191125	nan	nan	nan
20191126	nan	nan	nan
20191127	nan	nan	nan
20191128	nan	nan	nan
20191129	100.0	0.0	0.0
20191130	100.0	0.0	0.0
20191201	100.0	0.0	0.0
20191202	100.0	0.0	0.0
20191203	100.0	0.0	0.0
20191204	100.0	0.0	0.0
20191205	100.0	0.0	0.0
20191206	100.0	0.0	0.0
20191207	nan	nan	nan
20191208	nan	nan	nan
20191209	nan	nan	nan
20191210	nan	nan	nan
20191211	nan	nan	nan
20191212	nan	nan	nan
20191213	nan	nan	nan
20191214	nan	nan	nan
20191215	nan	nan	nan
20191216	nan	nan	nan
20191217	nan	nan	nan
20191218	nan	nan	nan
20191219	nan	nan	nan
20191220	nan	nan	nan
20191221	nan	nan	nan
20191222	nan	nan	nan
20191223	nan	nan	nan
20191224	nan	nan	nan
20191225	nan	nan	nan
20191226	nan	nan	nan
20191227	nan	nan	nan
20191228	nan	nan	nan
20191229	nan	nan	nan
20191230	nan	nan	nan
20191231	nan	nan	nan
20200101	nan	nan	nan
20200102	nan	nan	nan
20200103	nan	nan	nan
20200104	nan	nan	nan
20200105	nan	nan	nan
20200106	nan	nan	nan
20200107	nan	nan	nan
20200108	nan	nan	nan
20200109	nan	nan	nan
20200110	nan	nan	nan
20200111	nan	nan	nan
20200112	nan	nan	nan
20200113	nan	nan	nan
20200114	nan	nan	nan
20200115	nan	nan	nan
20200116	nan	nan	nan
20200117	nan	nan	nan
20200118	nan	nan	nan
20200119	nan	nan	nan
20200120	nan	nan	nan
20200121	nan	nan	nan
20200122	nan	nan	nan
20200123	nan	nan	nan
20200124	nan	nan	nan
20200125	nan	nan	nan
20200126	nan	nan	nan
20200127	nan	nan	nan
20200128	nan	nan	nan
20200129	nan	nan	nan
20200130	nan	nan	nan
20200131	nan	nan	nan
20200201	nan	nan	nan
20200202	nan	nan	nan
20200203	nan	nan	nan
20200204	nan	nan	nan
20200205	nan	nan	nan
20200206	nan	nan	nan
20200207	nan	nan	nan
20200208	nan	nan	nan
20200209	nan	nan	nan
20200210	nan	nan	nan
20200211	nan	nan	nan
20200212	nan	nan	nan
20200213	0.1636	99.53	0.303
20200214	0.1634	98.57	1.271
20200215	0.4442	98.26	1.296
20200216	0.4442	98.26	1.296
20200217	0.04728	95.76	4.196
20200218	0.0	95.69	4.308
20200219	0.0	99.65	0.3461
20200220	0.0	99.64	0.3624
20200221	0.0	98.82	1.184
20200222	0.0	97.78	2.222
20200223	0.0	95.94	4.057
20200224	0.0	97.85	2.15
20200225	0.0	98.92	1.077
20200226	0.0	98.84	1.159
20200227	0.07082	98.77	1.159
20200228	nan	nan	nan
20200229	nan	nan	nan
20200301	0.06488	99.94	0.0
20200302	0.06906	99.74	0.1865
20200303	0.04078	98.2	1.76
20200304	0.1883	97.78	2.034
20200305	1.479	96.49	2.031
20200306	1.102	96.73	2.173
20200307	0.7392	97.09	2.168
20200308	0.7165	98.38	0.9031
20200309	0.7195	98.37	0.9069
20200310	0.5591	98.83	0.6105
20200311	nan	nan	nan
20200312	nan	nan	nan
20200313	nan	nan	nan
20200314	0.0	99.27	0.7264
20200315	nan	nan	nan
20200316	0.0	99.64	0.363
20200317	0.0	99.64	0.3591
20200318	0.0	99.64	0.3579
20200319	0.0	98.24	1.763
20200320	0.0	97.76	2.244
20200321	0.0	97.51	2.486
20200322	nan	nan	nan
20200323	nan	nan	nan
20200324	nan	nan	nan
20200325	0.434	98.73	0.8408
20200326	nan	nan	nan
20200327	nan	nan	nan
20200328	15.56	84.39	0.05433
20200329	14.82	85.13	0.05382
20200330	13.6	86.02	0.3847
20200331	13.62	86.0	0.386
20200401	9.311	88.71	1.98
20200402	9.311	88.71	1.98
20200403	0.3351	99.52	0.1496
20200404	0.1919	99.6	0.2099
20200405	0.1261	99.72	0.1501
20200406	0.0	99.85	0.1503
20200407	0.0	99.85	0.1503
20200408	0.0	99.85	0.154
20200409	1.803	98.04	0.1533
20200410	2.36	97.49	0.1537
20200411	2.499	97.35	0.1542
20200412	2.699	97.13	0.1666
20200413	2.699	97.13	0.1666
20200414	2.699	97.13	0.1666
20200415	nan	nan	nan
20200416	0.0	100.0	0.0
20200417	0.2714	99.58	0.1475
20200418	0.3009	99.55	0.1475
20200419	2.477	97.38	0.1474
20200420	2.624	97.23	0.1474
20200421	10.27	89.73	0.0
20200422	17.44	82.56	0.0
20200423	21.15	78.85	0.0
20200424	15.22	84.48	0.2995
20200425	19.9	79.81	0.2983
20200426	19.9	79.81	0.2983
20200427	21.84	77.84	0.3237
20200428	nan	nan	nan
20200429	7.101	92.9	0.0
20200430	8.163	91.84	0.0
20200501	8.137	91.86	0.0
20200502	8.126	91.87	0.0
20200503	11.0	89.0	0.0
20200504	25.47	74.53	0.0
20200505	27.44	72.56	0.0
20200506	nan	nan	nan
20200507	nan	nan	nan
20200508	nan	nan	nan
20200509	nan	nan	nan
20200510	15.7	84.3	0.0
20200511	25.69	74.31	0.0
20200512	29.34	70.66	0.0
20200513	10.9	89.1	0.0
20200514	10.39	89.61	0.0
20200515	11.19	88.81	0.0
20200516	19.08	80.92	0.0
20200517	15.99	84.01	0.0
20200518	8.944	91.06	0.0
20200519	7.519	91.89	0.5865
20200520	7.278	92.13	0.5917
20200521	15.53	79.48	4.996
20200522	6.256	90.8	2.946
20200523	9.733	83.07	7.195
20200524	9.713	80.89	9.396
20200525	3.977	83.61	12.42
20200526	3.982	83.6	12.42
20200527	2.745	80.53	16.72
20200528	3.642	79.78	16.57
20200529	4.672	78.68	16.65
20200530	5.203	77.48	17.32
20200531	4.745	77.06	18.2
20200601	nan	nan	nan
20200602	nan	nan	nan
20200603	nan	nan	nan
20200604	nan	nan	nan
20200605	nan	nan	nan
20200606	nan	nan	nan
20200607	1.289	18.02	80.69
20200608	0.9889	13.58	85.43
20200609	0.8837	13.89	85.22
20200610	0.7753	11.9	87.32
20200611	0.7527	11.0	88.25
20200612	0.6366	6.329	93.03
20200613	0.5622	3.941	95.5
20200614	0.08013	2.595	97.32
20200615	0.08122	2.512	97.41
20200616	0.07869	2.234	97.69
20200617	0.05338	1.097	98.85
20200618	0.005911	1.094	98.9
20200619	0.0	0.4792	99.52
20200620	0.0	0.0	100.0
20200621	0.0	0.0	100.0
20200622	0.0	0.0	100.0
20200623	0.0	0.0	100.0
20200624	0.0	0.0	100.0
20200625	0.0	0.0	100.0
20200626	0.04106	0.0	99.96
20200627	0.0	0.0	100.0
20200628	0.005865	0.0	99.99
20200629	0.03519	0.0	99.96
20200630	0.03536	0.0	99.96
20200701	0.03555	0.0	99.96
20200702	0.07703	1.221	98.7
20200703	0.0	0.0	100.0
20200704	0.05312	0.0	99.95
20200705	0.03544	0.0	99.96
20200706	0.07068	0.0	99.93
20200707	0.07068	0.0	99.93
20200708	0.1472	0.0	99.85
20200709	0.03528	0.0	99.96
20200710	0.1005	0.0	99.9
20200711	0.08857	0.7735	99.14
20200712	0.08857	0.7735	99.14
20200713	nan	nan	nan
20200714	0.02525	0.5113	99.46
20200715	0.006093	0.4935	99.5
20200716	0.0	0.4897	99.51
20200717	0.05521	0.4969	99.45
20200718	0.0	0.0	100.0
20200719	0.0	0.0	100.0
20200720	0.0	0.0	100.0
20200721	0.0	0.0	100.0
20200722	0.0	0.0	100.0
20200723	nan	nan	nan
20200724	nan	nan	nan
20200725	nan	nan	nan
20200726	nan	nan	nan
20200727	0.0	0.0	100.0
20200728	0.0	0.0	100.0
20200729	0.06122	0.0	99.94
20200730	0.0	0.0	100.0
20200731	0.0	0.0	100.0
20200801	0.1114	0.0	99.89
20200802	0.1173	0.0	99.88
20200803	0.1173	0.0	99.88
20200804	0.1232	0.0	99.88
20200805	0.09971	0.0	99.9
20200806	0.02937	0.0	99.97
20200807	0.1235	0.0	99.88
20200808	0.08815	0.0	99.91
20200809	0.1058	0.0	99.89
20200810	0.1116	0.0	99.89
20200811	0.07625	0.0	99.92
20200812	0.005865	0.0	99.99
20200813	0.1175	0.0	99.88
20200814	0.1175	0.0	99.88
20200815	0.1121	0.0	99.89
20200816	0.1239	0.0	99.88
20200817	0.1003	0.0	99.9
20200818	0.1086	0.0	99.89
20200819	0.1063	0.0	99.89
20200820	0.1654	0.0	99.83
20200821	0.09416	0.0	99.91
20200822	0.08259	0.0	99.92
20200823	0.08259	0.0	99.92
20200824	0.08259	0.0	99.92
20200825	0.1529	0.0	99.85
20200826	0.1762	0.0	99.82
20200827	0.1617	0.0	99.84
20200828	nan	nan	nan
20200829	nan	nan	nan
20200830	0.05522	0.0	99.94
20200831	0.1518	0.0	99.85
20200901	0.2375	0.0	99.76
20200902	0.2714	0.0	99.73
20200903	0.05346	0.0	99.95
20200904	0.1188	0.0	99.88
20200905	0.1188	0.0	99.88
20200906	0.1613	0.0	99.84
20200907	0.08271	0.0	99.92
20200908	0.1301	0.0	99.87
20200909	0.1478	0.0	99.85
20200910	0.1509	0.0	99.85
20200911	0.1509	0.0	99.85
20200912	0.1811	0.0	99.82
20200913	0.2291	0.0	99.77
20200914	nan	nan	nan
20200915	nan	nan	nan
20200916	nan	nan	nan
20200917	nan	nan	nan
20200918	nan	nan	nan
20200919	nan	nan	nan
20200920	0.181	10.6	89.22
20200921	0.1252	1.934	97.94
20200922	0.08835	1.742	98.17
20200923	0.0824	1.471	98.45
20200924	0.06093	1.334	98.6
20200925	0.06126	0.7964	99.14
20200926	0.1103	0.7964	99.09
20200927	0.4935	14.06	85.45
20200928	0.07109	4.182	95.75
20200929	0.005904	2.002	97.99
20200930	0.1417	2.002	97.86
20201001	0.1059	1.871	98.02
20201002	0.1118	1.276	98.61
20201003	0.1233	0.2994	99.58
20201004	0.06462	11.59	88.35
20201005	0.0	1.24	98.76
20201006	0.08812	4.43	95.48
20201007	0.1234	3.484	96.39
20201008	0.1271	4.708	95.16
20201009	0.1347	5.029	94.84
20201010	0.1064	6.582	93.31
20201011	0.1112	6.718	93.17
20201012	nan	nan	nan
20201013	nan	nan	nan
20201014	nan	nan	nan
20201015	nan	nan	nan
20201016	nan	nan	nan
20201017	nan	nan	nan
20201018	19.08	53.13	27.79
20201019	24.66	57.46	17.88
20201020	20.94	78.03	1.031
20201021	12.22	83.2	4.586
20201022	29.66	67.28	3.06
20201023	29.66	67.28	3.06
20201024	29.67	67.27	3.06
20201025	16.45	79.91	3.644
20201026	16.57	79.82	3.611
20201027	nan	nan	nan
20201028	nan	nan	nan
20201029	nan	nan	nan
20201030	nan	nan	nan
20201031	nan	nan	nan
20201101	nan	nan	nan
20201102	nan	nan	nan
20201103	nan	nan	nan
20201104	nan	nan	nan
20201105	nan	nan	nan
20201106	nan	nan	nan
20201107	nan	nan	nan
20201108	nan	nan	nan
20201109	nan	nan	nan
20201110	nan	nan	nan
20201111	nan	nan	nan
20201112	nan	nan	nan
20201113	nan	nan	nan
20201114	nan	nan	nan
20201115	nan	nan	nan
20201116	nan	nan	nan
20201117	nan	nan	nan
20201118	nan	nan	nan
20201119	nan	nan	nan
20201120	nan	nan	nan
20201121	nan	nan	nan
20201122	nan	nan	nan
20201123	nan	nan	nan
20201124	nan	nan	nan
20201125	nan	nan	nan
20201126	nan	nan	nan
20201127	nan	nan	nan
20201128	nan	nan	nan
20201129	nan	nan	nan
20201130	nan	nan	nan
20201201	nan	nan	nan
20201202	nan	nan	nan
20201203	nan	nan	nan
20201204	nan	nan	nan
20201205	nan	nan	nan
20201206	nan	nan	nan
20201207	nan	nan	nan
20201208	nan	nan	nan
20201209	nan	nan	nan
20201210	nan	nan	nan
20201211	nan	nan	nan
20201212	nan	nan	nan
20201213	nan	nan	nan
20201214	nan	nan	nan
20201215	nan	nan	nan
20201216	nan	nan	nan
20201217	nan	nan	nan
20201218	nan	nan	nan
20201219	nan	nan	nan
20201220	nan	nan	nan
20201221	nan	nan	nan
20201222	nan	nan	nan
20201223	nan	nan	nan
20201224	nan	nan	nan
20201225	nan	nan	nan
20201226	nan	nan	nan
20201227	nan	nan	nan
20201228	nan	nan	nan
20201229	nan	nan	nan
20201230	nan	nan	nan
20201231	nan	nan	nan
20210101	nan	nan	nan
20210102	nan	nan	nan
20210103	nan	nan	nan
20210104	nan	nan	nan
20210105	nan	nan	nan
20210106	nan	nan	nan
20210107	nan	nan	nan
20210108	nan	nan	nan
20210109	nan	nan	nan
20210110	nan	nan	nan
20210111	nan	nan	nan
20210112	nan	nan	nan
20210113	nan	nan	nan
20210114	nan	nan	nan
20210115	nan	nan	nan
20210116	nan	nan	nan
20210117	nan	nan	nan
20210118	nan	nan	nan
20210119	nan	nan	nan
20210120	nan	nan	nan
20210121	nan	nan	nan
20210122	nan	nan	nan
20210123	100.0	0.0	0.0
20210124	100.0	0.0	0.0
20210125	100.0	0.0	0.0
20210126	100.0	0.0	0.0
20210127	100.0	0.0	0.0
20210128	100.0	0.0	0.0
20210129	100.0	0.0	0.0
20210130	100.0	0.0	0.0
20210131	100.0	0.0	0.0
20210201	100.0	0.0	0.0
20210202	100.0	0.0	0.0
20210203	100.0	0.0	0.0
20210204	96.1	3.901	0.0
20210205	96.1	3.902	0.0
20210206	96.08	3.915	0.0
20210207	72.23	25.79	1.984
20210208	72.23	25.79	1.984
20210209	92.08	7.843	0.07352
20210210	92.05	7.877	0.07385
20210211	92.69	7.242	0.06856
20210212	88.55	11.38	0.06838
20210213	86.05	11.38	2.567
20210214	89.62	7.739	2.639
20210215	52.37	44.11	3.52
20210216	83.88	15.9	0.2237
20210217	59.6	40.37	0.02935
20210218	37.6	62.27	0.1291
20210219	68.75	31.25	0.0
20210220	67.59	31.23	1.179
20210221	87.37	11.82	0.8097
20210222	87.37	11.82	0.8097
20210223	50.83	49.06	0.1056
20210224	50.84	49.06	0.1056
20210225	52.93	46.96	0.1099
20210226	50.25	45.99	3.764
20210227	50.21	46.01	3.781
20210228	46.53	49.26	4.207
20210301	28.82	67.5	3.682
20210302	nan	nan	nan
20210303	nan	nan	nan
20210304	nan	nan	nan
20210305	nan	nan	nan
20210306	nan	nan	nan
20210307	nan	nan	nan
20210308	nan	nan	nan
20210309	nan	nan	nan
20210310	nan	nan	nan
20210311	nan	nan	nan
20210312	9.342	89.45	1.21
20210313	7.841	91.02	1.135
20210314	8.233	90.63	1.135
20210315	7.86	89.22	2.915
20210316	7.794	88.96	3.246
20210317	50.18	49.44	0.375
20210318	50.76	48.87	0.3731
20210319	50.88	48.75	0.3739
20210320	50.88	48.75	0.3739
20210321	50.56	48.75	0.6856
20210322	50.72	48.59	0.6877
20210323	50.22	49.18	0.5946
20210324	0.3714	98.89	0.737
20210325	0.03566	99.22	0.743
20210326	0.03566	99.22	0.743
20210327	0.03566	99.22	0.743
20210328	0.03566	99.22	0.743
20210329	0.03566	99.22	0.743
20210330	0.03566	99.22	0.743
20210331	0.595	98.37	1.031
20210401	0.595	98.37	1.031
20210402	nan	nan	nan
20210403	nan	nan	nan
20210404	nan	nan	nan
20210405	nan	nan	nan
20210406	nan	nan	nan
20210407	nan	nan	nan
20210408	nan	nan	nan
20210409	nan	nan	nan
20210410	0.0	100.0	0.0
20210411	0.0	100.0	0.0
20210412	0.0118	99.4	0.5899
20210413	0.0118	99.4	0.5899
20210414	0.0118	99.55	0.4424
20210415	0.0118	99.4	0.5899
20210416	0.0118	99.4	0.5899
20210417	0.0118	99.4	0.5899
20210418	0.3988	99.6	0.0
20210419	0.393	99.46	0.1466
20210420	0.393	98.14	1.466
20210421	0.393	98.14	1.466
20210422	0.393	96.82	2.786
20210423	0.393	96.53	3.079
20210424	9.848	87.07	3.079
20210425	9.848	87.07	3.079
20210426	10.01	86.86	3.13
20210427	nan	nan	nan
20210428	nan	nan	nan
20210429	nan	nan	nan
20210430	nan	nan	nan
20210501	nan	nan	nan
20210502	nan	nan	nan
20210503	nan	nan	nan
20210504	nan	nan	nan
20210505	0.4271	95.81	3.759
20210506	0.1023	95.09	4.812
20210507	0.1023	95.09	4.812
20210508	0.788	94.4	4.812
20210509	0.788	94.4	4.812
20210510	0.7856	89.52	9.691
20210511	8.456	81.85	9.691
20210512	9.071	81.82	9.11
20210513	10.18	81.22	8.601
20210514	14.2	77.2	8.599
20210515	14.2	77.2	8.599
20210516	13.66	70.31	16.03
20210517	nan	nan	nan
20210518	nan	nan	nan
20210519	nan	nan	nan
20210520	nan	nan	nan
20210521	nan	nan	nan
20210522	nan	nan	nan
20210523	nan	nan	nan
20210524	nan	nan	nan
20210525	nan	nan	nan
20210526	nan	nan	nan
20210527	nan	nan	nan
20210528	nan	nan	nan
20210529	nan	nan	nan
20210530	nan	nan	nan
20210531	nan	nan	nan
20210601	0.05858	2.031	97.91
20210602	0.05534	1.156	98.79
20210603	0.05371	0.7997	99.15
20210604	0.0	0.7195	99.28
20210605	0.0	0.3747	99.63
20210606	0.0	0.1296	99.87
20210607	0.0	0.1296	99.87
20210608	0.0	0.1307	99.87
20210609	0.0	0.03566	99.96
20210610	0.0	0.03591	99.96
20210611	0.0	0.0363	99.96
20210612	0.0	0.0365	99.96
20210613	0.0	0.03743	99.96
20210614	0.0	0.03705	99.96
20210615	0.0	0.03775	99.96
20210616	nan	nan	nan
20210617	nan	nan	nan
20210618	nan	nan	nan
20210619	0.0	0.0	100.0
20210620	0.0	0.0	100.0
20210621	0.0	0.0	100.0
20210622	0.0	0.0	100.0
20210623	0.0	0.0	100.0
20210624	0.0	0.0	100.0
20210625	0.0	0.0	100.0
20210626	0.0	0.0	100.0
20210627	0.0	0.0	100.0
20210628	0.0	0.0	100.0
20210629	0.02354	0.0	99.98
20210630	0.02719	0.0	99.97
20210701	nan	nan	nan
20210702	0.0	0.0	100.0
20210703	0.0	0.0	100.0
20210704	0.0	0.0	100.0
20210705	0.0	0.0	100.0
20210706	0.0	0.0	100.0
20210707	0.0	0.0	100.0
20210708	0.0	0.0	100.0
20210709	0.01762	0.0	99.98
20210710	0.0235	0.0	99.98
20210711	0.02351	0.0	99.98
20210712	0.02387	0.0	99.98
20210713	0.03043	0.0	99.97
20210714	0.0	0.0	100.0
20210715	0.02351	0.0	99.98
20210716	0.02352	0.0	99.98
20210717	0.02385	0.0	99.98
20210718	0.01178	0.0	99.99
20210719	0.01178	0.0	99.99
20210720	0.01178	0.0	99.99
20210721	0.0352	0.0	99.96
20210722	0.07077	0.0	99.93
20210723	0.07784	0.0	99.92
20210724	nan	nan	nan
20210725	nan	nan	nan
20210726	nan	nan	nan
20210727	0.01224	0.0	99.99
20210728	0.006016	0.0	99.99
20210729	0.0361	0.0	99.96
20210730	0.04211	0.0	99.96
20210731	0.04211	0.0	99.96
20210801	nan	nan	nan
20210802	nan	nan	nan
20210803	0.04352	0.0	99.96
20210804	0.02764	0.0	99.97
20210805	0.0275	0.0	99.97
20210806	0.01284	0.0	99.99
20210807	0.01252	0.0	99.99
20210808	0.01175	0.0	99.99
20210809	0.0	0.0	100.0
20210810	0.0	0.0	100.0
20210811	0.0	6.132	93.87
20210812	0.0	6.133	93.87
20210813	0.0	6.113	93.89
20210814	0.04157	1.158	98.8
20210815	nan	nan	nan
20210816	nan	nan	nan
20210817	0.01273	0.1146	99.87
20210818	0.01277	0.0	99.99
20210819	0.01277	0.0	99.99
20210820	0.01286	0.0	99.99
20210821	nan	nan	nan
20210822	nan	nan	nan
20210823	nan	nan	nan
20210824	nan	nan	nan
20210825	nan	nan	nan
20210826	0.0177	0.0	99.98
20210827	0.0176	0.0	99.98
20210828	0.09401	0.0	99.91
20210829	0.09401	0.0	99.91
20210830	0.09401	0.0	99.91
20210831	0.09401	0.0	99.91
20210901	0.1116	0.6052	99.28
20210902	0.03559	17.54	82.43
20210903	nan	nan	nan
20210904	nan	nan	nan
20210905	nan	nan	nan
20210906	nan	nan	nan
20210907	nan	nan	nan
20210908	nan	nan	nan
20210909	nan	nan	nan
20210910	nan	nan	nan
20210911	0.1152	0.2425	99.64
20210912	0.04217	0.1084	99.85
20210913	0.1205	0.1084	99.77
20210914	0.05409	14.69	85.25
20210915	0.1141	2.413	97.47
20210916	0.1081	6.675	93.22
20210917	0.1081	6.675	93.22
20210918	0.04811	2.219	97.73
20210919	0.1084	1.868	98.02
20210920	0.07229	1.139	98.79
20210921	0.07834	1.151	98.77
20210922	0.07834	5.942	93.98
20210923	0.08461	6.346	93.57
20210924	0.08461	6.346	93.57
20210925	0.1149	6.348	93.54
20210926	0.116	6.412	93.47
20210927	nan	nan	nan
20210928	nan	nan	nan
20210929	nan	nan	nan
20210930	nan	nan	nan
20211001	nan	nan	nan
20211002	nan	nan	nan
20211003	nan	nan	nan
20211004	nan	nan	nan
20211005	nan	nan	nan
20211006	0.007319	0.5562	99.44
20211007	nan	nan	nan
20211008	nan	nan	nan
20211009	nan	nan	nan
20211010	nan	nan	nan
20211011	nan	nan	nan
20211012	nan	nan	nan
20211013	nan	nan	nan
20211014	nan	nan	nan
20211015	nan	nan	nan
20211016	nan	nan	nan
20211017	nan	nan	nan
20211018	nan	nan	nan
20211019	38.94	53.8	7.258
20211020	41.0	54.59	4.407
20211021	42.17	53.56	4.273
20211022	42.75	53.03	4.221
20211023	28.22	69.95	1.834
20211024	28.22	69.95	1.834
20211025	33.34	65.57	1.097
20211026	28.49	71.33	0.1809
20211027	28.83	70.99	0.1811
20211028	19.83	77.05	3.124
20211029	8.47	84.75	6.782
20211030	7.099	85.72	7.18
20211031	0.626	84.92	14.45
20211101	1.415	83.99	14.59
20211102	1.473	84.06	14.47
20211103	1.383	84.13	14.49
20211104	1.456	83.49	15.05
20211105	nan	nan	nan
20211106	nan	nan	nan
20211107	nan	nan	nan
20211108	nan	nan	nan
20211109	nan	nan	nan
20211110	nan	nan	nan
20211111	nan	nan	nan
20211112	nan	nan	nan
20211113	nan	nan	nan
20211114	nan	nan	nan
20211115	nan	nan	nan
20211116	nan	nan	nan
20211117	nan	nan	nan
20211118	nan	nan	nan
20211119	nan	nan	nan
20211120	nan	nan	nan
20211121	nan	nan	nan
20211122	nan	nan	nan
20211123	nan	nan	nan
20211124	nan	nan	nan
20211125	nan	nan	nan
20211126	nan	nan	nan
20211127	nan	nan	nan
20211128	nan	nan	nan
20211129	nan	nan	nan
20211130	nan	nan	nan
20211201	nan	nan	nan
20211202	nan	nan	nan
20211203	nan	nan	nan
20211204	nan	nan	nan
20211205	nan	nan	nan
20211206	nan	nan	nan
20211207	nan	nan	nan
20211208	nan	nan	nan
20211209	nan	nan	nan
20211210	nan	nan	nan
20211211	nan	nan	nan
20211212	nan	nan	nan
20211213	nan	nan	nan
20211214	nan	nan	nan
20211215	nan	nan	nan
20211216	nan	nan	nan
20211217	nan	nan	nan
20211218	nan	nan	nan
20211219	nan	nan	nan
20211220	nan	nan	nan
20211221	nan	nan	nan
20211222	nan	nan	nan
20211223	nan	nan	nan
20211224	nan	nan	nan
20211225	nan	nan	nan
20211226	nan	nan	nan
20211227	nan	nan	nan
20211228	nan	nan	nan
20211229	nan	nan	nan
20211230	nan	nan	nan
20211231	nan	nan	nan
20220101	nan	nan	nan
20220102	nan	nan	nan
20220103	nan	nan	nan
20220104	nan	nan	nan
20220105	nan	nan	nan
20220106	nan	nan	nan
20220107	nan	nan	nan
20220108	nan	nan	nan
20220109	nan	nan	nan
20220110	nan	nan	nan
20220111	nan	nan	nan
20220112	nan	nan	nan
20220113	nan	nan	nan
20220114	nan	nan	nan
20220115	nan	nan	nan
20220116	nan	nan	nan
20220117	nan	nan	nan
20220118	nan	nan	nan
20220119	nan	nan	nan
20220120	nan	nan	nan
20220121	nan	nan	nan
20220122	nan	nan	nan
20220123	nan	nan	nan
20220124	nan	nan	nan
20220125	nan	nan	nan
20220126	nan	nan	nan
20220127	nan	nan	nan
20220128	nan	nan	nan
20220129	nan	nan	nan
20220130	nan	nan	nan
20220131	nan	nan	nan
20220201	nan	nan	nan
20220202	nan	nan	nan
20220203	nan	nan	nan
20220204	nan	nan	nan
20220205	nan	nan	nan
20220206	nan	nan	nan
20220207	nan	nan	nan
20220208	nan	nan	nan
20220209	nan	nan	nan
20220210	nan	nan	nan
20220211	0.0	96.01	3.988
20220212	0.0	94.29	5.708
20220213	nan	nan	nan
20220214	nan	nan	nan
20220215	0.0	90.91	9.088
20220216	0.0	90.91	9.088
20220217	0.6125	90.4	8.99
20220218	nan	nan	nan
20220219	nan	nan	nan
20220220	nan	nan	nan
20220221	nan	nan	nan
20220222	0.0	100.0	0.0
20220223	0.0	99.7	0.2951
20220224	0.0	100.0	0.0
20220225	0.0	100.0	0.0
20220226	0.0	100.0	0.0
20220227	0.0	98.97	1.027
20220228	0.0	98.24	1.765
20220301	1.058	97.23	1.717
20220302	1.128	97.04	1.831
20220303	1.141	96.58	2.282
20220304	1.141	96.58	2.282
20220305	1.141	96.58	2.282
20220306	0.0	99.4	0.5971
20220307	0.0	99.4	0.6001
20220308	0.0	99.7	0.2979
20220309	0.0	99.7	0.3006
20220310	0.0	99.7	0.301
20220311	0.0	99.7	0.301
20220312	0.0	99.7	0.3015
20220313	1.013	98.68	0.3053
20220314	1.047	98.95	0.0
20220315	1.052	98.95	0.0
20220316	0.0	100.0	0.0
20220317	0.0	100.0	0.0
20220318	0.0	100.0	0.0
20220319	0.0	100.0	0.0
20220320	0.7038	99.3	0.0
20220321	2.716	97.28	0.0
20220322	2.716	96.8	0.4868
20220323	2.924	96.55	0.5243
20220324	2.924	96.24	0.8401
20220325	10.03	89.15	0.8146
20220326	6.794	91.77	1.432
20220327	7.488	90.93	1.578
20220328	3.584	96.42	0.0
20220329	3.584	96.42	0.0
20220330	3.59	96.41	0.0
20220331	3.591	95.79	0.617
20220401	3.585	95.8	0.6171
20220402	3.589	94.85	1.565
20220403	3.593	94.69	1.714
20220404	nan	nan	nan
20220405	nan	nan	nan
20220406	nan	nan	nan
20220407	nan	nan	nan
20220408	nan	nan	nan
20220409	nan	nan	nan
20220410	nan	nan	nan
20220411	nan	nan	nan
20220412	nan	nan	nan
20220413	nan	nan	nan
20220414	nan	nan	nan
20220415	nan	nan	nan
20220416	nan	nan	nan
20220417	nan	nan	nan
20220418	nan	nan	nan
20220419	nan	nan	nan
20220420	nan	nan	nan
20220421	nan	nan	nan
20220422	nan	nan	nan
20220423	4.032	94.37	1.597
20220424	4.032	94.37	1.597
20220425	4.032	94.37	1.597
20220426	53.8	45.19	1.005
20220427	53.8	45.19	1.005
20220428	53.8	45.19	1.005
20220429	53.8	45.19	1.005
20220430	nan	nan	nan
20220501	39.37	59.94	0.6928
20220502	39.38	59.93	0.6929
20220503	nan	nan	nan
20220504	nan	nan	nan
20220505	nan	nan	nan
20220506	nan	nan	nan
20220507	nan	nan	nan
20220508	nan	nan	nan
20220509	nan	nan	nan
20220510	nan	nan	nan
20220511	nan	nan	nan
20220512	nan	nan	nan
20220513	nan	nan	nan
20220514	nan	nan	nan
20220515	nan	nan	nan
20220516	nan	nan	nan
20220517	nan	nan	nan
20220518	nan	nan	nan
20220519	0.8765	75.05	24.07
20220520	1.803	67.98	30.22
20220521	1.803	67.98	30.22
20220522	1.777	62.52	35.71
20220523	1.598	51.29	47.11
20220524	2.18	50.76	47.06
20220525	0.1249	42.51	57.37
20220526	0.1258	42.07	57.81
20220527	0.09227	40.97	58.94
20220528	0.09227	40.81	59.09
20220529	0.0941	39.73	60.17
20220530	0.0	20.47	79.53
20220531	0.0	18.87	81.13
20220601	0.0	10.59	89.41
20220602	0.0	8.664	91.34
20220603	0.0	8.664	91.34
20220604	0.0	8.62	91.38
20220605	0.6553	7.343	92.0
20220606	0.2287	4.624	95.15
20220607	0.237	1.287	98.48
20220608	0.2227	1.037	98.74
20220609	0.2271	0.5514	99.22
20220610	0.1961	1.86	97.94
20220611	0.1961	1.86	97.94
20220612	0.0958	1.744	98.16
20220613	nan	nan	nan
20220614	0.0	1.063	98.94
20220615	0.0	1.064	98.94
20220616	0.0	1.07	98.93
20220617	nan	nan	nan
20220618	nan	nan	nan
20220619	nan	nan	nan
20220620	nan	nan	nan
20220621	nan	nan	nan
20220622	nan	nan	nan
20220623	nan	nan	nan
20220624	nan	nan	nan
20220625	0.0	0.0	100.0
20220626	0.0	0.0	100.0
20220627	0.0	0.0	100.0
20220628	0.0	0.0	100.0
20220629	0.0944	0.0	99.91
20220630	0.0	0.0	100.0
20220701	0.0	0.0	100.0
20220702	0.01178	0.0	99.99
20220703	0.01178	0.0	99.99
20220704	0.005871	0.0411	99.95
20220705	0.005865	0.0	99.99
20220706	0.0176	0.0	99.98
20220707	0.02933	0.0	99.97
20220708	0.02933	0.0	99.97
20220709	0.02422	0.0	99.98
20220710	0.02422	0.0	99.98
20220711	0.0286	0.0	99.97
20220712	0.005983	0.0	99.99
20220713	0.005983	0.0	99.99
20220714	0.0	1.158	98.84
20220715	0.0	1.158	98.84
20220716	0.0	1.158	98.84
20220717	0.0	1.164	98.84
20220718	0.0	1.164	98.84
20220719	nan	nan	nan
20220720	nan	nan	nan
20220721	nan	nan	nan
20220722	nan	nan	nan
20220723	nan	nan	nan
20220724	nan	nan	nan
20220725	nan	nan	nan
20220726	nan	nan	nan
20220727	nan	nan	nan
20220728	nan	nan	nan
20220729	0.121	0.0	99.88
20220730	0.0	0.0	100.0
20220731	0.005929	0.0	99.99
20220801	0.0	0.0	100.0
20220802	0.0	0.0	100.0
20220803	0.0	0.0	100.0
20220804	0.6001	0.0	99.4
20220805	0.527	0.0	99.47
20220806	0.0	0.0	100.0
20220807	0.0	0.0	100.0
20220808	0.0	0.0	100.0
20220809	0.03	0.0	99.97
20220810	0.03	0.0	99.97
20220811	0.03009	0.0	99.97
20220812	0.03027	0.0	99.97
20220813	nan	nan	nan
20220814	nan	nan	nan
20220815	nan	nan	nan
20220816	nan	nan	nan
20220817	nan	nan	nan
20220818	nan	nan	nan
20220819	nan	nan	nan
20220820	nan	nan	nan
20220821	nan	nan	nan
20220822	0.07321	1.603	98.32
20220823	0.04399	1.605	98.35
